1024 3968 438 31315 129.118 0
1024 7936 447 34704 118.708 0
1024 11904 346 28852 78.7605 0
1024 15872 328 26345 85.9456 0
1024 19840 24 2109 5.6247 0
1024 23808 18 1637 4.2494 0
196 24536 1 255 0.479926 0
196 25264 1 208 0.44945 0
196 25992 9 1622 4.23272 0
196 26720 1 216 0.40165 0
196 27448 2 433 1.09684 0
196 28176 2 475 0.770898 0
400 29696 38 5573 11.4528 0
400 31216 64 7891 24.5003 0
400 32736 2 466 1.00573 0
400 34256 2 408 0.783088 0
400 35776 20 2543 7.37951 0
400 37296 4 613 1.54821 0
576 39504 181 18326 64.8622 0
576 41712 77 8631 23.3996 0
576 43920 110 13173 31.2106 0
576 46128 79 9631 21.8998 0
576 48336 7 1018 2.47727 0
576 50544 63 7731 18.5891 0
784 53568 92 9685 22.1158 0
784 56592 31 2815 10.0146 0
784 59616 352 31493 107.061 0
784 62640 67 7227 17.2783 0
784 65664 53 5392 13.2878 0
784 68688 7 833 2.08332 0
1089 72912 1648 127198 389.662 0
1089 77136 17 1559 4.02869 0
1089 81360 16 1381 4.20513 0
1089 85584 16 1430 3.81471 0
1089 89808 73 6487 14.6766 0
1089 94032 362 25954 98.9617 0
1225 98792 21 1776 4.19262 0
1225 103552 1000 73737 220.406 0
1225 108312 1484 106162 350.479 0
1225 113072 368 29279 74.4608 0
1225 117832 89 5906 24.2873 0
1225 122592 148 11241 29.5597 0
1296 127632 349 21870 90.2951 0
1296 132672 158 12786 31.0444 0
1296 137712 381 27385 82.8572 0
1296 142752 108 9166 19.3119 0
1296 147792 17 1316 4.03735 0
1296 152832 1601 106207 366.012 0
1369 158160 212 15922 35.784 0
1369 163488 354 22388 82.0138 0
1369 168816 328 23553 60.4855 0
1369 174144 860 51738 206.225 0
1369 179472 388 28737 66.5237 0
1369 184800 19 1460 4.33377 0
1521 190728 1310 80071 298.073 0
1521 196656 632 40918 108.502 0
1521 202584 999 60246 205.783 0
1521 208512 212 15937 39.3921 0
1521 214440 22 1559 4.45728 0
1521 220368 2745 163663 563.174 0
1600 226608 1331 69040 339.417 0
1600 232848 41 2764 7.81484 0
1600 239088 2007 111554 445.742 0
1600 245328 2359 119254 630.121 0
1600 251568 8418 436241 2084.01 0
1600 257808 38 2571 7.43918 0
1681 264368 258 15234 53.3485 0
1681 270928 887 48451 183.196 0
1681 277488 503 27528 110.452 0
1681 284048 2654 158586 466.383 0
1681 290608 465 24649 111.088 0
1681 297168 97 6970 13.2394 0
1764 304056 975 56962 179.187 0
1764 310944 7056 367464 1484.36 0
1764 317832 1244 72501 199.924 0
1764 324720 2682 148732 507.009 0
1764 331608 823 49453 127.313 0
1764 338496 189 9892 39.7133 0
1936 346064 50 2974 8.4324 0
1936 353632 731 40930 107.356 0
1936 361200 132 6862 25.0575 0
1936 368768 4968 258764 872.922 0
1936 376336 246 14794 37.8693 0
1936 383904 6747 333494 1356.68 0
2025 391824 8254 388518 1693.08 0
2025 399744 901 44673 173.858 0
2025 407664 46 2544 8.63194 0
2025 415584 13086 586648 3011.55 0
2025 423504 1989 92372 424.415 0
2025 431424 4241 200949 833.306 0
2116 439704 72 3909 11.2824 0
2116 447984 3927 177710 798.229 0
2116 456264 2303 104874 426.58 0
2116 464544 4073 191479 793.934 0
2116 472824 11566 511047 2256.75 0
2116 481104 1543 67899 330.882 0
2209 489752 14876 612990 3200.41 0
2209 498400 605 24126 132.278 0
2209 507048 259 10924 57.5382 0
2209 515696 510 26086 75.2063 0
2209 524344 134 6254 24.5417 0
2209 532992 235 12631 35.4084 0
2304 542016 658 27286 131.581 0
2304 551040 1362 55145 291.367 0
2304 560064 2947 122291 600.368 0
2304 569088 2477 117575 358.583 0
2304 578112 1588 73916 228.859 0
2304 587136 235 11163 40.3048 0
2401 596544 1478 67418 228.613 0
2401 605952 2019 90531 312.819 0
2401 615360 9585 392599 1790.11 0
2401 624768 11082 471618 1898.22 0
2401 634176 61 2995 10.6065 0
2401 643584 17912 705281 3685.65 0
2500 653384 14814 584859 2893.9 0
2500 663184 468 23655 50.4997 0
2500 672984 2852 127932 336.877 0
2500 682784 1352 65946 184.759 0
2500 692584 106 5150 15.3182 0
2500 702384 3093 135088 438.016 0
2601 712584 445 20729 52.8018 0
2601 722784 656 27915 94.2593 0
2601 732984 16624 656260 2783.59 0
2601 743184 1602 64118 251.437 0
2601 753384 5137 198123 894.747 0
2601 763584 1675 75656 240.83 0
2704 774192 33190 1184814 6017.23 0
2704 784800 300 12875 44.4121 0
2704 795408 826 36142 103.3 0
2704 806016 5644 214200 959.176 0
2704 816624 357 15523 44.287 0
2704 827232 5084 206512 770.872 0
