1024 5196 14 1162 4.83936 0
1024 10392 13 1096 4.52241 0
1024 15588 16 1318 5.42869 0
1024 20784 16 1239 5.64812 0
1024 25980 16 1352 4.96608 0
1024 31176 13 1060 5.05495 0
196 32138 1 244 0.627818 0
196 33100 1 228 0.492759 0
196 34062 1 230 0.468057 0
196 35024 1 196 0.469981 0
196 35986 1 197 0.465811 0
196 36948 1 198 0.424106 0
400 38948 2 403 1.15619 0
400 40948 4 538 1.55431 0
400 42948 3 487 1.37851 0
400 44948 3 407 1.38973 0
400 46948 3 421 1.26269 0
400 48948 2 427 1.13662 0
576 51846 5 618 2.05316 0
576 54744 4 578 1.64317 0
576 57642 5 577 1.97039 0
576 60540 6 692 2.3329 0
576 63438 5 593 2.22768 0
576 66336 5 598 1.92708 0
784 70300 10 941 3.82465 0
784 74264 12 1165 4.78451 0
784 78228 11 1037 3.97832 0
784 82192 14 1364 4.9818 0
784 86156 9 791 3.68671 0
784 90120 8 895 3.04574 0
1089 95664 15 1109 5.32988 0
1089 101208 17 1295 6.10847 0
1089 106752 17 1234 6.08409 0
1089 112296 14 1128 4.87914 0
1089 117840 16 1318 5.7944 0
1089 123384 16 1269 4.87979 0
1225 129584 18 1249 6.19124 0
1225 135784 23 1478 8.64477 0
1225 141984 18 1456 5.05847 0
1225 148184 21 1416 7.84821 0
1225 154384 32 2088 10.44 0
1225 160584 20 1465 6.55311 0
1296 167184 20 1417 6.71191 0
1296 173784 20 1310 7.3455 0
1296 180384 19 1301 6.79275 0
1296 186984 32 1885 11.3415 0
1296 193584 21 1416 6.75586 0
1296 200184 21 1449 7.21558 0
1369 207192 22 1481 7.58996 0
1369 214200 23 1453 8.68551 0
1369 221208 29 1764 9.92767 0
1369 228216 22 1473 7.29578 0
1369 235224 24 1498 8.85811 0
1369 242232 23 1663 7.52163 0
1521 249960 27 1598 9.17185 0
1521 257688 25 1541 8.34642 0
1521 265416 27 1725 8.90623 0
1521 273144 29 1711 9.9296 0
1521 280872 28 1587 10.5946 0
1521 288600 31 1714 11.585 0
1600 296760 31 1645 11.4377 0
1600 304920 32 1610 12.838 0
1600 313080 41 2084 14.6281 0
1600 321240 38 2043 13.1409 0
1600 329400 38 2146 11.6674 0
1600 337560 31 1759 10.8295 0
1681 346160 33 1695 12.584 0
1681 354760 45 2101 17.1086 0
1681 363360 34 1785 12.0938 0
1681 371960 34 2066 10.277 0
1681 380560 34 1883 11.4948 0
1681 389160 35 2039 10.209 0
1764 398208 44 2467 14.2425 0
1764 407256 46 2425 14.7728 0
1764 416304 42 2300 12.4457 0
1764 425352 38 2045 12.4502 0
1764 434400 42 2000 16.1953 0
1764 443448 34 1793 11.4538 0
1936 453296 45 2346 12.9708 0
1936 463144 48 2336 15.8854 0
1936 472992 48 2240 16.2841 0
1936 482840 51 2473 14.5944 0
1936 492688 50 2564 15.1289 0
1936 502536 60 2949 18.3152 0
2025 512856 77 3255 26.1444 0
2025 523176 70 2805 26.1525 0
2025 533496 44 2145 13.2766 0
2025 543816 50 2108 18.438 0
2025 554136 46 2124 15.6329 0
2025 564456 44 2162 13.5043 0
2116 575256 55 2243 20.743 0
2116 586056 49 2231 15.7708 0
2116 596856 52 2571 15.1664 0
2116 607656 77 3106 25.8233 0
2116 618456 55 2646 15.3933 0
2116 629256 57 2411 18.9074 0
2209 640544 56 2490 17.9257 0
2209 651832 72 2909 23.2023 0
2209 663120 59 2382 20.5361 0
2209 674408 69 2791 23.1487 0
2209 685696 73 3258 21.9688 0
2209 696984 58 2426 18.8256 0
2304 708768 77 2924 25.7701 0
2304 720552 65 2633 21.929 0
2304 732336 61 2366 21.4305 0
2304 744120 105 3610 39.0681 0
2304 755904 60 2409 20.931 0
2304 767688 92 3089 36.5196 0
2401 779976 85 3581 25.9183 0
2401 792264 80 2877 28.5004 0
2401 804552 66 2594 22.4638 0
2401 816840 65 2527 22.083 0
2401 829128 92 3300 30.9536 0
2401 841416 63 2428 21.846 0
2500 854216 104 3803 29.7968 0
2500 867016 81 3271 23.4519 0
2500 879816 82 2902 29.39 0
2500 892616 78 3180 23.5648 0
2500 905416 112 4043 37.5068 0
2500 918216 69 2597 23.8038 0
2601 931536 75 2783 24.5186 0
2601 944856 79 2907 24.774 0
2601 958176 83 2813 30.722 0
2601 971496 89 3137 29.4635 0
2601 984816 74 2633 25.6899 0
2601 998136 108 3956 30.6206 0
2704 1011984 84 2948 27.4678 0
2704 1025832 84 2936 27.9846 0
2704 1039680 86 3190 26.633 0
2704 1053528 151 4415 58.2235 0
2704 1067376 80 2768 27.7311 0
2704 1081224 107 3888 33.1672 0
