1024 4376 36 3214 9.30146 0
1024 8752 12 1093 3.53849 0
1024 13128 17 1719 4.67511 0
1024 17504 12 1141 3.45926 0
1024 21880 37 2622 11.6995 0
1024 26256 26 2564 5.69495 0
196 27062 1 245 0.449129 0
196 27868 1 218 0.389138 0
196 28674 1 274 0.479926 0
196 29480 1 204 0.381118 0
196 30286 1 205 0.427635 0
196 31092 1 203 0.394271 0
400 32772 3 472 1.14881 0
400 34452 2 433 0.989688 0
400 36132 2 421 1.05866 0
400 37812 6 1059 1.99606 0
400 39492 2 445 0.808432 0
400 41172 3 520 1.07919 0
576 43610 10 1287 3.21929 0
576 46048 7 897 2.18854 0
576 48486 7 971 2.3791 0
576 50924 5 617 1.71343 0
576 53362 6 732 2.2357 0
576 55800 11 1490 3.06915 0
784 59136 13 1579 3.55165 0
784 62472 9 902 2.85004 0
784 65808 17 1945 4.78739 0
784 69144 11 1268 3.22763 0
784 72480 16 1712 4.51439 0
784 75816 9 983 2.80513 0
1089 80480 17 1474 5.61187 0
1089 85144 16 1388 4.49867 0
1089 89808 33 2725 8.74967 0
1089 94472 19 1455 6.03052 0
1089 99136 22 1678 6.43153 0
1089 103800 24 2149 6.17296 0
1225 109040 32 2292 9.30274 0
1225 114280 26 2051 7.49789 0
1225 119520 26 1970 7.48409 0
1225 124760 36 3180 7.50847 0
1225 130000 47 3428 12.5971 0
1225 135240 20 1608 5.15985 0
1296 140800 19 1653 4.28373 0
1296 146360 32 2518 7.62621 0
1296 151920 18 1353 5.19161 0
1296 157480 22 1846 5.67571 0
1296 163040 31 2151 9.72781 0
1296 168600 23 1878 5.79761 0
1369 174488 26 2039 6.64133 0
1369 180376 38 3135 8.29092 0
1369 186264 18 1380 5.13354 0
1369 192152 25 1702 8.09587 0
1369 198040 33 1987 10.414 0
1369 203928 47 3861 9.7461 0
1521 210456 22 1611 5.31865 0
1521 216984 37 2171 10.8622 0
1521 223512 40 2695 9.72877 0
1521 230040 23 1762 5.25128 0
1521 236568 36 2149 10.7153 0
1521 243096 32 2091 8.98739 0
1600 249976 48 3344 9.48111 0
1600 256856 65 4369 12.9638 0
1600 263736 57 3141 16.3634 0
1600 270616 70 4922 12.2769 0
1600 277496 31 2057 8.3246 0
1600 284376 93 6126 19.2965 0
1681 291616 81 4927 18.3796 0
1681 298856 56 3019 16.6547 0
1681 306096 63 3173 19.3607 0
1681 313336 29 1860 7.13153 0
1681 320576 38 2327 9.58473 0
1681 327816 54 2804 14.8922 0
1764 335424 47 2817 12.1756 0
1764 343032 62 2952 20.6708 0
1764 350640 46 2541 12.4245 0
1764 358248 73 4073 17.6357 0
1764 365856 72 4654 12.3084 0
1764 373464 38 2256 9.23987 0
1936 381792 87 5025 12.7829 0
1936 390120 168 7984 41.5749 0
1936 398448 41 2445 9.22639 0
1936 406776 108 6775 16.3611 0
1936 415104 82 3961 23.4561 0
1936 423432 91 4568 21.9124 0
2025 432152 109 5957 21.1235 0
2025 440872 74 3312 22.8324 0
2025 449592 545 17534 194.486 0
2025 458312 51 2719 11.7399 0
2025 467032 70 3689 14.6127 0
2025 475752 65 3313 16.8702 0
2116 484872 113 4446 37.6043 0
2116 493992 118 6514 19.5551 0
2116 503112 139 6825 32.5885 0
2116 512232 87 3635 27.4145 0
2116 521352 116 4942 32.4499 0
2116 530472 60 2928 15.3355 0
2209 540000 151 5162 52.978 0
2209 549528 148 5269 52.9783 0
2209 559056 125 6678 26.5082 0
2209 568584 139 7969 21.8703 0
2209 578112 227 7925 67.1223 0
2209 587640 61 2738 16.7576 0
2304 597584 63 3102 12.5676 0
2304 607528 62 2848 15.7295 0
2304 617472 81 4248 15.998 0
2304 627416 122 6010 25.0421 0
2304 637360 70 3104 19.923 0
2304 647304 102 5415 16.3063 0
2401 657672 150 5142 46.5285 0
2401 668040 149 5586 42.5482 0
2401 678408 276 10356 65.8298 0
2401 688776 183 5701 64.9748 0
2401 699144 62 2780 16.125 0
2401 709512 131 7026 17.9366 0
2500 720312 323 10668 86.321 0
2500 731112 80 3301 19.8698 0
2500 741912 81 3265 21.7802 0
2500 752712 241 9844 56.3586 0
2500 763512 176 6025 48.4293 0
2500 774312 152 6842 22.025 0
2601 785552 60 2716 13.4646 0
2601 796792 96 4094 21.3169 0
2601 808032 112 5340 19.1541 0
2601 819272 108 4152 28.4433 0
2601 830512 337 9889 115.76 0
2601 841752 77 3366 17.209 0
2704 853440 157 5492 42.5409 0
2704 865128 161 6756 29.9213 0
2704 876816 108 4675 21.0462 0
2704 888504 208 8549 38.4448 0
2704 900192 132 5755 28.9573 0
2704 911880 324 10949 83.7099 0
