1024 4786 11 1031 3.49005 0
1024 9572 12 1149 3.71879 0
1024 14358 14 1305 3.97864 0
1024 19144 12 1187 3.51091 0
1024 23930 18 1454 5.27149 0
1024 28716 18 1652 4.70976 0
196 29600 1 265 0.597341 0
196 30484 1 224 0.452658 0
196 31368 1 200 0.402933 0
196 32252 1 237 0.507836 0
196 33136 1 267 0.467415 0
196 34020 2 408 1.09812 0
400 35860 3 492 1.43785 0
400 37700 2 412 1.0978 0
400 39540 2 410 0.848854 0
400 41380 4 654 1.52608 0
400 43220 4 598 1.41379 0
400 45060 3 486 1.10037 0
576 47728 5 677 1.63707 0
576 50396 7 912 2.13817 0
576 53064 4 581 1.48341 0
576 55732 4 586 1.36631 0
576 58400 4 581 1.67653 0
576 61068 6 944 2.00504 0
784 64718 10 1013 3.46728 0
784 68368 11 1183 3.33318 0
784 72018 7 791 2.35889 0
784 75668 7 816 2.07305 0
784 79318 10 1150 3.03515 0
784 82968 8 1042 2.37461 0
1089 88072 15 1305 4.08579 0
1089 93176 19 1570 6.4466 0
1089 98280 14 1233 4.42873 0
1089 103384 14 1231 4.26384 0
1089 108488 13 1119 3.6851 0
1089 113592 12 1090 3.62383 0
1225 119312 30 1915 10.6835 0
1225 125032 18 1402 5.3055 0
1225 130752 15 1233 4.02131 0
1225 136472 34 2548 10.021 0
1225 142192 22 1886 5.69431 0
1225 147912 25 1868 7.07538 0
1296 153992 17 1414 4.51182 0
1296 160072 19 1562 5.49894 0
1296 166152 26 2133 5.92273 0
1296 172232 17 1348 4.84065 0
1296 178312 19 1501 4.87369 0
1296 184392 20 1465 6.39367 0
1369 190840 21 1637 5.11782 0
1369 197288 20 1453 5.35747 0
1369 203736 20 1446 5.6186 0
1369 210184 39 2239 14.0805 0
1369 216632 35 2220 11.8907 0
1369 223080 21 1544 5.86915 0
1521 230208 28 1873 7.88382 0
1521 237336 23 1556 6.67117 0
1521 244464 28 1954 7.47832 0
1521 251592 34 2061 9.69766 0
1521 258720 22 1720 5.35522 0
1521 265848 28 2082 6.87616 0
1600 273368 32 1947 9.70343 0
1600 280888 34 2469 8.56425 0
1600 288408 27 1841 7.50334 0
1600 295928 25 1740 6.5653 0
1600 303448 39 2367 12.6824 0
1600 310968 24 1607 6.74207 0
1681 318888 55 3644 13.3074 0
1681 326808 30 1853 8.21906 0
1681 334728 49 3355 10.3361 0
1681 342648 41 2668 8.99445 0
1681 350568 43 2226 14.4937 0
1681 358488 30 1982 7.97172 0
1764 366816 56 3238 14.3506 0
1764 375144 31 1864 9.18372 0
1764 383472 29 1847 7.5845 0
1764 391800 35 2002 9.99601 0
1764 400128 30 1819 8.39133 0
1764 408456 32 1940 8.60756 0
1936 417544 31 1955 7.08052 0
1936 426632 37 2156 9.32327 0
1936 435720 54 3284 11.1907 0
1936 444808 85 4172 24.3839 0
1936 453896 56 2782 16.7445 0
1936 462984 58 2931 16.9379 0
2025 472504 40 2185 10.5324 0
2025 482024 43 2316 11.0332 0
2025 491544 36 2059 8.49912 0
2025 501064 41 2301 9.44133 0
2025 510584 144 6016 43.9826 0
2025 520104 45 2498 10.8131 0
2116 530064 64 2779 20.4809 0
2116 540024 102 4596 29.6008 0
2116 549984 64 3835 12.3498 0
2116 559944 46 2433 10.6498 0
2116 569904 39 2144 9.00086 0
2116 579864 53 2830 12.5852 0
2209 590272 56 2642 16.1356 0
2209 600680 67 3057 16.1946 0
2209 611088 230 8274 74.6183 0
2209 621496 65 3167 13.7296 0
2209 631904 51 2755 11.4133 0
2209 642312 54 2913 11.2824 0
2304 653176 51 2570 11.4659 0
2304 664040 75 3132 22.5771 0
2304 674904 46 2421 10.0454 0
2304 685768 75 3384 19.455 0
2304 696632 54 2757 10.9 0
2304 707496 83 3286 26.8996 0
2401 718824 75 3399 18.5923 0
2401 730152 57 2940 12.9631 0
2401 741480 64 3024 14.451 0
2401 752808 63 2831 16.3881 0
2401 764136 63 2680 18.0572 0
2401 775464 61 2972 13.2856 0
2500 787264 51 2519 10.6922 0
2500 799064 122 4577 34.172 0
2500 810864 74 3404 16.278 0
2500 822664 141 4377 52.0168 0
2500 834464 94 3495 27.8357 0
2500 846264 124 4266 38.8586 0
2601 858544 56 2692 11.1641 0
2601 870824 86 4252 16.4554 0
2601 883104 65 2842 16.2437 0
2601 895384 71 3096 16.4426 0
2601 907664 275 7101 103.723 0
2601 919944 72 3237 16.6303 0
2704 932712 217 6244 76.2015 0
2704 945480 163 5997 40.1239 0
2704 958248 130 4635 32.0216 0
2704 971016 66 2751 16.8042 0
2704 983784 123 4035 40.4527 0
2704 996552 67 2784 16.6284 0
