1000 5400 31 2479 9.74834 0
1000 10800 18 1534 5.23428 0
1000 16200 27 2178 7.54665 0
1000 21600 24 1963 7.47126 0
1000 27000 14 1232 4.28854 0
1000 32400 38 3238 10.2013 0
216 33480 2 315 0.862969 0
216 34560 1 264 0.674656 0
216 35640 1 221 0.498212 0
216 36720 6 981 2.9758 0
216 37800 1 218 0.529972 0
216 38880 1 286 0.749725 0
343 40644 2 429 1.09427 0
343 42408 2 350 1.18217 0
343 44172 14 1676 6.64711 0
343 45936 2 371 1.10839 0
343 47700 3 544 1.3939 0
343 49464 3 478 1.28451 0
512 52152 4 545 1.71503 0
512 54840 10 1265 3.48652 0
512 57528 12 1306 5.19129 0
512 60216 4 554 1.8379 0
512 62904 12 1353 4.57662 0
512 65592 4 541 1.70059 0
729 69480 38 3260 14.9021 0
729 73368 33 2947 12.0983 0
729 77256 10 956 3.70114 0
729 81144 11 1164 3.60939 0
729 85032 13 1261 4.51054 0
729 88920 13 1337 3.8362 0
1000 94320 12 1031 3.89395 0
1000 99720 22 1721 6.22589 0
1000 105120 47 3890 12.5987 0
1000 110520 393 27611 126.705 0
1000 115920 16 1320 4.69436 0
1000 121320 15 1202 4.69276 0
1000 126720 12 1031 3.9225 0
1000 132120 21 1721 6.01159 0
1000 137520 47 3890 12.4053 0
1000 142920 394 27611 126.704 0
1000 148320 15 1320 4.4698 0
1000 153720 15 1202 4.65394 0
1000 159120 12 1031 4.04633 0
1000 164520 21 1721 6.13093 0
1000 169920 47 3890 12.4293 0
1000 175320 394 27611 126.812 0
1000 180720 16 1320 4.61191 0
1000 186120 15 1202 4.54326 0
1331 193380 58 3990 15.4253 0
1331 200640 64 4360 16.3576 0
1331 207900 56 3904 13.1669 0
1331 215160 24 1623 6.25316 0
1331 222420 94 6419 21.1915 0
1331 229680 335 20740 84.7997 0
1331 236940 59 3990 15.6999 0
1331 244200 65 4360 16.5764 0
1331 251460 55 3904 12.8967 0
1331 258720 24 1623 6.45623 0
1331 265980 95 6419 21.2226 0
1331 273240 336 20740 85.3454 0
1331 280500 58 3990 15.6162 0
1331 287760 64 4360 16.1632 0
1331 295020 56 3904 13.1495 0
1331 302280 23 1623 6.35614 0
1331 309540 94 6419 20.9971 0
1331 316800 335 20740 85.2376 0
1331 324060 59 3990 15.7404 0
1331 331320 64 4360 16.2832 0
1331 338580 265 14817 82.599 0
1331 345840 24 1623 6.539 0
1331 353100 95 6419 21.3628 0
1331 360360 335 20740 85.1991 0
1728 369864 32 1799 8.00893 0
1728 379368 37 2059 9.57479 0
1728 388872 31 1767 7.81613 0
1728 398376 82 4871 19.302 0
1728 407880 86 4460 23.0387 0
1728 417384 236 12889 48.9448 0
1728 426888 32 1799 7.99995 0
1728 436392 220 12089 50.5825 0
1728 445896 31 1767 7.76993 0
1728 455400 82 4871 19.2362 0
1728 464904 88 4460 23.9982 0
1728 474408 234 12889 48.3725 0
1728 483912 31 1799 7.95311 0
1728 493416 219 12089 50.3047 0
1728 502920 32 1767 7.98808 0
1728 512424 81 4871 19.0556 0
1728 521928 87 4460 23.3903 0
1728 531432 236 12889 48.7048 0
1728 540936 44 2471 10.4971 0
1728 550440 221 12089 50.6807 0
1728 559944 31 1767 7.77218 0
1728 569448 82 4871 19.2397 0
1728 578952 88 4460 23.3534 0
1728 588456 141 7858 28.8565 0
2197 600624 117 5412 23.9784 0
2197 612792 89 4123 20.3568 0
2197 624960 257 11328 62.7526 0
2197 637128 52 2459 12.2959 0
2197 649296 7866 302864 2317.79 0
2197 661464 842 36611 206.177 0
2197 673632 115 5412 23.3675 0
2197 685800 90 4123 20.5868 0
2197 697968 258 11328 63.203 0
2197 710136 101 4808 20.7369 0
2197 722304 7857 302864 2313.33 0
2197 734472 844 36611 206.967 0
2197 746640 116 5412 23.6762 0
2197 758808 89 4123 20.2663 0
2197 770976 2121 84083 572.286 0
2197 783144 101 4808 20.3933 0
2197 795312 7859 302864 2317.57 0
2197 807480 842 36611 206.081 0
2197 819648 115 5412 23.3146 0
2197 831816 53 2435 13.1312 0
2197 843984 2127 84083 576.19 0
2197 856152 101 4808 20.8425 0
2197 868320 7857 302864 2315.56 0
2197 880488 841 36611 205.977 0
2197 892656 103 4816 21.2191 0
2197 904824 53 2435 13.1037 0
2197 916992 2119 84083 571.293 0
2197 929160 101 4808 20.6971 0
2197 941328 7870 302864 2321.36 0
2197 953496 100 5038 22.8459 0
2197 965664 103 4816 21.4241 0
2197 977832 53 2435 13.4081 0
2197 990000 2121 84083 572.54 0
2197 1002168 102 4808 20.7575 0
2197 1014336 198 10398 33.6529 0
2197 1026504 101 5038 23.2395 0
