1000 6200 15 1012 6.78987 0
1000 12400 18 1192 8.36214 0
1000 18600 18 1007 9.12405 0
1000 24800 19 1120 8.84399 0
1000 31000 19 1022 9.44775 0
1000 37200 13 1019 5.19899 0
216 38452 1 234 0.68043 0
216 39704 1 223 0.715398 0
216 40956 1 244 0.667919 0
216 42208 1 239 0.645462 0
216 43460 1 228 0.597662 0
216 44712 1 260 0.752291 0
343 46750 2 345 1.33905 0
343 48788 2 343 1.35701 0
343 50826 2 343 1.32044 0
343 52864 3 372 1.30793 0
343 54902 3 406 1.24633 0
343 56940 2 352 1.01567 0
512 60036 4 515 1.57323 0
512 63132 5 542 2.43877 0
512 66228 5 549 2.33387 0
512 69324 6 800 2.17539 0
512 72420 4 513 1.69354 0
512 75516 6 753 2.75124 0
729 79986 11 765 5.43638 0
729 84456 9 838 4.05467 0
729 88926 9 759 4.09285 0
729 93396 11 733 5.9099 0
729 97866 13 952 6.13606 0
729 102336 10 810 4.63822 0
1000 108616 20 1013 10.5253 0
1000 114896 20 1329 8.52447 0
1000 121176 19 1039 9.08716 0
1000 127456 19 1099 9.09582 0
1000 133736 21 1105 10.8789 0
1000 140016 21 1053 10.6501 0
1000 146376 21 1215 9.62612 0
1000 152736 21 1424 9.18276 0
1000 159096 20 1052 10.261 0
1000 165456 17 1045 7.89697 0
1000 171816 19 1144 8.63803 0
1000 178176 22 1101 11.1775 0
1000 184616 21 1101 10.3608 0
1000 191056 21 1002 11.2414 0
1000 197496 23 1111 12.0556 0
1000 203936 24 1007 13.1701 0
1000 210376 21 1005 11.1769 0
1000 216816 23 1006 12.472 0
1331 225196 29 1378 13.301 0
1331 233576 30 1351 14.4956 0
1331 241956 43 2310 18.2751 0
1331 250336 34 1744 15.2152 0
1331 258716 42 2228 17.6944 0
1331 267096 34 1501 17.0724 0
1331 275556 31 1365 15.6444 0
1331 284016 36 1595 17.3986 0
1331 292476 39 2178 14.9701 0
1331 300936 30 1415 14.6252 0
1331 309396 34 1635 15.9191 0
1331 317856 28 1342 13.4825 0
1331 326396 34 1537 15.8385 0
1331 334936 43 2099 18.7986 0
1331 343476 31 1336 15.2402 0
1331 352016 34 1490 16.6527 0
1331 360556 35 1448 17.7637 0
1331 369096 33 1409 17.0935 0
1331 377716 32 1494 15.1369 0
1331 386336 37 1344 20.0276 0
1331 394956 31 1426 14.656 0
1331 403576 35 1499 17.6764 0
1331 412196 35 1611 16.9938 0
1331 420816 35 1448 18.31 0
1728 431760 66 2818 27.4578 0
1728 442704 54 1734 27.8287 0
1728 453648 50 1839 23.7714 0
1728 464592 58 1914 29.1084 0
1728 475536 57 2255 25.8406 0
1728 486480 51 1923 24.3944 0
1728 497504 58 2039 27.7238 0
1728 508528 55 1979 27.4164 0
1728 519552 46 1736 21.9313 0
1728 530576 57 1903 28.9207 0
1728 541600 46 1902 20.3789 0
1728 552624 50 1825 24.3296 0
1728 563728 48 1857 22.0885 0
1728 574832 54 2100 25.3581 0
1728 585936 63 2077 31.3986 0
1728 597040 53 1752 27.4739 0
1728 608144 56 1766 29.1305 0
1728 619248 58 2131 26.831 0
1728 630432 49 1742 23.4503 0
1728 641616 52 1746 26.4495 0
1728 652800 54 1790 27.2185 0
1728 663984 48 1914 21.1543 0
1728 675168 57 1919 28.7465 0
1728 686352 60 1869 30.9873 0
2197 700280 107 3595 44.8568 0
2197 714208 109 3486 46.2057 0
2197 728136 78 2233 37.9748 0
2197 742064 80 2591 36.4715 0
2197 755992 77 2282 37.0602 0
2197 769920 73 2357 32.7787 0
2197 783928 87 2531 42.0574 0
2197 797936 81 2310 39.4983 0
2197 811944 69 2213 30.8526 0
2197 825952 77 2440 34.3969 0
2197 839960 84 2351 40.3786 0
2197 853968 70 2214 31.9238 0
2197 868056 95 2361 49.989 0
2197 882144 104 3122 48.6788 0
2197 896232 97 2770 45.1747 0
2197 910320 88 2850 38.4409 0
2197 924408 84 2331 41.2262 0
2197 938496 106 3123 49.0901 0
2197 952664 89 2461 44.8661 0
2197 966832 105 2917 49.8966 0
2197 981000 72 2204 33.5968 0
2197 995168 86 2358 42.5591 0
2197 1009336 75 2222 35.2775 0
2197 1023504 78 2200 38.6684 0
2197 1037752 85 2349 42.8373 0
2197 1052000 81 2204 40.7508 0
2197 1066248 103 3306 45.065 0
2197 1080496 87 2328 43.6159 0
2197 1094744 93 2525 45.7139 0
2197 1108992 91 2239 48.5534 0
2197 1123320 95 2511 48.6538 0
2197 1137648 96 2394 49.6291 0
2197 1151976 79 2232 37.9536 0
2197 1166304 104 3201 48.4533 0
2197 1180632 91 2655 43.4106 0
2197 1194960 86 2240 44.3964 0
