1000 6600 21 1010 11.5548 0
1000 13200 20 1005 10.2857 0
1000 19800 20 1037 10.7643 0
1000 26400 21 1040 11.4541 0
1000 33000 23 1262 10.9623 0
1000 39600 21 1018 11.0082 0
216 40938 1 223 0.660861 0
216 42276 1 220 0.79175 0
216 43614 1 222 0.7879 0
216 44952 1 222 0.873556 0
216 46290 1 221 0.678826 0
216 47628 1 218 0.744271 0
343 49802 3 347 1.86164 0
343 51976 3 347 1.861 0
343 54150 3 346 1.80293 0
343 56324 3 376 1.66723 0
343 58498 3 390 1.96975 0
343 60672 3 355 1.72081 0
512 63974 5 519 2.65211 0
512 67276 7 588 3.71173 0
512 70578 5 545 2.71691 0
512 73880 6 521 3.11086 0
512 77182 6 531 3.56576 0
512 80484 6 584 3.31136 0
729 85246 11 766 6.112 0
729 90008 11 737 6.10142 0
729 94770 10 745 5.2978 0
729 99532 11 766 5.76649 0
729 104294 12 870 6.08313 0
729 109056 12 765 6.74143 0
1000 115776 22 1065 11.6097 0
1000 122496 23 1032 12.6115 0
1000 129216 22 1047 11.8522 0
1000 135936 22 1028 12.2365 0
1000 142656 24 1111 12.7864 0
1000 149376 22 1056 11.523 0
1000 156216 24 1019 13.3189 0
1000 163056 22 1061 11.7168 0
1000 169896 23 1000 12.9609 0
1000 176736 25 1133 14.0109 0
1000 183576 23 1054 12.7511 0
1000 190416 21 1164 10.2004 0
1000 197376 23 1010 12.4928 0
1000 204336 25 1040 13.8803 0
1000 211296 25 1071 13.7093 0
1000 218256 24 1015 13.6545 0
1000 225216 23 1080 11.9292 0
1000 232176 24 1057 13.6468 0
1331 241116 39 1512 20.4902 0
1331 250056 34 1331 18.0033 0
1331 258996 37 1461 19.0354 0
1331 267936 39 1565 20.5284 0
1331 276876 40 1647 20.1896 0
1331 285816 37 1384 19.574 0
1331 294876 42 1346 24.0839 0
1331 303936 41 1474 22.0801 0
1331 312996 37 1502 19.0639 0
1331 322056 40 1363 21.956 0
1331 331116 40 1338 22.202 0
1331 340176 38 1427 19.933 0
1331 349356 39 1621 19.8865 0
1331 358536 40 1537 21.1229 0
1331 367716 39 1334 21.6249 0
1331 376896 43 1643 22.1228 0
1331 386076 40 1411 22.4789 0
1331 395256 37 1377 20.1765 0
1331 404556 39 1375 21.5373 0
1331 413856 40 1510 21.1825 0
1331 423156 39 1435 20.6609 0
1331 432456 42 1567 22.3365 0
1331 441756 42 1599 22.2046 0
1331 451056 40 1422 21.8982 0
1728 462720 60 1910 31.1195 0
1728 474384 64 2086 32.302 0
1728 486048 61 1732 33.4588 0
1728 497712 59 1782 31.2712 0
1728 509376 68 2066 35.4369 0
1728 521040 63 1734 34.3199 0
1728 532824 58 1739 31.27 0
1728 544608 68 1966 36.2296 0
1728 556392 67 1950 35.8187 0
1728 568176 72 2298 37.1603 0
1728 579960 62 2026 31.3688 0
1728 591744 62 1894 32.439 0
1728 603648 66 1999 34.7356 0
1728 615552 70 1959 38.1808 0
1728 627456 64 2236 31.7627 0
1728 639360 65 1999 34.1062 0
1728 651264 63 1736 34.4139 0
1728 663168 64 1743 35.0388 0
1728 675192 65 1797 35.4664 0
1728 687216 65 1803 35.7853 0
1728 699240 64 1797 35.2047 0
1728 711264 66 1821 36.4943 0
1728 723288 63 2065 32.0559 0
1728 735312 67 1836 36.9152 0
2197 750120 98 2389 51.9328 0
2197 764928 102 2384 54.8682 0
2197 779736 101 2330 55.2342 0
2197 794544 111 2738 57.9569 0
2197 809352 99 2794 49.0831 0
2197 824160 108 2677 56.1071 0
2197 839088 93 2199 49.8177 0
2197 854016 146 3500 72.5703 0
2197 868944 106 2379 57.6531 0
2197 883872 95 2317 50.144 0
2197 898800 99 2256 54.2089 0
2197 913728 105 3024 51.0637 0
2197 928776 95 2210 51.6559 0
2197 943824 100 2200 54.9618 0
2197 958872 109 2774 55.99 0
2197 973920 110 2551 59.3209 0
2197 988968 101 2536 52.3643 0
2197 1004016 99 2470 51.3284 0
2197 1019184 106 2217 59.6353 0
2197 1034352 105 2878 52.789 0
2197 1049520 103 2299 56.2399 0
2197 1064688 102 2489 54.0273 0
2197 1079856 101 2306 54.7883 0
2197 1095024 105 2229 58.9738 0
2197 1110312 110 2895 55.9034 0
2197 1125600 98 2258 53.0595 0
2197 1140888 108 2520 58.1683 0
2197 1156176 108 2310 60.6106 0
2197 1171464 102 2316 55.7135 0
2197 1186752 107 2406 59.0284 0
2197 1202160 114 2644 60.2766 0
2197 1217568 107 2356 59.4278 0
2197 1232976 102 2285 56.1774 0
2197 1248384 109 2397 59.3376 0
2197 1263792 111 2549 60.1393 0
2197 1279200 119 2649 63.7548 0
