1000 5800 14 1116 4.93721 0
1000 11600 37 3235 11.2401 0
1000 17400 13 1042 5.01837 0
1000 23200 31 2288 11.5112 0
1000 29000 13 1016 4.6302 0
1000 34800 14 1008 5.75013 0
216 35966 1 272 0.615307 0
216 37132 1 240 0.602795 0
216 38298 1 299 0.734005 0
216 39464 1 230 0.534784 0
216 40630 1 274 0.628139 0
216 41796 1 223 0.52516 0
343 43696 2 381 1.05962 0
343 45596 2 356 0.914619 0
343 47496 2 352 0.967231 0
343 49396 4 533 1.48533 0
343 51296 2 349 0.936113 0
343 53196 2 371 1.12186 0
512 56088 5 722 1.68295 0
512 58980 4 555 1.74551 0
512 61872 5 644 2.06311 0
512 64764 8 1090 2.9681 0
512 67656 5 617 2.11059 0
512 70548 4 539 1.60949 0
729 74726 10 1057 3.88785 0
729 78904 13 1244 4.81883 0
729 83082 8 883 2.71274 0
729 87260 8 793 3.47401 0
729 91438 8 918 2.92864 0
729 95616 9 932 3.47818 0
1000 101456 11 1020 3.88015 0
1000 107296 14 1136 4.86407 0
1000 113136 12 1065 4.0598 0
1000 118976 12 1016 4.30618 0
1000 124816 12 1028 4.59683 0
1000 130656 16 1375 4.40467 0
1000 136536 17 1171 7.29546 0
1000 142416 13 1004 4.93561 0
1000 148296 13 1130 4.05756 0
1000 154176 13 1092 4.66228 0
1000 160056 20 1347 7.93033 0
1000 165936 17 1364 6.30481 0
1000 171856 21 1369 8.62616 0
1000 177776 17 1515 5.506 0
1000 183696 15 1171 5.56952 0
1000 189616 12 1072 3.66361 0
1000 195536 11 1012 3.33992 0
1000 201456 24 1702 8.79234 0
1331 209276 22 1352 8.81608 0
1331 217096 24 1455 9.03455 0
1331 224916 23 1416 8.7455 0
1331 232736 21 1541 6.23327 0
1331 240556 37 1951 14.9971 0
1331 248376 37 2322 11.1817 0
1331 256236 22 1377 8.15714 0
1331 264096 27 1780 8.95852 0
1331 271956 39 2365 13.5807 0
1331 279816 32 1797 12.5025 0
1331 287676 22 1405 8.25403 0
1331 295536 24 1538 8.28098 0
1331 303436 28 1439 11.8313 0
1331 311336 69 3705 24.8003 0
1331 319236 20 1346 7.21044 0
1331 327136 20 1600 5.74243 0
1331 335036 44 3069 13.1896 0
1331 342936 30 1468 13.8559 0
1331 350876 22 1397 8.79844 0
1331 358816 19 1360 5.99748 0
1331 366756 24 1368 10.1599 0
1331 374696 30 1882 10.8041 0
1331 382636 23 1575 7.38272 0
1331 390576 31 1530 14.1594 0
1728 400800 39 2487 8.74069 0
1728 411024 31 2001 7.41576 0
1728 421248 54 2964 17.0627 0
1728 431472 74 3216 26.9192 0
1728 441696 44 2075 16.7201 0
1728 451920 49 2581 14.9069 0
1728 462184 29 1733 7.88318 0
1728 472448 44 2470 13.1383 0
1728 482712 33 1943 9.75316 0
1728 492976 42 2201 13.0164 0
1728 503240 33 1999 9.3236 0
1728 513504 40 1823 16.169 0
1728 523808 39 1733 16.4911 0
1728 534112 38 2376 9.25077 0
1728 544416 60 2331 25.8108 0
1728 554720 34 1809 11.5356 0
1728 565024 53 2616 18.3424 0
1728 575328 43 2358 14.1206 0
1728 585672 64 4031 16.0888 0
1728 596016 33 1913 9.62387 0
1728 606360 49 2097 20.8268 0
1728 616704 37 2027 12.8493 0
1728 627048 36 1906 12.7492 0
1728 637392 65 3834 17.3287 0
2197 650440 59 2247 22.7603 0
2197 663488 52 2366 16.2331 0
2197 676536 115 5737 23.5619 0
2197 689584 68 3598 15.1453 0
2197 702632 66 2392 26.7841 0
2197 715680 147 5743 43.1847 0
2197 728768 91 3512 30.5648 0
2197 741856 46 2264 12.3539 0
2197 754944 68 2262 29.6592 0
2197 768032 76 2294 36.3865 0
2197 781120 73 2459 32.1705 0
2197 794208 111 6033 27.5229 0
2197 807336 61 2667 20.154 0
2197 820464 62 3242 13.5262 0
2197 833592 60 2545 20.5156 0
2197 846720 64 3064 17.951 0
2197 859848 58 2924 15.3621 0
2197 872976 63 2770 19.9846 0
2197 886144 58 2271 21.8569 0
2197 899312 62 2500 23.0066 0
2197 912480 75 2683 30.0329 0
2197 925648 89 4566 22.3657 0
2197 938816 57 2559 17.5786 0
2197 951984 65 2312 26.4601 0
2197 965192 59 2304 22.0266 0
2197 978400 65 2774 22.8215 0
2197 991608 82 3419 27.7703 0
2197 1004816 101 3574 36.6322 0
2197 1018024 56 2227 21.3073 0
2197 1031232 100 4102 33.8223 0
2197 1044480 72 2842 26.9025 0
2197 1057728 54 2476 16.5488 0
2197 1070976 66 2318 27.3693 0
2197 1084224 64 2635 21.4376 0
2197 1097472 64 2615 23.1795 0
2197 1110720 63 2685 22.168 0
