1296 7200 36 2538 8.70701 0
1296 14400 20 1483 4.92374 0
1296 21600 30 2177 6.41035 0
1296 28800 22 1616 5.19065 0
1296 36000 30 1972 6.76837 0
1296 43200 22 1704 4.95068 0
256 44544 1 282 0.679789 0
256 45888 2 261 0.835059 0
256 47232 1 265 0.748441 0
256 48576 1 281 0.665032 0
256 49920 1 276 0.64065 0
256 51264 1 297 0.724702 0
625 54664 7 778 2.19913 0
625 58064 6 676 2.09294 0
625 61464 6 748 2.02204 0
625 64864 6 673 1.94409 0
625 68264 5 677 1.83533 0
625 71664 6 771 2.04546 0
625 74664 6 766 1.85683 0
625 77664 6 747 1.75641 0
625 80664 5 739 1.639 0
625 83664 7 797 2.14234 0
625 86664 5 675 1.61109 0
625 89664 7 852 2.20811 0
625 92664 7 766 2.14684 0
625 95664 6 747 1.85202 0
625 98664 5 739 1.62873 0
625 101664 6 797 1.94312 0
625 104664 5 675 1.54276 0
625 107664 7 852 2.08556 0
1296 114144 19 1505 3.94111 0
1296 120624 20 1607 4.23946 0
1296 127104 19 1442 4.05371 0
1296 133584 29 2169 6.24065 0
1296 140064 18 1403 3.92282 0
1296 146544 26 1926 5.48868 0
1296 153024 19 1505 3.94464 0
1296 159504 20 1607 4.12332 0
1296 165984 18 1442 3.95298 0
1296 172464 29 2169 6.22653 0
1296 178944 18 1403 3.87053 0
1296 185424 26 1926 5.49862 0
1296 191904 40 3024 8.83822 0
1296 198384 20 1607 4.2571 0
1296 204864 18 1442 3.92475 0
1296 211344 29 2169 6.32598 0
1296 217824 18 1403 3.95362 0
1296 224304 26 1926 5.49605 0
1296 230784 41 3024 8.92804 0
1296 237264 20 1607 4.30073 0
1296 243744 19 1442 3.95041 0
1296 250224 30 2169 6.58231 0
1296 256704 18 1403 3.98538 0
1296 263184 26 1926 5.51177 0
1296 269664 41 3024 8.91296 0
1296 276144 21 1607 4.234 0
1296 282624 18 1442 3.93469 0
1296 289104 29 2169 6.16782 0
1296 295584 18 1403 3.93405 0
1296 302064 31 2338 6.19477 0
1296 308544 41 3024 9.00536 0
1296 315024 20 1607 4.15188 0
1296 321504 19 1442 4.10889 0
1296 327984 29 2169 6.13799 0
1296 334464 18 1403 3.82497 0
1296 340944 32 2338 6.31539 0
1296 347424 40 3024 8.76539 0
1296 353904 21 1607 4.28212 0
1296 360384 19 1442 4.05018 0
1296 366864 29 2014 6.25412 0
1296 373344 18 1403 3.94303 0
1296 379824 31 2338 6.16814 0
1296 386304 40 3024 8.82442 0
1296 392784 20 1607 4.16695 0
1296 399264 19 1442 4.01938 0
1296 405744 29 2014 6.33143 0
1296 412224 18 1403 3.89395 0
1296 418704 31 2338 6.33272 0
1296 425184 40 3024 8.80196 0
1296 431664 40 2611 8.36727 0
1296 438144 18 1442 3.87085 0
1296 444624 29 2014 6.36769 0
1296 451104 18 1403 3.85738 0
1296 457584 32 2338 6.39848 0
1296 464064 40 3024 8.76122 0
1296 470544 40 2611 8.24184 0
1296 477024 18 1442 3.86764 0
1296 483504 29 2014 6.28075 0
1296 489984 18 1403 3.94528 0
1296 496464 31 2338 6.33689 0
1296 502944 42 3024 9.25623 0
1296 509424 39 2611 8.17639 0
1296 515904 19 1442 4.01682 0
1296 522384 30 2014 6.66379 0
1296 528864 18 1403 3.97319 0
1296 535344 32 2338 6.20279 0
1296 541824 40 3024 8.72786 0
1296 548304 39 2611 8.20559 0
1296 554784 18 1442 3.88208 0
1296 561264 30 2014 6.59033 0
1296 567744 18 1403 3.7775 0
1296 574224 31 2338 6.15563 0
2401 586572 64 3032 9.46956 0
2401 598920 123 5106 14.4145 0
2401 611268 133 5343 20.3346 0
2401 623616 61 2941 8.88473 0
2401 635964 79 3679 12.139 0
2401 648312 72 3306 10.6944 0
2401 660660 64 3032 9.33033 0
2401 673008 123 5106 14.5662 0
2401 685356 244 9181 36.0615 0
2401 697704 62 2941 9.09679 0
2401 710052 78 3679 12.0367 0
2401 722400 70 3306 10.4977 0
2401 734748 72 3338 10.5244 0
2401 747096 123 5106 14.4366 0
2401 759444 243 9181 36.1719 0
2401 771792 63 2941 8.96141 0
2401 784140 78 3679 12.0158 0
2401 796488 82 3839 11.3761 0
