1296 8754 33 1509 16.2129 0
1296 17508 30 1299 15.0689 0
1296 26262 31 1301 16.1824 0
1296 35016 32 1359 15.6868 0
1296 43770 33 1304 17.3627 0
1296 52524 29 1363 14.1431 0
256 54174 1 258 0.86746 0
256 55824 2 256 0.984876 0
256 57474 2 256 0.932905 0
256 59124 2 279 0.997387 0
256 60774 2 259 0.981347 0
256 62424 2 265 0.94702 0
625 66574 9 632 4.62667 0
625 70724 9 641 4.50284 0
625 74874 9 627 4.57245 0
625 79024 7 625 3.23918 0
625 83174 8 628 4.41911 0
625 87324 9 645 4.98501 0
625 91644 10 644 5.34111 0
625 95964 10 625 5.68052 0
625 100284 9 689 4.69917 0
625 104604 10 625 5.48739 0
625 108924 10 655 5.28144 0
625 113244 11 627 5.89706 0
625 117684 10 631 5.67667 0
625 122124 10 629 5.24871 0
625 126564 9 626 4.93272 0
625 131004 10 632 5.42933 0
625 135444 11 650 5.62823 0
625 139884 10 655 5.67988 0
1296 147924 27 1341 12.3177 0
1296 155964 29 1346 13.4825 0
1296 164004 26 1311 11.7569 0
1296 172044 28 1467 12.0803 0
1296 180084 29 1374 13.6436 0
1296 188124 26 1322 12.0906 0
1296 196284 26 1313 12.1666 0
1296 204444 31 1459 14.4446 0
1296 212604 30 1529 13.9554 0
1296 220764 26 1318 11.7993 0
1296 228924 31 1465 14.4591 0
1296 237084 29 1440 12.8785 0
1296 245364 32 1385 15.8225 0
1296 253644 31 1444 14.5216 0
1296 261924 30 1365 14.4927 0
1296 270204 28 1299 13.2583 0
1296 278484 33 1316 17.04 0
1296 286764 31 1431 14.6865 0
1296 295164 31 1424 15.0416 0
1296 303564 30 1300 15.3265 0
1296 311964 34 1423 16.9556 0
1296 320364 30 1482 14.0529 0
1296 328764 33 1375 16.7037 0
1296 337164 30 1396 14.5495 0
1296 345684 34 1349 17.4682 0
1296 354204 31 1392 15.7744 0
1296 362724 34 1349 17.8622 0
1296 371244 30 1350 14.5239 0
1296 379764 32 1307 16.5597 0
1296 388284 30 1305 14.6987 0
1296 396924 35 1424 17.4968 0
1296 405564 36 1382 19.4168 0
1296 414204 35 1475 17.2231 0
1296 422844 32 1297 16.4012 0
1296 431484 34 1359 17.6957 0
1296 440124 33 1340 16.7509 0
1296 448884 34 1296 18.5243 0
1296 457644 35 1301 19.0055 0
1296 466404 34 1307 17.7852 0
1296 475164 34 1301 18.1438 0
1296 483924 34 1326 17.6521 0
1296 492684 34 1296 18.3511 0
1296 501564 37 1490 18.993 0
1296 510444 35 1353 18.0422 0
1296 519324 39 1443 21.1383 0
1296 528204 34 1411 17.2424 0
1296 537084 37 1416 19.3196 0
1296 545964 40 1463 21.4587 0
1296 554964 40 1308 22.2194 0
1296 563964 37 1328 20.4973 0
1296 572964 37 1305 20.2618 0
1296 581964 37 1368 19.906 0
1296 590964 36 1319 18.9953 0
1296 599964 39 1297 21.4979 0
1296 609084 40 1413 21.631 0
1296 618204 38 1401 20.292 0
1296 627324 40 1389 21.6288 0
1296 636444 39 1315 22.0705 0
1296 645564 37 1304 20.3205 0
1296 654684 41 1332 22.6294 0
1296 663924 39 1302 21.4498 0
1296 673164 40 1312 22.0362 0
1296 682404 40 1357 22.4013 0
1296 691644 40 1298 22.1773 0
1296 700884 40 1351 21.9448 0
1296 710124 41 1364 22.7192 0
1296 719484 41 1338 23.1337 0
1296 728844 40 1367 21.9075 0
1296 738204 39 1308 21.0795 0
1296 747564 42 1334 23.9225 0
1296 756924 41 1385 22.5492 0
1296 766284 40 1301 22.9142 0
2401 781632 102 2952 45.8991 0
2401 796980 99 2485 48.6631 0
2401 812328 96 2470 46.695 0
2401 827676 95 2461 45.9408 0
2401 843024 90 2648 40.9128 0
2401 858372 91 2411 43.3502 0
2401 873840 121 3277 54.7254 0
2401 889308 107 2686 52.5282 0
2401 904776 108 2731 51.8359 0
2401 920244 100 2613 47.7235 0
2401 935712 96 2471 46.9362 0
2401 951180 100 2481 49.5441 0
2401 966768 102 2673 49.2845 0
2401 982356 104 2497 52.2642 0
2401 997944 97 2708 45.9055 0
2401 1013532 105 2477 53.77 0
2401 1029120 99 2532 48.4039 0
2401 1044708 101 2479 50.6207 0
