1296 7718 26 1927 6.73405 0
1296 15436 20 1523 5.86659 0
1296 23154 20 1435 6.2477 0
1296 30872 19 1441 5.57273 0
1296 38590 19 1534 5.01869 0
1296 46308 23 1533 7.20339 0
256 47754 1 285 0.741704 0
256 49200 1 263 0.683959 0
256 50646 1 266 0.748441 0
256 52092 1 258 0.657011 0
256 53538 1 296 0.748762 0
256 54984 2 259 0.867781 0
625 58634 7 726 2.50421 0
625 62284 5 630 1.88057 0
625 65934 6 628 2.27259 0
625 69584 5 632 2.01755 0
625 73234 6 665 2.68996 0
625 76884 5 636 1.89564 0
625 80324 6 749 2.11828 0
625 83764 7 680 2.63093 0
625 87204 5 633 1.94024 0
625 90644 7 898 2.37108 0
625 94084 5 654 1.87928 0
625 97524 6 728 2.46443 0
625 101004 5 657 1.95243 0
625 104484 6 687 2.42658 0
625 107964 7 779 2.88277 0
625 111444 5 635 2.05765 0
625 114924 5 650 1.81095 0
625 118404 6 664 2.2357 0
1296 125404 18 1415 4.73478 0
1296 132404 19 1468 5.01837 0
1296 139404 20 1543 5.16113 0
1296 146404 21 1628 5.57305 0
1296 153404 17 1359 4.45664 0
1296 160404 27 1949 6.69844 0
1296 167444 24 1624 6.56947 0
1296 174484 17 1331 4.67287 0
1296 181524 34 2771 7.32112 0
1296 188564 24 1736 6.1582 0
1296 195604 29 2257 7.05453 0
1296 202644 19 1557 4.73927 0
1296 209724 22 1743 5.43991 0
1296 216804 20 1509 5.47937 0
1296 223884 24 1879 6.3433 0
1296 230964 19 1549 4.8676 0
1296 238044 20 1526 5.34431 0
1296 245124 17 1328 4.44991 0
1296 252244 23 1804 5.32891 0
1296 259364 19 1417 5.91792 0
1296 266484 24 1729 6.46457 0
1296 273604 19 1570 4.88941 0
1296 280724 20 1510 5.58652 0
1296 287844 24 1696 7.17323 0
1296 295004 18 1367 5.36356 0
1296 302164 17 1330 4.77264 0
1296 309324 17 1340 4.52947 0
1296 316484 18 1391 5.00843 0
1296 323644 18 1403 5.01132 0
1296 330804 18 1440 4.66196 0
1296 338004 17 1307 5.25737 0
1296 345204 31 2137 8.98611 0
1296 352404 17 1306 4.59748 0
1296 359604 17 1315 4.45247 0
1296 366804 17 1306 4.88364 0
1296 374004 31 2015 8.95788 0
1296 381244 18 1363 5.04628 0
1296 388484 17 1361 4.81113 0
1296 395724 25 1852 6.73341 0
1296 402964 18 1387 5.20829 0
1296 410204 18 1340 5.28304 0
1296 417444 20 1539 5.18808 0
1296 424724 17 1300 5.14766 0
1296 432004 22 1677 5.57754 0
1296 439284 19 1513 5.2269 0
1296 446564 19 1322 6.04335 0
1296 453844 19 1431 5.47424 0
1296 461124 18 1517 4.86824 0
1296 468444 18 1430 4.934 0
1296 475764 18 1423 4.86214 0
1296 483084 19 1389 5.69207 0
1296 490404 24 1761 7.2098 0
1296 497724 17 1324 4.83551 0
1296 505044 24 1703 7.23932 0
1296 512404 19 1373 5.77067 0
1296 519764 16 1319 4.56892 0
1296 527124 17 1416 4.60068 0
1296 534484 19 1417 5.35137 0
1296 541844 17 1297 4.8785 0
1296 549204 18 1380 5.2994 0
1296 556604 17 1308 5.40495 0
1296 564004 18 1314 5.58524 0
1296 571404 26 1643 9.38262 0
1296 578804 18 1322 5.49605 0
1296 586204 21 1545 6.078 0
1296 593604 18 1298 5.10948 0
1296 601044 21 1389 7.38593 0
1296 608484 21 1589 6.10366 0
1296 615924 20 1337 6.67406 0
1296 623364 19 1301 6.43088 0
1296 630804 20 1514 5.73024 0
1296 638244 20 1506 5.64395 0
2401 651592 61 2884 12.9657 0
2401 664940 63 2812 15.664 0
2401 678288 84 4033 15.3727 0
2401 691636 111 4695 26.1326 0
2401 704984 60 2897 12.4518 0
2401 718332 144 6595 27.7369 0
2401 731720 58 2920 12.3206 0
2401 745108 72 3517 15.1575 0
2401 758496 81 3680 17.7043 0
2401 771884 71 3563 13.0276 0
2401 785272 52 2492 11.1721 0
2401 798660 145 6037 31.6777 0
2401 812088 48 2477 9.60077 0
2401 825516 80 3474 17.0294 0
2401 838944 54 2610 11.7136 0
2401 852372 65 3277 11.6584 0
2401 865800 71 3167 17.1356 0
2401 879228 63 2930 15.323 0
