1296 8236 28 1369 12.4893 0
1296 16472 20 1301 6.95765 0
1296 24708 28 1505 12.2202 0
1296 32944 23 1326 9.56869 0
1296 41180 28 1404 12.8874 0
1296 49416 28 1447 11.9167 0
256 50964 2 264 0.940604 0
256 52512 2 265 0.967552 0
256 54060 1 257 0.729193 0
256 55608 1 258 0.727589 0
256 57156 1 256 0.819339 0
256 58704 1 259 0.614344 0
625 62604 7 667 2.54207 0
625 66504 6 626 2.30435 0
625 70404 7 700 3.38579 0
625 74304 7 651 3.08263 0
625 78204 6 730 2.19015 0
625 82104 6 634 2.22062 0
625 85984 8 684 3.72969 0
625 89864 7 638 3.4923 0
625 93744 8 673 4.21957 0
625 97624 8 635 3.68703 0
625 101504 9 723 4.28277 0
625 105384 8 660 3.86892 0
625 109344 7 655 3.46631 0
625 113304 8 654 3.91608 0
625 117264 8 626 3.96837 0
625 121224 9 647 4.45311 0
625 125184 7 631 3.20582 0
625 129144 8 625 4.2664 0
1296 136664 26 1518 10.9177 0
1296 144184 20 1306 7.55371 0
1296 151704 22 1496 7.92616 0
1296 159224 19 1520 5.3488 0
1296 166744 22 1354 8.39711 0
1296 174264 18 1318 5.74436 0
1296 181864 20 1354 7.37149 0
1296 189464 25 1539 8.84527 0
1296 197064 25 1459 10.1064 0
1296 204664 24 1627 8.4417 0
1296 212264 24 1398 9.83913 0
1296 219864 21 1300 7.8527 0
1296 227544 23 1409 8.72882 0
1296 235224 22 1315 8.79844 0
1296 242904 25 1368 10.33 0
1296 250584 21 1335 8.02273 0
1296 258264 22 1341 8.97424 0
1296 265944 26 1431 10.7749 0
1296 273704 26 1322 11.5978 0
1296 281464 26 1352 11.6966 0
1296 289224 23 1309 9.90041 0
1296 296984 24 1314 10.3399 0
1296 304744 26 1309 11.7765 0
1296 312504 23 1325 9.09807 0
1296 320344 24 1499 8.86709 0
1296 328184 26 1351 11.4669 0
1296 336024 26 1515 9.92992 0
1296 343864 26 1350 11.498 0
1296 351704 25 1348 11.0896 0
1296 359544 24 1305 9.80416 0
1296 367464 26 1309 11.7242 0
1296 375384 33 1750 13.8819 0
1296 383304 31 1597 13.529 0
1296 391224 26 1413 10.8378 0
1296 399144 25 1315 10.7935 0
1296 407064 30 1488 13.4886 0
1296 415064 28 1466 12.4572 0
1296 423064 27 1479 11.6761 0
1296 431064 29 1435 13.3491 0
1296 439064 26 1460 10.9693 0
1296 447064 28 1308 13.3346 0
1296 455064 28 1455 12.0511 0
1296 463144 28 1439 12.8502 0
1296 471224 29 1509 12.3902 0
1296 479304 26 1459 11.2516 0
1296 487384 30 1428 14.3526 0
1296 495464 33 1376 17.0406 0
1296 503544 31 1449 14.8524 0
1296 511704 28 1298 13.4764 0
1296 519864 29 1312 14.7837 0
1296 528024 30 1525 12.9259 0
1296 536184 28 1306 13.6776 0
1296 544344 28 1301 13.7988 0
1296 552504 33 1371 16.6694 0
1296 560744 31 1341 15.7202 0
1296 568984 30 1317 14.6628 0
1296 577224 28 1298 13.5951 0
1296 585464 29 1402 13.4081 0
1296 593704 28 1458 11.9545 0
1296 601944 34 1518 15.8414 0
1296 610264 30 1355 14.5008 0
1296 618584 33 1344 16.937 0
1296 626904 34 1560 16.1234 0
1296 635224 28 1297 13.8258 0
1296 643544 31 1383 15.3066 0
1296 651864 35 1347 18.5439 0
1296 660264 34 1418 17.7695 0
1296 668664 32 1331 16.6017 0
1296 677064 29 1334 14.3465 0
1296 685464 33 1491 15.851 0
1296 693864 31 1459 14.7895 0
1296 702264 32 1367 15.9191 0
2401 716612 75 2652 27.6602 0
2401 730960 82 3326 25.439 0
2401 745308 59 2408 18.2982 0
2401 759656 66 2806 19.7245 0
2401 774004 84 2959 31.2972 0
2401 788352 74 2456 29.7987 0
2401 802780 82 2647 33.7437 0
2401 817208 90 3009 34.9711 0
2401 831636 85 3058 28.6246 0
2401 846064 70 2736 24.0919 0
2401 860492 76 2509 30.8199 0
2401 874920 72 2460 28.0298 0
2401 889428 82 3246 26.7687 0
2401 903936 89 2771 36.458 0
2401 918444 70 2844 21.1828 0
2401 932952 72 2429 27.8598 0
2401 947460 84 2645 34.0623 0
2401 961968 75 2430 30.8901 0
