1000 20094 59 1005 38.7342 0
1000 40170 55 1003 35.2775 0
1000 60264 53 1002 34.4091 0
1000 80354 55 1003 35.8963 0
1000 100442 58 1011 37.8343 0
1000 120518 58 1002 37.9681 0
200 121404 1 201 0.44945 0
200 122292 1 203 0.498212 0
200 123176 1 203 0.503666 0
200 124074 1 202 0.463886 0
200 124948 1 214 0.694867 0
200 125850 1 207 0.505591 0
400 129120 6 402 3.36365 0
400 132424 6 412 3.70531 0
400 135730 5 402 3.17342 0
400 139024 6 401 3.22122 0
400 142302 7 400 4.23144 0
400 145592 6 400 3.49005 0
600 152870 18 602 11.0203 0
600 160152 17 600 10.5472 0
600 167442 17 601 10.7961 0
600 174728 16 603 10.3778 0
600 182030 17 609 10.9976 0
600 189324 17 607 10.6087 0
800 202184 33 805 21.247 0
800 215062 33 817 21.2788 0
800 227940 32 800 20.5871 0
800 240818 33 805 21.4578 0
800 253692 34 800 21.9367 0
800 266564 33 800 21.6891 0
1100 290832 69 1102 45.2606 0
1100 315106 69 1102 45.2847 0
1100 339384 70 1102 46.0033 0
1100 363652 69 1107 45.176 0
1100 387940 69 1103 45.2523 0
1100 412202 68 1116 44.7227 0
1200 441064 86 1201 56.8847 0
1200 469924 82 1211 54.1188 0
1200 498782 84 1202 55.5714 0
1200 527654 84 1208 55.1392 0
1200 556540 84 1202 55.4495 0
1200 585412 86 1205 56.8799 0
1300 619276 99 1306 65.4009 0
1300 653152 101 1303 66.9834 0
1300 687016 101 1301 67.206 0
1300 720876 101 1301 66.8567 0
1300 754750 99 1302 65.8734 0
1300 788628 104 1300 69.1315 0
1400 827898 118 1403 78.304 0
1400 867174 119 1401 79.5873 0
1400 906426 117 1400 77.9165 0
1400 945686 118 1400 78.4753 0
1400 984962 116 1400 76.7385 0
1400 1024236 121 1411 80.6584 0
1500 1069308 138 1501 91.6868 0
1500 1114388 136 1501 90.2525 0
1500 1159436 139 1500 92.8513 0
1500 1204492 140 1500 93.3046 0
1500 1249558 138 1505 91.733 0
1500 1294638 136 1501 90.9345 0
1600 1345906 159 1602 106.742 0
1600 1397170 157 1600 104.818 0
1600 1448416 160 1601 107.474 0
1600 1499664 155 1600 103.207 0
1600 1550938 159 1609 106.596 0
1600 1602210 159 1613 105.942 0
1700 1660080 179 1700 119.716 0
1700 1717944 178 1701 119.107 0
1700 1775796 180 1705 120.262 0
1700 1833650 180 1700 120.799 0
1700 1891520 180 1700 120.44 0
1700 1949388 180 1702 120.255 0
1800 2014246 203 1803 136.319 0
1800 2079130 201 1802 134.737 0
1800 2143992 203 1800 136.764 0
1800 2208848 197 1800 131.764 0
1800 2273706 204 1801 137 0
1800 2338580 205 1805 138.224 0
1900 2410854 227 1901 152.969 0
1900 2483124 224 1903 150.14 0
1900 2555372 224 1900 150.297 0
1900 2627626 226 1900 151.325 0
1900 2699888 224 1905 149.437 0
1900 2772166 222 1900 148.555 0
2000 2852246 255 2000 172.087 0
2000 2932314 254 2008 170.622 0
2000 3012366 253 2001 170.035 0
2000 3092426 256 2001 172.704 0
2000 3172492 255 2004 171.869 0
2000 3252564 253 2003 170.345 0
2100 3340832 285 2100 192.975 0
2100 3429104 286 2101 193.723 0
2100 3517362 279 2100 187.754 0
2100 3605620 283 2103 191.098 0
2100 3693890 283 2101 190.815 0
2100 3782168 281 2123 188.466 0
2200 3879022 318 2200 215.283 0
2200 3975876 306 2202 206.076 0
2200 4072726 308 2213 208.204 0
2200 4169594 306 2203 206.7 0
2200 4266456 301 2200 202.666 0
2200 4363320 308 2205 207.715 0
2300 4469180 339 2301 228.893 0
2300 4575014 348 2303 235.313 0
2300 4680862 341 2301 230.001 0
2300 4786712 336 2300 226.706 0
2300 4892562 341 2302 230.498 0
2300 4998422 345 2312 233.754 0
2400 5113676 370 2400 250.519 0
2400 5228914 375 2400 253.806 0
2400 5344168 367 2407 248.134 0
2400 5459408 371 2400 250.916 0
2400 5574662 369 2402 249.329 0
2400 5689914 371 2402 250.647 0
2500 5814966 397 2501 267.088 0
2500 5940024 409 2501 276.963 0
2500 6065070 414 2502 280.519 0
2500 6190128 407 2505 275.693 0
2500 6315172 413 2500 280.178 0
2500 6440224 412 2513 279.137 0
2600 6575482 437 2600 295.923 0
2600 6710732 440 2602 297.722 0
2600 6845972 436 2601 294.361 0
2600 6981234 443 2600 299.699 0
2600 7116472 441 2600 299.411 0
2600 7251728 442 2600 299.726 0
2700 7397586 480 2703 325.885 0
2700 7543424 476 2706 323.068 0
2700 7689252 478 2706 323.945 0
2700 7835098 479 2706 325.154 0
2700 7980932 480 2700 325.763 0
2700 8126790 482 2700 326.15 0
