1000 99916 108 1000 69.6544 0
1000 199830 109 1001 70.452 0
1000 299748 109 1001 70.5123 0
1000 399660 106 1000 68.2416 0
1000 499580 111 1001 71.4895 0
1000 599490 109 1002 70.2001 0
200 603494 4 202 2.48336 0
200 607488 3 202 2.23506 0
200 611482 3 200 2.28927 0
200 615484 3 200 2.3066 0
200 619488 4 200 2.45545 0
200 623488 4 200 2.42498 0
400 639468 17 404 10.4143 0
400 655452 16 401 10.0169 0
400 671432 16 403 9.88084 0
400 687402 17 402 11.1458 0
400 703384 17 402 10.6662 0
400 719362 16 403 10.3094 0
600 755316 38 601 24.1413 0
600 791274 37 601 23.6508 0
600 827228 37 600 23.6762 0
600 863192 37 600 23.4359 0
600 899150 37 600 23.6778 0
600 935116 38 601 24.4932 0
800 999060 69 800 44.1401 0
800 1063004 66 801 42.461 0
800 1126940 68 800 43.5411 0
800 1190876 71 801 45.73 0
800 1254820 69 800 43.9906 0
800 1318758 70 801 44.6097 0
1100 1439672 130 1101 83.0892 0
1100 1560580 131 1102 83.9874 0
1100 1681482 131 1103 83.6881 0
1100 1802386 134 1102 86.6344 0
1100 1923290 131 1101 84.6916 0
1100 2044200 133 1100 85.7708 0
1200 2188102 156 1202 100.079 0
1200 2331992 159 1201 103.055 0
1200 2475882 154 1200 99.484 0
1200 2619774 158 1202 102.086 0
1200 2763672 158 1204 101.985 0
1200 2907570 157 1200 101.476 0
1300 3076462 184 1303 118.354 0
1300 3245344 185 1302 119.929 0
1300 3414230 184 1300 118.565 0
1300 3583128 186 1302 119.759 0
1300 3752012 186 1300 120.766 0
1300 3920904 183 1301 117.7 0
1400 4116786 210 1400 135.792 0
1400 4312658 214 1400 138.399 0
1400 4508530 215 1400 139.654 0
1400 4704416 215 1403 139.451 0
1400 4900294 215 1407 138.93 0
1400 5096168 216 1402 139.757 0
1500 5321038 250 1502 162.265 0
1500 5545910 251 1502 163.308 0
1500 5770774 248 1500 160.882 0
1500 5995644 244 1503 158.198 0
1500 6220512 247 1501 159.366 0
1500 6445382 246 1501 158.915 0
1600 6701244 284 1600 184.972 0
1600 6957106 282 1600 183.002 0
1600 7212958 279 1601 180.242 0
1600 7468820 280 1601 180.68 0
1600 7724676 285 1603 185.13 0
1600 7980544 280 1602 181.546 0
1700 8269390 319 1700 207.687 0
1700 8558240 320 1701 207.86 0
1700 8847086 318 1700 206.48 0
1700 9135932 321 1700 208.51 0
1700 9424780 319 1702 207.368 0
1700 9713632 323 1701 209.75 0
1800 10037474 357 1803 232.093 0
1800 10361314 360 1800 234.093 0
1800 10685156 357 1800 232.272 0
1800 11008998 356 1802 230.884 0
1800 11332840 359 1801 232.996 0
1800 11656680 351 1800 228.145 0
1900 12017516 404 1900 263.474 0
1900 12378344 399 1900 260.074 0
1900 12739172 402 1901 262.732 0
1900 13100004 399 1901 259.342 0
1900 13460832 402 1901 261.816 0
1900 13821656 401 1900 261.333 0
2000 14221474 440 2000 285.382 0
2000 14621296 449 2001 292.851 0
2000 15021116 451 2000 294.828 0
2000 15420932 444 2000 289.649 0
2000 15820752 443 2001 288.63 0
2000 16220574 445 2000 290.737 0
2100 16661384 488 2101 317.784 0
2100 17102196 495 2102 324.302 0
2100 17543004 491 2100 319.727 0
2100 17983810 491 2101 319.754 0
2100 18424616 489 2105 318.17 0
2100 18865424 495 2100 323.484 0
2200 19349224 536 2202 350.103 0
2200 19833022 543 2200 355.568 0
2200 20316818 543 2203 354.781 0
2200 20800610 537 2200 349.838 0
2200 21284410 542 2202 353.73 0
2200 21768212 538 2202 351.009 0
2300 22296994 596 2300 390.167 0
2300 22825778 587 2301 383.651 0
2300 23354562 596 2304 389.573 0
2300 23883344 594 2301 388.616 0
2300 24412134 588 2300 383.907 0
2300 24940916 600 2300 394.448 0
2400 25516696 646 2400 423.28 0
2400 26092478 648 2400 423.981 0
2400 26668254 643 2400 420.179 0
2400 27244026 642 2401 419.399 0
2400 27819806 646 2402 423.037 0
2400 28395574 650 2400 426.637 0
2500 29020342 707 2500 461.768 0
2500 29645108 699 2500 457.48 0
2500 30269874 701 2500 458.639 0
2500 30894644 701 2503 458.971 0
2500 31519412 704 2502 460.519 0
2500 32144182 713 2500 468.524 0
2600 32819942 766 2600 502.658 0
2600 33495704 753 2600 493.717 0
2600 34171464 756 2602 494.918 0
2600 34847228 760 2600 498.411 0
2600 35522992 768 2602 503.916 0
2600 36198754 758 2605 496.748 0
2700 36927502 811 2701 531.337 0
2700 37656260 814 2700 533.615 0
2700 38385006 824 2703 541.084 0
2700 39113758 813 2700 532.284 0
2700 39842508 825 2702 541.798 0
2700 40571252 824 2701 540.906 0
