1000 199806 163 1000 103.315 0
1000 399616 162 1003 102.506 0
1000 599420 162 1000 101.818 0
1000 799226 161 1000 101.657 0
1000 999034 160 1000 100.537 0
1000 1198840 161 1000 101.717 0
200 1206806 6 200 3.54716 0
200 1214776 6 200 3.85064 0
200 1222742 6 201 3.55999 0
200 1230714 6 200 3.8901 0
200 1238676 6 201 3.80637 0
200 1246646 6 200 3.63185 0
400 1278572 24 401 14.9239 0
400 1310496 24 401 14.8046 0
400 1342426 24 400 14.9614 0
400 1374352 25 401 15.2887 0
400 1406280 25 400 15.6457 0
400 1438206 25 400 15.3718 0
600 1510090 57 600 35.5851 0
600 1581978 57 600 36.0798 0
600 1653864 56 600 34.6753 0
600 1725746 57 600 35.6605 0
600 1797636 56 600 34.8219 0
600 1869532 57 600 35.169 0
800 1997382 103 802 64.4086 0
800 2125230 103 802 64.7317 0
800 2253082 102 800 64.4394 0
800 2380934 102 800 64.3101 0
800 2508782 101 802 63.5052 0
800 2636632 101 800 62.964 0
1100 2878416 196 1100 123.674 0
1100 3120208 196 1100 123.428 0
1100 3362006 195 1100 123.643 0
1100 3603794 195 1100 123.509 0
1100 3845584 198 1100 125.481 0
1100 4087378 194 1103 122.368 0
1200 4375144 234 1200 147.937 0
1200 4662914 233 1201 147.929 0
1200 4950678 237 1201 149.619 0
1200 5238444 233 1200 147.343 0
1200 5526212 233 1201 147.111 0
1200 5813986 231 1201 146.415 0
1300 6151734 276 1300 174.745 0
1300 6489484 277 1300 176.294 0
1300 6827226 273 1300 173.282 0
1300 7164976 277 1300 175.853 0
1300 7502722 278 1300 176.542 0
1300 7840468 276 1300 174.179 0
1400 8232196 322 1400 205.204 0
1400 8623926 320 1400 202.435 0
1400 9015648 321 1401 204.057 0
1400 9407376 321 1400 203.765 0
1400 9799100 320 1401 202.498 0
1400 10190828 319 1400 202.459 0
1500 10640538 370 1500 235.456 0
1500 11090246 369 1500 234.968 0
1500 11539950 371 1501 236.689 0
1500 11989658 369 1500 235.302 0
1500 12439360 372 1500 236.553 0
1500 12889066 368 1500 234.626 0
1600 13400752 422 1600 268.677 0
1600 13912442 419 1600 266.682 0
1600 14424130 425 1600 271.977 0
1600 14935818 424 1600 269.642 0
1600 15447502 419 1600 266.629 0
1600 15959192 424 1600 271.414 0
1700 16536856 473 1700 301.474 0
1700 17114528 475 1700 303.561 0
1700 17692196 481 1700 307.728 0
1700 18269866 472 1700 300.577 0
1700 18847534 478 1700 306.132 0
1700 19425204 475 1700 303.7 0
1800 20072854 538 1801 344.959 0
1800 20720506 531 1802 339.213 0
1800 21368154 534 1800 340.364 0
1800 22015800 532 1800 340.185 0
1800 22663446 537 1800 343.201 0
1800 23311096 550 1802 354.913 0
1900 24032726 595 1900 381.084 0
1900 24754350 595 1901 380.808 0
1900 25475982 599 1900 384.3 0
1900 26197612 606 1900 389.256 0
1900 26919238 602 1900 386.068 0
1900 27640870 592 1900 377.468 0
2000 28440480 665 2000 426.05 0
2000 29240090 666 2000 428.195 0
2000 30039698 666 2000 427.801 0
2000 30839306 672 2000 432.911 0
2000 31638912 657 2000 419.516 0
2000 32438526 664 2000 425.978 0
2100 33320112 736 2100 472.941 0
2100 34201702 732 2100 470.558 0
2100 35083294 736 2100 473.033 0
2100 35964878 734 2101 470.598 0
2100 36846466 739 2100 476.113 0
2100 37728058 740 2100 476.808 0
2200 38695624 811 2200 522.167 0
2200 39663198 805 2200 517.047 0
2200 40630766 798 2200 513.035 0
2200 41598328 809 2200 519.824 0
2200 42565896 811 2200 522.245 0
2200 43533466 804 2200 517.06 0
2300 44591012 879 2301 565.555 0
2300 45648560 884 2300 568.734 0
2300 46706110 891 2303 575.68 0
2300 47763658 883 2300 567.534 0
2300 48821212 881 2301 567.333 0
2300 49878764 890 2300 573.457 0
2400 51030294 969 2401 624.845 0
2400 52181822 973 2400 627.621 0
2400 53333356 971 2400 626.597 0
2400 54484888 971 2401 627.199 0
2400 55636414 963 2400 620.297 0
2400 56787942 966 2400 623.203 0
2500 58037450 1053 2500 679.127 0
2500 59286960 1049 2500 677.729 0
2500 60536466 1052 2500 679.756 0
2500 61785972 1046 2500 674.846 0
2500 63035478 1051 2502 678.496 0
2500 64284986 1060 2500 685.63 0
2600 65636476 1138 2600 735.484 0
2600 66987968 1139 2603 736.217 0
2600 68339460 1135 2600 733.516 0
2600 69690948 1135 2600 733.183 0
2600 71042436 1134 2600 732.51 0
2600 72393920 1134 2600 731.94 0
2700 73851394 1230 2700 795.267 0
2700 75308860 1235 2700 799.641 0
2700 76766328 1212 2702 782.359 0
2700 78223800 1228 2701 795.035 0
2700 79681270 1225 2700 791.869 0
2700 81138742 1221 2700 789.161 0
