1024 3968 421 31315 110.946 0
1024 7936 436 34704 104.793 0
1024 11904 340 28852 71.3265 0
1024 15872 318 26345 75.7578 0
1024 19840 23 2109 5.11654 0
1024 23808 17 1637 3.96196 0
196 24536 1 255 0.48121 0
196 25264 1 211 0.464207 0
196 25992 9 1622 3.90646 0
196 26720 1 225 0.418011 0
196 27448 2 433 0.966269 0
196 28176 2 475 0.909165 0
400 29696 38 5573 11.1612 0
400 31216 62 7891 21.6878 0
400 32736 2 477 0.963382 0
400 34256 2 408 0.77571 0
400 35776 19 2543 6.5159 0
400 37296 4 615 1.5126 0
576 39504 172 18326 56.5193 0
576 41712 75 8631 20.8316 0
576 43920 108 13173 28.5341 0
576 46128 78 9631 20.5563 0
576 48336 8 1018 2.39033 0
576 50544 63 7731 17.7675 0
784 53568 91 9685 20.8527 0
784 56592 30 2835 9.27291 0
784 59616 340 31493 94.2892 0
784 62640 66 7227 16.391 0
784 65664 52 5392 12.1871 0
784 68688 7 843 2.01787 0
1089 72912 1610 127198 343.317 0
1089 77136 17 1559 3.73387 0
1089 81360 15 1381 3.39862 0
1089 85584 15 1439 3.39092 0
1089 89808 71 6487 13.4716 0
1089 94032 349 25954 84.954 0
1225 98792 21 1776 4.26576 0
1225 103552 977 73737 196.593 0
1225 108312 1448 106162 307.068 0
1225 113072 367 29279 70.655 0
1225 117832 88 5926 22.0092 0
1225 122592 145 11241 27.1325 0
1296 127632 338 21870 78.0063 0
1296 132672 157 12786 28.853 0
1296 137712 373 27385 74.5605 0
1296 142752 107 9166 18.38 0
1296 147792 16 1316 3.46535 0
1296 152832 1560 106207 319.187 0
1369 158160 210 15922 34.1328 0
1369 163488 342 22388 70.3439 0
1369 168816 326 23553 57.4234 0
1369 174144 836 51738 178.592 0
1369 179472 384 28737 62.3208 0
1369 184800 19 1476 3.9934 0
1521 190728 1272 80071 258.867 0
1521 196656 623 40918 99.3444 0
1521 202584 962 60246 176.681 0
1521 208512 213 15937 39.0877 0
1521 214440 22 1560 4.15573 0
1521 220368 2652 163663 487.863 0
1600 226608 1283 69040 289.415 0
1600 232848 41 2764 7.30765 0
1600 239088 1951 111554 384.043 0
1600 245328 2274 119254 537.066 0
1600 251568 8126 436241 1771.63 0
1600 257808 37 2571 6.63011 0
1681 264368 251 15234 46.516 0
1681 270928 865 48451 159.566 0
1681 277488 488 27528 94.6401 0
1681 284048 2621 158586 419.654 0
1681 290608 448 24649 94.2606 0
1681 297168 99 6970 16.0663 0
1764 304056 953 56962 157.528 0
1764 310944 6853 367464 1277.03 0
1764 317832 1224 72501 178.337 0
1764 324720 2624 148732 443.597 0
1764 331608 817 49453 117.888 0
1764 338496 182 9914 34.358 0
1936 346064 50 3037 7.93162 0
1936 353632 729 40930 100.632 0
1936 361200 130 6862 22.7253 0
1936 368768 4875 258764 767.71 0
1936 376336 244 14794 35.7487 0
1936 383904 6575 333494 1169.12 0
2025 391824 8027 388518 1447.94 0
2025 399744 879 44673 150.22 0
2025 407664 46 2545 7.80169 0
2025 415584 12646 586648 2545.57 0
2025 423504 1933 92372 362.115 0
2025 431424 4135 200949 718.812 0
2116 439704 70 3909 10.0624 0
2116 447984 3817 177710 683.209 0
2116 456264 2250 104874 367.984 0
2116 464544 3970 191479 685.141 0
2116 472824 11265 511047 1940.15 0
2116 481104 1489 67899 279.925 0
2209 489752 14406 612990 2710.73 0
2209 498400 587 24163 113.857 0
2209 507048 251 10924 49.0243 0
2209 515696 502 26086 66.985 0
2209 524344 130 6254 21.2059 0
2209 532992 233 12631 32.2301 0
2304 542016 638 27286 111.97 0
2304 551040 1322 55145 248.25 0
2304 560064 2857 122291 509.16 0
2304 569088 2445 117575 321.873 0
2304 578112 1565 73916 204.431 0
2304 587136 232 11163 35.1816 0
2401 596544 1455 67418 202.392 0
2401 605952 1978 90531 273.52 0
2401 615360 9353 392599 1533.11 0
2401 624768 10842 471618 1647.52 0
2401 634176 60 2995 9.36594 0
2401 643584 17391 705281 3123.51 0
2500 653384 14403 584859 2464.6 0
2500 663184 468 23655 51.441 0
2500 672984 2822 127932 305.713 0
2500 682784 1334 65946 166.152 0
2500 692584 104 5150 14.025 0
2500 702384 3029 135088 385.174 0
2601 712584 443 20729 49.3936 0
2601 722784 645 27915 82.3844 0
2601 732984 16254 656260 2402.53 0
2601 743184 1567 64118 216.175 0
2601 753384 5009 198123 764.987 0
2601 763584 1657 75656 220.201 0
2704 774192 32287 1184814 5111.12 0
2704 784800 296 12875 39.1034 0
2704 795408 819 36142 94.0466 0
2704 806016 5517 214200 823.358 0
2704 816624 355 15523 40.5817 0
2704 827232 4988 206512 673.125 0
