1024 4786 11 1038 3.92892 0
1024 9572 14 1171 5.06361 0
1024 14358 17 1373 5.90797 0
1024 19144 14 1227 4.5686 0
1024 23930 19 1480 6.79981 0
1024 28716 20 1820 6.39014 0
196 29600 1 272 0.694867 0
196 30484 1 256 0.673373 0
196 31368 1 206 0.475114 0
196 32252 1 274 0.66824 0
196 33136 1 279 0.606645 0
196 34020 3 428 1.48437 0
400 35860 4 536 1.7253 0
400 37700 3 441 1.37786 0
400 39540 2 411 1.0099 0
400 41380 5 730 2.31109 0
400 43220 4 671 1.86645 0
400 45060 3 567 1.46705 0
576 47728 5 722 2.02172 0
576 50396 8 1005 3.20229 0
576 53064 5 593 1.82635 0
576 55732 4 606 1.75866 0
576 58400 5 594 2.16416 0
576 61068 8 978 2.85454 0
784 64718 12 1032 4.74858 0
784 68368 12 1202 4.09541 0
784 72018 9 1057 3.45412 0
784 75668 8 838 2.90137 0
784 79318 11 1273 4.04216 0
784 82968 9 1063 3.05472 0
1089 88072 16 1537 5.45916 0
1089 93176 24 1712 9.50261 0
1089 98280 16 1342 5.91118 0
1089 103384 16 1396 5.62566 0
1089 108488 13 1156 4.63758 0
1089 113592 13 1092 4.7088 0
1225 119312 35 1946 15.1 0
1225 125032 19 1435 6.82387 0
1225 130752 16 1248 4.99784 0
1225 136472 39 2626 14.4119 0
1225 142192 25 2055 8.23991 0
1225 147912 27 1968 9.25174 0
1296 153992 19 1537 6.0379 0
1296 160072 22 1772 7.61562 0
1296 166152 28 2229 7.87644 0
1296 172232 18 1380 5.73698 0
1296 178312 21 1720 6.26278 0
1296 184392 22 1634 8.33519 0
1369 190840 23 1661 6.92749 0
1369 197288 20 1475 5.87429 0
1369 203736 22 1597 7.36026 0
1369 210184 45 2318 19.1207 0
1369 216632 41 2234 16.4032 0
1369 223080 22 1710 7.40389 0
1521 230208 31 1887 10.8712 0
1521 237336 25 1575 8.1318 0
1521 244464 32 2016 10.3021 0
1521 251592 36 2071 12.5618 0
1521 258720 25 1910 7.18221 0
1521 265848 31 2132 9.43877 0
1600 273368 35 2017 11.9253 0
1600 280888 39 2519 11.534 0
1600 288408 30 2075 9.98863 0
1600 295928 28 1838 8.66819 0
1600 303448 45 2617 17.5542 0
1600 310968 26 1612 8.49848 0
1681 318888 61 3731 18.9324 0
1681 326808 33 1920 11.1153 0
1681 334728 54 3502 14.572 0
1681 342648 44 2697 11.908 0
1681 350568 48 2281 19.633 0
1681 358488 32 2012 10.3784 0
1764 366816 65 3328 21.4446 0
1764 375144 34 1964 11.5856 0
1764 383472 32 1896 10.1105 0
1764 391800 38 2029 13.0135 0
1764 400128 33 1839 10.807 0
1764 408456 35 1974 11.4791 0
1936 417544 35 2676 9.65659 0
1936 426632 40 2298 12.2282 0
1936 435720 59 3571 16.1032 0
1936 444808 97 4218 35.2175 0
1936 453896 64 2795 23.628 0
1936 462984 66 3183 23.9331 0
2025 472504 46 2308 14.8511 0
2025 482024 47 2375 14.3641 0
2025 491544 39 2121 11.1054 0
2025 501064 46 2477 12.7453 0
2025 510584 165 6165 62.4248 0
2025 520104 49 2797 14.673 0
2116 530064 73 2862 28.3805 0
2116 540024 118 4734 43.9986 0
2116 549984 70 3984 17.518 0
2116 559944 51 2887 14.658 0
2116 569904 43 2535 11.6729 0
2116 579864 58 2935 17.3543 0
2209 590272 65 2811 23.1674 0
2209 600680 72 3081 21.7757 0
2209 611088 264 8509 105.812 0
2209 621496 69 3278 18.6286 0
2209 631904 57 2824 15.9319 0
2209 642312 61 3370 16.1574 0
2304 653176 55 2603 15.5604 0
2304 664040 86 3300 32.0566 0
2304 674904 50 2458 13.4639 0
2304 685768 82 3522 26.8727 0
2304 696632 59 2812 14.9701 0
2304 707496 97 3735 38.3668 0
2401 718824 85 3819 27.4078 0
2401 730152 64 2986 17.885 0
2401 741480 70 3057 19.4046 0
2401 752808 68 2848 21.1357 0
2401 764136 71 2725 25.7492 0
2401 775464 66 3138 17.9895 0
2500 787264 55 2529 13.3699 0
2500 799064 138 4840 50.108 0
2500 810864 80 3676 21.8514 0
2500 822664 170 4455 79.0422 0
2500 834464 105 3604 39.02 0
2500 846264 138 4356 52.5497 0
2601 858544 61 2877 15.2393 0
2601 870824 94 4391 23.3178 0
2601 883104 70 2969 20.6708 0
2601 895384 79 3425 23.347 0
2601 907664 324 7162 152.054 0
2601 919944 81 3511 23.0548 0
2704 932712 253 6407 109.509 0
2704 945480 185 6198 59.1987 0
2704 958248 143 4673 43.6791 0
2704 971016 72 2788 22.0766 0
2704 983784 145 4161 61.2291 0
2704 996552 72 2835 21.2749 0
