1024 4376 38 3288 11.1621 0
1024 8752 12 1128 3.70499 0
1024 13128 19 1776 5.86017 0
1024 17504 12 1146 3.78359 0
1024 21880 39 2734 13.4922 0
1024 26256 26 2625 6.83286 0
196 27062 1 248 0.491155 0
196 27868 1 220 0.441109 0
196 28674 1 275 0.603758 0
196 29480 1 207 0.400687 0
196 30286 1 209 0.498533 0
196 31092 1 208 0.451375 0
400 32772 3 512 1.48598 0
400 34452 3 481 1.19597 0
400 36132 3 424 1.23222 0
400 37812 7 1094 2.57928 0
400 39492 2 475 0.977818 0
400 41172 3 574 1.38941 0
576 43610 11 1336 3.99468 0
576 46048 7 957 2.71049 0
576 48486 8 1001 2.93442 0
576 50924 5 629 2.21677 0
576 53362 6 772 2.52956 0
576 55800 12 1562 3.79193 0
784 59136 15 1722 5.1066 0
784 62472 9 975 3.31906 0
784 65808 18 2034 5.72736 0
784 69144 13 1301 4.12621 0
784 72480 17 1773 5.16819 0
784 75816 10 1002 3.49134 0
1089 80480 18 1486 6.68625 0
1089 85144 17 1391 5.10499 0
1089 89808 35 2909 11.2847 0
1089 94472 18 1533 6.35838 0
1089 99136 22 1849 7.4472 0
1089 103800 25 2177 7.56654 0
1225 109040 35 2368 11.6417 0
1225 114280 28 2186 9.16159 0
1225 119520 28 2136 9.33964 0
1225 124760 38 3239 9.48624 0
1225 130000 52 3479 16.5802 0
1225 135240 20 1633 5.7989 0
1296 140800 20 1740 5.33052 0
1296 146360 33 2704 8.96301 0
1296 151920 18 1401 6.12933 0
1296 157480 23 1957 7.0186 0
1296 163040 34 2193 12.6481 0
1296 168600 24 1885 6.74977 0
1369 174488 28 2183 8.35733 0
1369 180376 41 3267 11.0877 0
1369 186264 19 1389 6.02891 0
1369 192152 27 1721 8.77341 0
1369 198040 34 1991 11.6571 0
1369 203928 51 3899 12.7209 0
1521 210456 22 1613 5.94422 0
1521 216984 41 2214 13.1021 0
1521 223512 43 2711 11.9022 0
1521 230040 25 1850 6.44211 0
1521 236568 39 2162 12.8762 0
1521 243096 35 2185 11.431 0
1600 249976 51 3360 11.5622 0
1600 256856 70 4519 16.8488 0
1600 263736 62 3383 20.7437 0
1600 270616 75 5084 15.7615 0
1600 277496 34 2067 10.0797 0
1600 284376 99 6158 24.0723 0
1681 291616 85 5042 22.4959 0
1681 298856 60 3150 19.8647 0
1681 306096 67 3176 23.6617 0
1681 313336 30 1900 8.78047 0
1681 320576 40 2415 11.1461 0
1681 327816 57 2899 18.4323 0
1764 335424 51 2990 15.4571 0
1764 343032 68 2964 25.7652 0
1764 350640 50 2780 15.7939 0
1764 358248 76 4308 21.6294 0
1764 365856 75 4709 14.6301 0
1764 373464 40 2410 11.3136 0
1936 381792 92 5327 17.1169 0
1936 390120 177 8062 50.4337 0
1936 398448 44 2665 12.2218 0
1936 406776 115 7004 21.6605 0
1936 415104 90 4130 29.4606 0
1936 423432 99 4666 28.2457 0
2025 432152 116 6096 26.8736 0
2025 440872 81 3365 28.2268 0
2025 449592 591 17565 240.674 0
2025 458312 53 2760 13.8158 0
2025 467032 77 3919 19.8069 0
2025 475752 69 3357 20.6542 0
2116 484872 120 4615 44.4695 0
2116 493992 127 6754 26.8043 0
2116 503112 149 6945 41.7045 0
2116 512232 97 3852 36.2367 0
2116 521352 126 5051 40.8653 0
2116 530472 63 3108 17.8686 0
2209 540000 167 5588 68.1531 0
2209 549528 164 5287 67.5127 0
2209 559056 138 6954 36.5081 0
2209 568584 146 8034 27.0039 0
2209 578112 246 8230 83.7808 0
2209 587640 65 2746 19.8762 0
2304 597584 65 3167 14.7654 0
2304 607528 66 2855 19.9112 0
2304 617472 88 4560 21.5126 0
2304 627416 130 6126 32.7893 0
2304 637360 76 3207 25.03 0
2304 647304 107 5469 20.368 0
2401 657672 163 5245 57.9659 0
2401 668040 161 5782 52.8904 0
2401 678408 298 10401 84.8751 0
2401 688776 201 6013 82.1139 0
2401 699144 67 2817 20.2628 0
2401 709512 139 7069 23.3775 0
2500 720312 344 11073 104.386 0
2500 731112 84 3385 23.8994 0
2500 741912 87 3422 27.3083 0
2500 752712 260 10154 72.3107 0
2500 763512 190 6252 60.1005 0
2500 774312 160 7018 28.3776 0
2601 785552 64 2741 16.6043 0
2601 796792 101 4316 25.9763 0
2601 808032 118 5412 24.0493 0
2601 819272 120 4361 37.6376 0
2601 830512 370 10383 145.394 0
2601 841752 82 3418 21.434 0
2704 853440 174 5883 57.0631 0
2704 865128 174 6996 39.5545 0
2704 876816 115 4956 26.5044 0
2704 888504 221 8919 49.9765 0
2704 900192 140 5870 36.3426 0
2704 911880 354 11119 108.228 0
