1024 5196 16 1215 6.56626 0
1024 10392 14 1212 5.53166 0
1024 15588 18 1560 7.37277 0
1024 20784 18 1408 7.60087 0
1024 25980 18 1387 6.70902 0
1024 31176 15 1087 6.36801 0
196 32138 2 290 1.11448 0
196 33100 1 232 0.709945 0
196 34062 1 234 0.60087 0
196 35024 1 200 0.66054 0
196 35986 1 205 0.533822 0
196 36948 1 199 0.529651 0
400 38948 3 418 1.639 0
400 40948 4 545 1.86004 0
400 42948 4 544 1.77534 0
400 44948 3 433 1.66819 0
400 46948 3 444 1.6297 0
400 48948 3 447 1.42566 0
576 51846 6 633 2.6412 0
576 54744 5 587 1.92195 0
576 57642 5 588 2.484 0
576 60540 7 813 3.3566 0
576 63438 6 609 2.7599 0
576 66336 5 601 2.13304 0
784 70300 12 954 5.07227 0
784 74264 14 1291 6.12804 0
784 78228 12 1059 5.3934 0
784 82192 17 1425 7.35834 0
784 86156 9 797 4.42071 0
784 90120 10 988 4.07745 0
1089 95664 15 1127 6.55022 0
1089 101208 21 1531 8.83212 0
1089 106752 19 1244 8.21681 0
1089 112296 16 1179 6.74816 0
1089 117840 19 1367 7.98744 0
1089 123384 17 1295 6.17103 0
1225 129584 19 1269 7.7972 0
1225 135784 26 1488 11.5407 0
1225 141984 20 1480 6.59546 0
1225 148184 25 1571 10.6582 0
1225 154384 36 2110 14.11 0
1225 160584 22 1555 8.65215 0
1296 167184 24 1526 9.43395 0
1296 173784 22 1329 9.33258 0
1296 180384 22 1306 9.10192 0
1296 186984 35 1968 14.0949 0
1296 193584 23 1569 8.91649 0
1296 200184 23 1456 9.22222 0
1369 207192 26 1614 10.057 0
1369 214200 28 1519 12.1021 0
1369 221208 33 1850 13.5942 0
1369 228216 24 1620 9.27612 0
1369 235224 26 1546 10.859 0
1369 242232 28 2018 10.4403 0
1521 249960 30 1808 12.2128 0
1521 257688 27 1601 10.2764 0
1521 265416 32 2000 12.0492 0
1521 273144 32 1878 12.5195 0
1521 280872 33 1600 13.6253 0
1521 288600 35 1738 14.8482 0
1600 296760 34 1717 14.6455 0
1600 304920 37 1613 16.4538 0
1600 313080 47 2209 19.701 0
1600 321240 43 2362 18.0425 0
1600 329400 42 2336 15.4847 0
1600 337560 36 1885 14.4459 0
1681 346160 37 1715 15.4709 0
1681 354760 52 2130 23.4391 0
1681 363360 37 1846 15.2197 0
1681 371960 39 2213 13.6891 0
1681 380560 39 2017 15.1754 0
1681 389160 39 2230 13.3786 0
1764 398208 51 2710 19.6927 0
1764 407256 53 2909 20.8072 0
1764 416304 48 2444 17.4955 0
1764 425352 43 2395 16.6425 0
1764 434400 49 2085 21.4417 0
1764 443448 38 1829 14.8222 0
1936 453296 49 2514 16.8625 0
1936 463144 54 2380 20.8207 0
1936 472992 54 2366 21.9938 0
1936 482840 56 2680 19.1897 0
1936 492688 55 2600 19.9718 0
1936 502536 67 3335 24.7374 0
2025 512856 90 3472 38.2382 0
2025 523176 81 3044 37.0855 0
2025 533496 47 2246 16.9864 0
2025 543816 55 2141 23.6348 0
2025 554136 52 2164 21.0054 0
2025 564456 49 2272 17.9158 0
2116 575256 60 2389 25.5452 0
2116 586056 53 2339 19.8162 0
2116 596856 58 2681 20.83 0
2116 607656 89 3202 36.886 0
2116 618456 62 2689 21.6063 0
2116 629256 64 2487 25.0434 0
2209 640544 64 2771 24.278 0
2209 651832 80 3103 29.9524 0
2209 663120 64 2507 25.5946 0
2209 674408 77 3253 30.6206 0
2209 685696 82 3294 30.0759 0
2209 696984 64 2460 25.3857 0
2304 708768 85 2949 33.2436 0
2304 720552 75 2878 29.6807 0
2304 732336 68 2560 28.3769 0
2304 744120 126 3650 59.6992 0
2304 755904 68 2543 27.4309 0
2304 767688 106 3125 49.8995 0
2401 779976 98 3921 37.5735 0
2401 792264 91 2924 39.1897 0
2401 804552 75 2795 29.578 0
2401 816840 74 2690 29.8465 0
2401 829128 107 3639 43.5328 0
2401 841416 74 3106 29.9684 0
2500 854216 115 4047 38.8144 0
2500 867016 93 3912 33.7671 0
2500 879816 93 2927 38.9122 0
2500 892616 87 3243 32.0575 0
2500 905416 131 4207 54.0912 0
2500 918216 77 2673 30.0692 0
2601 931536 86 2835 33.7934 0
2601 944856 87 3069 32.7043 0
2601 958176 94 2932 40.1245 0
2601 971496 103 3412 41.5531 0
2601 984816 84 2669 33.0212 0
2601 998136 123 4218 43.4933 0
2704 1011984 94 3090 37.5719 0
2704 1025832 94 3005 36.1626 0
2704 1039680 95 3209 35.2415 0
2704 1053528 185 4806 89.4472 0
2704 1067376 87 2822 34.3231 0
2704 1081224 124 4544 47.3238 0
