1000 5400 32 2479 9.57447 0
1000 10800 19 1534 5.82296 0
1000 16200 28 2178 8.97969 0
1000 21600 25 1963 7.96851 0
1000 27000 15 1242 4.64207 0
1000 32400 41 3238 12.0931 0
216 33480 2 315 0.983272 0
216 34560 1 264 0.754537 0
216 35640 1 224 0.528689 0
216 36720 7 981 3.65174 0
216 37800 1 222 0.523556 0
216 38880 1 286 0.859119 0
343 40644 3 443 1.29959 0
343 42408 2 351 1.14111 0
343 44172 15 1676 6.8598 0
343 45936 2 373 1.15651 0
343 47700 4 570 1.56233 0
343 49464 3 491 1.40224 0
512 52152 5 550 1.9906 0
512 54840 10 1297 3.43872 0
512 57528 14 1314 5.89001 0
512 60216 4 555 1.78176 0
512 62904 13 1353 4.9664 0
512 65592 5 547 2.00568 0
729 69480 39 3260 15.1995 0
729 73368 32 2947 12.0492 0
729 77256 10 956 3.81471 0
729 81144 12 1164 4.11178 0
729 85032 13 1261 4.58817 0
729 88920 14 1337 4.56764 0
1000 94320 12 1031 3.95041 0
1000 99720 22 1730 6.52199 0
1000 105120 49 3890 14.4042 0
1000 110520 395 27611 123.019 0
1000 115920 15 1320 4.56155 0
1000 121320 16 1253 5.19578 0
1000 126720 12 1031 4.02291 0
1000 132120 22 1730 6.57749 0
1000 137520 50 3890 14.5797 0
1000 142920 393 27611 122.674 0
1000 148320 16 1320 4.82044 0
1000 153720 15 1253 5.0511 0
1000 159120 13 1031 4.05275 0
1000 164520 21 1730 6.31219 0
1000 169920 49 3890 14.3904 0
1000 175320 394 27611 122.551 0
1000 180720 16 1320 4.85861 0
1000 186120 16 1253 5.02896 0
1331 193380 60 3990 17.3916 0
1331 200640 68 4426 18.653 0
1331 207900 59 3904 15.6236 0
1331 215160 24 1623 6.80815 0
1331 222420 99 6419 25.4717 0
1331 229680 339 20740 87.1936 0
1331 236940 60 3990 17.3784 0
1331 244200 66 4426 18.1596 0
1331 251460 59 3904 15.6281 0
1331 258720 25 1623 6.8983 0
1331 265980 100 6419 25.8464 0
1331 273240 340 20740 87.3014 0
1331 280500 61 3990 17.7387 0
1331 287760 68 4426 18.3649 0
1331 295020 59 3904 15.7304 0
1331 302280 24 1623 6.86686 0
1331 309540 99 6419 25.4152 0
1331 316800 340 20740 87.3764 0
1331 324060 61 3990 17.5167 0
1331 331320 67 4426 18.2244 0
1331 338580 270 14924 85.4185 0
1331 345840 24 1623 6.67021 0
1331 353100 99 6419 25.3902 0
1331 360360 339 20740 87.08 0
1728 369864 33 1824 8.31049 0
1728 379368 38 2080 10.149 0
1728 388872 31 1769 7.84853 0
1728 398376 86 4871 22.6358 0
1728 407880 87 4467 23.0586 0
1728 417384 248 12889 59.0085 0
1728 426888 33 1824 8.41732 0
1728 436392 223 12089 51.2835 0
1728 445896 31 1769 7.68748 0
1728 455400 87 4871 22.9717 0
1728 464904 88 4467 22.9871 0
1728 474408 248 12889 58.8227 0
1728 483912 32 1824 7.98327 0
1728 493416 222 12089 51.0708 0
1728 502920 32 1769 8.11512 0
1728 512424 86 4871 22.6197 0
1728 521928 88 4467 23.1577 0
1728 531432 247 12889 58.7913 0
1728 540936 44 2512 10.4224 0
1728 550440 221 12089 50.8744 0
1728 559944 31 1769 7.80779 0
1728 569448 86 4871 22.3884 0
1728 578952 87 4467 22.7378 0
1728 588456 145 7858 31.6026 0
2197 600624 119 5486 25.9157 0
2197 612792 91 4139 21.7308 0
2197 624960 258 11328 59.9776 0
2197 637128 54 2583 12.8467 0
2197 649296 7702 302864 2099.19 0
2197 661464 839 36611 195.45 0
2197 673632 121 5486 26.5881 0
2197 685800 91 4139 21.741 0
2197 697968 257 11328 59.9545 0
2197 710136 106 4857 23.2075 0
2197 722304 7702 302864 2097.71 0
2197 734472 841 36611 196.984 0
2197 746640 123 5486 27.3738 0
2197 758808 91 4139 21.8979 0
2197 770976 2088 84083 524.398 0
2197 783144 105 4857 22.9271 0
2197 795312 7714 302864 2111.34 0
2197 807480 838 36611 195.358 0
2197 819648 120 5486 26.4726 0
2197 831816 53 2458 12.8733 0
2197 843984 2089 84083 522.612 0
2197 856152 106 4857 23.4311 0
2197 868320 7705 302864 2099.34 0
2197 880488 839 36611 195.951 0
2197 892656 106 4903 23.5985 0
2197 904824 53 2458 12.9359 0
2197 916992 2089 84083 522.911 0
2197 929160 105 4857 23.0663 0
2197 941328 7708 302864 2101.02 0
2197 953496 104 5038 24.756 0
2197 965664 106 4903 23.7727 0
2197 977832 54 2458 13.0379 0
2197 990000 2089 84083 523.479 0
2197 1002168 106 4857 23.2562 0
2197 1014336 208 10398 42.0381 0
2197 1026504 104 5038 24.7881 0
