1000 5800 16 1467 5.9917 0
1000 11600 41 3334 14.4308 0
1000 17400 15 1095 6.11778 0
1000 23200 34 2362 14.1399 0
1000 29000 13 1024 5.14445 0
1000 34800 15 1077 6.75041 0
216 35966 2 310 0.850779 0
216 37132 1 258 0.814848 0
216 38298 2 328 1.12058 0
216 39464 1 247 0.742025 0
216 40630 2 353 0.910449 0
216 41796 1 259 0.655407 0
343 43696 2 396 1.19436 0
343 45596 2 374 1.22837 0
343 47496 2 375 1.10742 0
343 49396 4 575 1.89821 0
343 51296 2 356 1.16806 0
343 53196 3 396 1.40353 0
512 56088 6 803 2.2665 0
512 58980 4 560 1.87223 0
512 61872 6 707 2.97452 0
512 64764 9 1143 3.93662 0
512 67656 6 625 2.59147 0
512 70548 5 563 2.14555 0
729 74726 12 1137 5.28111 0
729 78904 15 1318 6.47484 0
729 83082 10 1126 3.72905 0
729 87260 10 839 4.35591 0
729 91438 10 1002 4.02291 0
729 95616 10 1022 4.31934 0
1000 101456 13 1028 5.13162 0
1000 107296 15 1145 5.6632 0
1000 113136 13 1356 4.88428 0
1000 118976 13 1016 4.95453 0
1000 124816 13 1053 5.43606 0
1000 130656 17 1465 5.93363 0
1000 136536 19 1271 8.82763 0
1000 142416 14 1012 5.78991 0
1000 148296 15 1240 5.24198 0
1000 154176 14 1171 5.74051 0
1000 160056 22 1466 10.1667 0
1000 165936 19 1393 7.95215 0
1000 171856 23 1573 10.9498 0
1000 177776 20 1721 7.81773 0
1000 183696 16 1329 6.9445 0
1000 189616 12 1096 4.22021 0
1000 195536 11 1023 3.91191 0
1000 201456 27 1826 11.9382 0
1331 209276 24 1383 10.8218 0
1331 217096 26 1532 11.1214 0
1331 224916 25 1438 10.5292 0
1331 232736 22 1579 7.52291 0
1331 240556 41 2071 18.7142 0
1331 248376 42 2590 16.0952 0
1331 256236 23 1380 9.24564 0
1331 264096 30 1828 10.918 0
1331 271956 43 2426 16.9299 0
1331 279816 36 1868 16.2421 0
1331 287676 24 1447 9.39899 0
1331 295536 25 1613 9.83977 0
1331 303436 30 1456 14.1132 0
1331 311336 77 3845 32.8365 0
1331 319236 22 1359 8.80646 0
1331 327136 22 1619 7.48377 0
1331 335036 48 3199 16.953 0
1331 342936 33 1631 16.6996 0
1331 350876 26 1441 11.098 0
1331 358816 22 1780 7.68395 0
1331 366756 27 1384 12.1865 0
1331 374696 34 2095 13.9759 0
1331 382636 25 1704 9.0785 0
1331 390576 35 1575 17.2982 0
1728 400800 43 2643 12.1307 0
1728 411024 34 2064 9.36273 0
1728 421248 60 3108 21.9037 0
1728 431472 80 3279 32.3222 0
1728 441696 48 2088 20.3539 0
1728 451920 53 2750 18.5943 0
1728 462184 30 1738 9.33611 0
1728 472448 49 2736 17.1872 0
1728 482712 35 2067 11.5923 0
1728 492976 46 2333 16.8192 0
1728 503240 37 2126 11.7624 0
1728 513504 43 1839 19.2208 0
1728 523808 41 1743 18.4512 0
1728 534112 41 2530 12.5208 0
1728 544416 66 2407 32.378 0
1728 554720 38 2413 14.2098 0
1728 565024 58 2782 23.0233 0
1728 575328 48 2445 17.5869 0
1728 585672 72 4308 23.0339 0
1728 596016 35 1974 11.5263 0
1728 606360 55 2097 25.4836 0
1728 616704 44 2202 17.1734 0
1728 627048 42 2652 16.7977 0
1728 637392 75 4262 25.0829 0
2197 650440 63 2294 26.5676 0
2197 663488 56 2412 19.617 0
2197 676536 127 6280 33.8948 0
2197 689584 76 4087 20.76 0
2197 702632 72 2552 31.5083 0
2197 715680 165 5865 57.6168 0
2197 728768 102 4187 38.9225 0
2197 741856 51 3244 16.0875 0
2197 754944 73 2332 34.018 0
2197 768032 84 2368 42.8389 0
2197 781120 82 2654 39.0088 0
2197 794208 127 6273 40.6163 0
2197 807336 71 3417 26.5426 0
2197 820464 67 3442 17.4304 0
2197 833592 65 2649 25.0454 0
2197 846720 70 3397 22.5854 0
2197 859848 65 3199 21.1322 0
2197 872976 68 2790 23.9546 0
2197 886144 64 2309 26.7466 0
2197 899312 66 2632 26.6151 0
2197 912480 81 2927 36.0079 0
2197 925648 99 4730 31.4913 0
2197 938816 60 2762 20.7401 0
2197 951984 71 2374 32.1422 0
2197 965192 63 2310 25.8422 0
2197 978400 70 2930 26.9224 0
2197 991608 91 3622 36.2518 0
2197 1004816 109 3612 44.0236 0
2197 1018024 60 2236 24.3325 0
2197 1031232 108 4201 41.3211 0
2197 1044480 77 2910 31.4156 0
2197 1057728 58 2738 20.4973 0
2197 1070976 70 2340 31.6591 0
2197 1084224 69 2715 26.9243 0
2197 1097472 71 2778 28.4802 0
2197 1110720 69 2782 27.691 0
