1000 6600 24 1015 14.1264 0
1000 13200 23 1017 13.1861 0
1000 19800 24 1097 13.8226 0
1000 26400 24 1053 14.3051 0
1000 33000 26 1346 14.3493 0
1000 39600 24 1045 14.2092 0
216 40938 1 244 0.869706 0
216 42276 1 231 1.01054 0
216 43614 1 231 0.833134 0
216 44952 2 227 1.28611 0
216 46290 1 224 0.858799 0
216 47628 1 237 0.907882 0
343 49802 4 359 2.26938 0
343 51976 4 399 2.49972 0
343 54150 4 360 2.19977 0
343 56324 4 403 2.10449 0
343 58498 4 433 2.56003 0
343 60672 4 373 2.23442 0
512 63974 6 521 3.21673 0
512 67276 8 634 4.98726 0
512 70578 7 563 3.66233 0
512 73880 7 561 4.11691 0
512 77182 8 624 4.7643 0
512 80484 8 648 4.55962 0
729 85246 15 920 8.43207 0
729 90008 13 747 7.66054 0
729 94770 12 829 6.62529 0
729 99532 14 797 7.52676 0
729 104294 15 966 8.15458 0
729 109056 15 798 9.04385 0
1000 115776 25 1109 14.7706 0
1000 122496 26 1103 15.9771 0
1000 129216 26 1162 15.476 0
1000 135936 25 1076 15.3551 0
1000 142656 29 1248 17.0377 0
1000 149376 25 1147 14.9127 0
1000 156216 28 1125 17.0845 0
1000 163056 26 1089 14.9701 0
1000 169896 27 1003 16.4038 0
1000 176736 31 1336 18.9462 0
1000 183576 27 1103 15.9521 0
1000 190416 25 1354 13.7231 0
1000 197376 27 1160 16.3432 0
1000 204336 29 1079 18.038 0
1000 211296 30 1169 18.6552 0
1000 218256 28 1025 17.7573 0
1000 225216 27 1119 15.6387 0
1000 232176 29 1112 17.9462 0
1331 241116 46 1729 26.8996 0
1331 250056 39 1339 22.1648 0
1331 258996 43 1529 24.26 0
1331 267936 47 1818 26.4646 0
1331 276876 48 1755 27.2833 0
1331 285816 42 1410 24.5353 0
1331 294876 49 1415 30.4192 0
1331 303936 48 1623 28.9056 0
1331 312996 45 1641 25.6119 0
1331 322056 45 1514 27.4225 0
1331 331116 46 1353 28.1338 0
1331 340176 44 1552 26.249 0
1331 349356 46 1811 26.2339 0
1331 358536 46 1740 26.7411 0
1331 367716 46 1340 28.512 0
1331 376896 51 1748 30.0021 0
1331 386076 47 1477 28.9646 0
1331 395256 44 1405 25.8448 0
1331 404556 45 1389 27.1033 0
1331 413856 47 1709 27.8412 0
1331 423156 46 1496 27.6779 0
1331 432456 51 1713 30.0881 0
1331 441756 51 1780 29.7092 0
1331 451056 49 1532 29.759 0
1728 462720 72 2401 41.2438 0
1728 474384 75 2386 42.247 0
1728 486048 70 1734 41.7709 0
1728 497712 68 1998 40.2208 0
1728 509376 79 2301 46.7758 0
1728 521040 73 1760 44.1304 0
1728 532824 66 1783 39.02 0
1728 544608 80 2216 47.4899 0
1728 556392 79 2248 46.5317 0
1728 568176 86 2682 49.1302 0
1728 579960 73 2337 40.7318 0
1728 591744 71 1981 41.6817 0
1728 603648 79 2226 46.072 0
1728 615552 82 2230 48.8838 0
1728 627456 76 2468 42.1049 0
1728 639360 77 2267 44.5247 0
1728 651264 73 1743 43.6755 0
1728 663168 73 1753 43.8956 0
1728 675192 75 1925 45.1971 0
1728 687216 77 1907 46.8294 0
1728 699240 75 1809 45.2164 0
1728 711264 77 1853 47.0774 0
1728 723288 75 2195 43.1392 0
1728 735312 78 1935 47.3228 0
2197 750120 114 2488 66.5709 0
2197 764928 120 2593 70.8456 0
2197 779736 118 2606 70.784 0
2197 794544 131 2924 75.6878 0
2197 809352 114 2984 63.3878 0
2197 824160 126 2978 73.5057 0
2197 839088 106 2201 62.4652 0
2197 854016 169 3604 93.7871 0
2197 868944 125 2581 74.8935 0
2197 883872 110 2440 64.0618 0
2197 898800 119 2385 72.1032 0
2197 913728 122 3252 66.329 0
2197 928776 111 2422 65.8997 0
2197 943824 115 2206 69.8376 0
2197 958872 127 3177 72.1362 0
2197 973920 129 2766 76.8941 0
2197 988968 119 2968 68.1874 0
2197 1004016 115 2591 66.3235 0
2197 1019184 124 2262 77.1713 0
2197 1034352 124 3131 69.1418 0
2197 1049520 118 2360 71.1873 0
2197 1064688 120 2682 70.5444 0
2197 1079856 116 2441 69.6426 0
2197 1095024 123 2252 75.5653 0
2197 1110312 132 3288 75.5733 0
2197 1125600 113 2282 67.4614 0
2197 1140888 127 2996 75.2817 0
2197 1156176 126 2462 78.536 0
2197 1171464 120 2458 72.2851 0
2197 1186752 127 2504 76.8081 0
2197 1202160 132 2781 76.9839 0
2197 1217568 126 2503 77.1963 0
2197 1232976 121 2356 73.6607 0
2197 1248384 128 2756 77.4074 0
2197 1263792 132 2814 78.3274 0
2197 1279200 140 2857 83.0837 0
