1296 7200 41 2743 11.9606 0
1296 14400 21 1543 5.73602 0
1296 21600 33 2253 8.02337 0
1296 28800 23 1651 6.01544 0
1296 36000 31 1996 7.75068 0
1296 43200 25 1811 6.70678 0
256 44544 1 303 0.748762 0
256 45888 1 269 0.764482 0
256 47232 2 328 1.06893 0
256 48576 1 289 0.742025 0
256 49920 1 299 0.811961 0
256 51264 2 309 1.04615 0
625 54664 7 826 2.75091 0
625 58064 6 706 2.36531 0
625 61464 7 790 2.38167 0
625 64864 6 709 2.33451 0
625 68264 6 699 2.27035 0
625 71664 7 792 2.6011 0
625 74664 6 796 2.11636 0
625 77664 6 763 2.03937 0
625 80664 6 780 1.90302 0
625 83664 7 848 2.30179 0
625 86664 5 696 1.72594 0
625 89664 8 878 2.54303 0
625 92664 6 796 2.07016 0
625 95664 6 763 2.06407 0
625 98664 6 780 1.87062 0
625 101664 8 848 2.50935 0
625 104664 5 696 1.71022 0
625 107664 8 878 2.5549 0
1296 114144 20 1536 4.41365 0
1296 120624 21 1681 4.78515 0
1296 127104 19 1457 4.19166 0
1296 133584 29 2204 6.82516 0
1296 140064 19 1437 4.30073 0
1296 146544 27 1987 6.05233 0
1296 153024 20 1536 4.57887 0
1296 159504 21 1681 4.82172 0
1296 165984 19 1457 4.18043 0
1296 172464 30 2204 7.12383 0
1296 178944 19 1437 4.34564 0
1296 185424 27 1987 5.9917 0
1296 191904 44 3030 11.0781 0
1296 198384 21 1681 4.81081 0
1296 204864 19 1457 4.12429 0
1296 211344 30 2204 7.07731 0
1296 217824 18 1437 4.25967 0
1296 224304 28 1987 6.19894 0
1296 230784 42 3030 10.7425 0
1296 237264 22 1681 5.10018 0
1296 243744 19 1457 4.40114 0
1296 250224 29 2204 6.68464 0
1296 256704 19 1437 4.25229 0
1296 263184 27 1987 6.21081 0
1296 269664 42 3030 10.6918 0
1296 276144 22 1681 5.0989 0
1296 282624 19 1457 4.38895 0
1296 289104 29 2204 6.67181 0
1296 295584 18 1437 4.19839 0
1296 302064 33 2344 7.71475 0
1296 308544 43 3030 10.8859 0
1296 315024 21 1681 4.9988 0
1296 321504 19 1457 4.26576 0
1296 327984 30 2204 7.06672 0
1296 334464 19 1437 4.36617 0
1296 340944 33 2344 7.81773 0
1296 347424 43 3030 10.8513 0
1296 353904 21 1681 4.6857 0
1296 360384 20 1457 4.31068 0
1296 366864 30 2021 6.87648 0
1296 373344 19 1437 4.48167 0
1296 379824 33 2344 7.81709 0
1296 386304 43 3030 10.7858 0
1296 392784 22 1681 5.01805 0
1296 399264 19 1457 4.46755 0
1296 405744 30 2021 6.85531 0
1296 412224 18 1437 4.13455 0
1296 418704 33 2344 7.62076 0
1296 425184 43 3030 10.8615 0
1296 431664 40 2629 8.93285 0
1296 438144 19 1457 4.33121 0
1296 444624 30 2021 6.91274 0
1296 451104 18 1437 4.16182 0
1296 457584 34 2344 7.77314 0
1296 464064 43 3030 10.8028 0
1296 470544 41 2629 8.9104 0
1296 477024 19 1457 4.34372 0
1296 483504 30 2021 6.80655 0
1296 489984 19 1437 4.39505 0
1296 496464 33 2344 7.75517 0
1296 502944 42 3030 10.7493 0
1296 509424 41 2629 9.25719 0
1296 515904 20 1457 4.58176 0
1296 522384 29 2021 6.65866 0
1296 528864 19 1437 4.52529 0
1296 535344 33 2344 7.56846 0
1296 541824 43 3030 10.9077 0
1296 548304 41 2629 9.09743 0
1296 554784 19 1457 4.21508 0
1296 561264 30 2021 6.84761 0
1296 567744 19 1437 4.42103 0
1296 574224 33 2344 7.50238 0
2401 586572 66 3112 10.4208 0
2401 598920 128 5220 17.355 0
2401 611268 136 5354 22.2803 0
2401 623616 65 3008 10.3566 0
2401 635964 80 3690 12.9109 0
2401 648312 72 3345 11.5538 0
2401 660660 65 3112 10.1911 0
2401 673008 127 5220 17.1429 0
2401 685356 247 9185 38.4002 0
2401 697704 65 3008 10.2148 0
2401 710052 80 3690 12.9012 0
2401 722400 73 3345 11.6058 0
2401 734748 75 3402 11.8705 0
2401 747096 128 5220 17.2953 0
2401 759444 247 9185 38.5202 0
2401 771792 64 3008 10.3024 0
2401 784140 80 3690 13.0555 0
2401 796488 85 3863 13.4562 0
