1296 8236 32 1374 16.4988 0
1296 16472 22 1328 9.20811 0
1296 24708 35 1663 17.7403 0
1296 32944 26 1351 12.0912 0
1296 41180 33 1460 16.5222 0
1296 49416 32 1613 16.568 0
256 50964 2 270 1.09972 0
256 52512 2 272 1.29253 0
256 54060 2 262 0.916544 0
256 55608 2 261 0.997066 0
256 57156 1 275 0.882218 0
256 58704 1 261 0.699037 0
625 62604 7 708 3.3829 0
625 66504 6 629 2.80802 0
625 70404 8 735 4.26865 0
625 74304 8 694 4.21058 0
625 78204 8 816 3.3274 0
625 82104 6 667 2.88565 0
625 85984 10 749 5.32763 0
625 89864 9 696 4.86503 0
625 93744 10 743 5.91759 0
625 97624 8 656 4.62218 0
625 101504 10 826 5.48932 0
625 105384 10 686 5.3087 0
625 109344 10 701 5.12135 0
625 113304 9 701 5.32218 0
625 117264 9 631 5.08895 0
625 121224 10 680 5.77676 0
625 125184 8 636 4.17145 0
625 129144 10 626 5.58267 0
1296 136664 31 1615 14.6888 0
1296 144184 23 1310 9.7708 0
1296 151704 26 1827 10.7384 0
1296 159224 22 1712 7.74908 0
1296 166744 24 1454 10.5385 0
1296 174264 21 1588 7.84981 0
1296 181864 23 1431 9.61553 0
1296 189464 28 1594 11.7643 0
1296 197064 29 1498 13.538 0
1296 204664 29 1880 11.952 0
1296 212264 29 1472 13.5704 0
1296 219864 23 1306 9.81122 0
1296 227544 26 1546 11.7059 0
1296 235224 25 1373 11.5064 0
1296 242904 29 1435 14.2621 0
1296 250584 25 1397 10.875 0
1296 258264 26 1392 11.8227 0
1296 265944 30 1482 14.426 0
1296 273704 28 1362 14.0077 0
1296 281464 31 1703 16.1196 0
1296 289224 28 1323 13.4444 0
1296 296984 27 1337 13.284 0
1296 304744 29 1338 14.7241 0
1296 312504 25 1398 11.788 0
1296 320344 29 1663 12.7437 0
1296 328184 31 1465 15.5344 0
1296 336024 30 1748 13.4254 0
1296 343864 31 1411 15.5591 0
1296 351704 29 1548 14.272 0
1296 359544 25 1325 12.0652 0
1296 367464 29 1315 14.5829 0
1296 375384 40 2079 20.0414 0
1296 383304 38 1763 19.5159 0
1296 391224 29 1486 13.829 0
1296 399144 28 1327 14.0491 0
1296 407064 35 1698 18.5622 0
1296 415064 32 1559 15.8632 0
1296 423064 32 1618 15.9383 0
1296 431064 34 1556 17.7493 0
1296 439064 31 1592 15.3005 0
1296 447064 33 1407 17.7355 0
1296 455064 32 1545 15.9049 0
1296 463144 33 1516 16.7105 0
1296 471224 33 1620 16.526 0
1296 479304 32 1654 16.133 0
1296 487384 35 1522 18.516 0
1296 495464 39 1412 22.519 0
1296 503544 37 1510 20.3086 0
1296 511704 32 1306 17.296 0
1296 519864 34 1363 19.0941 0
1296 528024 35 1609 17.9918 0
1296 536184 33 1328 18.0335 0
1296 544344 33 1340 17.4079 0
1296 552504 38 1407 21.6692 0
1296 560744 38 1379 21.1376 0
1296 568984 36 1335 20.2137 0
1296 577224 34 1299 18.8028 0
1296 585464 35 1539 18.5118 0
1296 593704 33 1592 16.8776 0
1296 601944 40 1531 21.3965 0
1296 610264 37 1458 20.1691 0
1296 618584 38 1402 21.7641 0
1296 626904 41 1736 22.7586 0
1296 635224 33 1300 17.7239 0
1296 643544 37 1525 20.325 0
1296 651864 42 1470 25.0479 0
1296 660264 42 1643 24.3088 0
1296 668664 39 1360 22.5957 0
1296 677064 35 1400 18.9369 0
1296 685464 40 1716 22.1741 0
1296 693864 37 1584 19.8829 0
1296 702264 37 1397 20.7812 0
2401 716612 87 3075 38.0611 0
2401 730960 93 3657 34.8479 0
2401 745308 64 2414 23.4124 0
2401 759656 74 3067 26.2391 0
2401 774004 95 3154 41.7587 0
2401 788352 83 2476 38.2385 0
2401 802780 96 2956 45.3373 0
2401 817208 103 3185 46.9343 0
2401 831636 95 3076 38.6302 0
2401 846064 78 2906 31.7088 0
2401 860492 85 2647 39.2471 0
2401 874920 81 2573 36.4616 0
2401 889428 95 3724 36.9245 0
2401 903936 102 3212 48.1165 0
2401 918444 78 2978 28.4488 0
2401 932952 79 2438 34.906 0
2401 947460 96 3144 44.4134 0
2401 961968 84 2456 38.883 0
