1296 7718 29 2027 8.97841 0
1296 15436 24 1718 8.92002 0
1296 23154 22 1494 7.89023 0
1296 30872 22 1510 7.77153 0
1296 38590 22 1899 6.88707 0
1296 46308 25 1746 9.42625 0
256 47754 2 315 1.11897 0
256 49200 1 312 0.86746 0
256 50646 2 266 0.923602 0
256 52092 1 271 0.814527 0
256 53538 2 345 1.07406 0
256 54984 1 267 0.836663 0
625 58634 7 744 3.17695 0
625 62284 6 640 2.41728 0
625 65934 6 634 2.80962 0
625 69584 6 655 2.62965 0
625 73234 8 713 3.6604 0
625 76884 6 649 2.36723 0
625 80324 7 841 3.16187 0
625 83764 7 732 3.34601 0
625 87204 6 641 2.32553 0
625 90644 8 994 3.3274 0
625 94084 6 683 2.6983 0
625 97524 8 798 3.49839 0
625 101004 6 697 2.46155 0
625 104484 7 739 3.13492 0
625 107964 9 835 3.961 0
625 111444 6 667 3.08455 0
625 114924 6 659 2.29729 0
625 118404 7 778 3.04702 0
1296 125404 20 1562 6.61567 0
1296 132404 20 1503 5.79088 0
1296 139404 24 1905 7.75646 0
1296 146404 24 1746 7.63198 0
1296 153404 19 1547 5.43735 0
1296 160404 30 2164 9.16608 0
1296 167444 25 1714 8.67268 0
1296 174484 18 1353 5.84156 0
1296 181524 38 3014 10.6453 0
1296 188564 25 1769 7.84275 0
1296 195604 34 2452 10.9469 0
1296 202644 22 1817 6.58519 0
1296 209724 24 1824 7.12543 0
1296 216804 23 1652 7.60664 0
1296 223884 28 2171 8.70701 0
1296 230964 21 1738 6.76324 0
1296 238044 22 1554 6.906 0
1296 245124 18 1386 5.53583 0
1296 252244 26 2039 7.43276 0
1296 259364 22 1631 7.74523 0
1296 266484 27 1908 8.878 0
1296 273604 22 1984 7.33075 0
1296 280724 22 1539 7.47254 0
1296 287844 28 1835 10.6309 0
1296 295004 20 1445 7.42988 0
1296 302164 19 1361 5.79056 0
1296 309324 19 1368 5.99427 0
1296 316484 19 1464 6.45559 0
1296 323644 20 1453 6.85018 0
1296 330804 20 1622 6.40105 0
1296 338004 20 1324 6.96824 0
1296 345204 36 2401 13.266 0
1296 352404 19 1322 6.3016 0
1296 359604 18 1329 5.62566 0
1296 366804 19 1471 6.51943 0
1296 374004 34 2031 12.3526 0
1296 381244 19 1409 6.71319 0
1296 388484 21 1751 6.7934 0
1296 395724 29 2077 9.56131 0
1296 402964 20 1482 6.67887 0
1296 410204 21 1589 7.30893 0
1296 417444 22 1653 7.1989 0
1296 424724 18 1313 6.00935 0
1296 432004 25 1890 7.57231 0
1296 439284 22 1643 7.89729 0
1296 446564 20 1327 7.17195 0
1296 453844 21 1554 6.99101 0
1296 461124 21 1586 6.53515 0
1296 468444 21 1517 7.03978 0
1296 475764 21 1671 6.82997 0
1296 483084 21 1676 8.02978 0
1296 490404 28 1924 10.7217 0
1296 497724 19 1389 6.37121 0
1296 505044 27 1955 9.93986 0
1296 512404 21 1416 7.64514 0
1296 519764 19 1369 6.86846 0
1296 527124 20 1608 6.4912 0
1296 534484 21 1690 7.1434 0
1296 541844 17 1299 5.65293 0
1296 549204 21 1473 7.50527 0
1296 556604 19 1319 6.84569 0
1296 564004 19 1336 6.89381 0
1296 571404 31 1892 13.4392 0
1296 578804 19 1345 6.84248 0
1296 586204 23 1629 8.15811 0
1296 593604 18 1304 6.18868 0
1296 601044 25 1649 10.0348 0
1296 608484 24 1665 8.37112 0
1296 615924 22 1620 8.40769 0
1296 623364 21 1334 7.95632 0
1296 630804 22 1692 7.51553 0
1296 638244 22 1682 7.50398 0
2401 651592 67 2974 16.8831 0
2401 664940 68 2829 21.4058 0
2401 678288 91 4163 21.8052 0
2401 691636 122 4861 36.2887 0
2401 704984 67 3316 17.9466 0
2401 718332 157 6917 38.7053 0
2401 731720 66 3567 18.2638 0
2401 745108 79 3785 21.1976 0
2401 758496 89 4147 25.7591 0
2401 771884 79 3873 18.1592 0
2401 785272 55 2526 14.7828 0
2401 798660 161 6136 44.7297 0
2401 812088 52 2587 12.5746 0
2401 825516 87 3515 22.1597 0
2401 838944 57 2643 15.0118 0
2401 852372 70 3687 16.3768 0
2401 865800 80 3272 25.0851 0
2401 879228 71 3108 21.3744 0
