1296 8754 40 1670 22.2829 0
1296 17508 36 1313 20.0623 0
1296 26262 37 1305 21.4902 0
1296 35016 37 1399 21.2185 0
1296 43770 39 1319 23.1885 0
1296 52524 35 1534 19.5079 0
256 54174 2 273 1.31563 0
256 55824 2 266 1.17383 0
256 57474 2 267 1.24826 0
256 59124 2 298 1.35926 0
256 60774 2 284 1.33937 0
256 62424 2 284 1.18442 0
625 66574 10 648 6.10591 0
625 70724 10 651 5.53519 0
625 74874 11 632 6.47772 0
625 79024 9 714 4.60838 0
625 83174 10 631 5.78093 0
625 87324 11 713 6.32951 0
625 91644 12 685 7.35384 0
625 95964 12 629 7.59349 0
625 100284 11 751 6.62786 0
625 104604 11 626 6.77286 0
625 108924 12 721 7.03208 0
625 113244 13 632 8.10549 0
625 117684 12 641 7.35769 0
625 122124 12 654 7.31663 0
625 126564 11 635 6.52296 0
625 131004 12 676 7.28776 0
625 135444 13 688 7.78725 0
625 139884 13 714 8.02241 0
1296 147924 31 1455 15.9688 0
1296 155964 33 1385 17.4522 0
1296 164004 30 1340 15.8238 0
1296 172044 33 1620 16.6986 0
1296 180084 34 1546 17.9459 0
1296 188124 31 1547 16.0153 0
1296 196284 31 1390 16.2302 0
1296 204444 36 1521 19.0841 0
1296 212604 36 1746 19.3052 0
1296 220764 30 1333 15.2871 0
1296 228924 37 1653 20.0895 0
1296 237084 34 1506 17.6562 0
1296 245364 38 1526 21.8626 0
1296 253644 36 1575 19.404 0
1296 261924 36 1462 19.779 0
1296 270204 32 1301 17.1878 0
1296 278484 39 1351 22.8478 0
1296 286764 37 1546 20.0138 0
1296 295164 38 1585 20.6676 0
1296 303564 36 1301 20.1877 0
1296 311964 41 1552 23.2591 0
1296 320364 36 1638 19.2413 0
1296 328764 40 1637 22.7782 0
1296 337164 36 1522 19.7456 0
1296 345684 39 1434 22.5129 0
1296 354204 38 1511 21.528 0
1296 362724 40 1459 23.5494 0
1296 371244 36 1461 20.3821 0
1296 379764 38 1312 21.9419 0
1296 388284 35 1329 19.9923 0
1296 396924 42 1574 23.8564 0
1296 405564 44 1500 26.0989 0
1296 414204 42 1652 23.6123 0
1296 422844 38 1377 22.307 0
1296 431484 42 1623 24.8304 0
1296 440124 40 1436 23.4686 0
1296 448884 42 1296 25.6392 0
1296 457644 43 1385 25.762 0
1296 466404 41 1337 24.3178 0
1296 475164 42 1323 24.825 0
1296 483924 40 1369 23.5652 0
1296 492684 42 1298 25.9962 0
1296 501564 46 1661 26.9227 0
1296 510444 42 1451 24.3255 0
1296 519324 49 1648 29.3162 0
1296 528204 41 1498 23.4715 0
1296 537084 45 1579 26.6102 0
1296 545964 50 1704 30.0397 0
1296 554964 48 1330 30.0679 0
1296 563964 46 1394 27.9631 0
1296 572964 45 1332 27.8344 0
1296 581964 44 1411 26.8053 0
1296 590964 42 1346 25.1204 0
1296 599964 47 1305 28.9569 0
1296 609084 50 1577 30.4548 0
1296 618204 46 1495 27.9333 0
1296 627324 48 1518 29.3323 0
1296 636444 48 1362 30.0281 0
1296 645564 45 1373 27.6182 0
1296 654684 49 1392 30.6935 0
1296 663924 48 1369 29.6483 0
1296 673164 49 1353 30.5334 0
1296 682404 50 1487 30.7047 0
1296 691644 46 1301 28.8411 0
1296 700884 49 1408 30.945 0
1296 710124 51 1530 31.2802 0
1296 719484 50 1377 31.6334 0
1296 728844 49 1438 30.783 0
1296 738204 46 1387 28.613 0
1296 747564 51 1399 32.3723 0
1296 756924 51 1596 31.8792 0
1296 766284 50 1311 31.6363 0
2401 781632 120 3249 62.1498 0
2401 796980 117 2897 63.614 0
2401 812328 114 2785 62.6933 0
2401 827676 113 2512 62.1745 0
2401 843024 107 2891 54.8717 0
2401 858372 107 2660 57.8719 0
2401 873840 143 3539 73.8689 0
2401 889308 129 3033 71.3441 0
2401 904776 128 2935 69.6965 0
2401 920244 117 2920 64.3339 0
2401 935712 114 2549 63.1966 0
2401 951180 118 2567 66.5782 0
2401 966768 124 3109 67.6629 0
2401 982356 123 2514 69.6458 0
2401 997944 116 2925 61.6949 0
2401 1013532 126 2611 71.6839 0
2401 1029120 117 2719 64.1661 0
2401 1044708 119 2557 67.1666 0
