1000 20094 76 1025 55.6846 0
1000 40170 70 1028 51.132 0
1000 60264 69 1021 50.6335 0
1000 80354 73 1037 53.7248 0
1000 100442 77 1077 56.1389 0
1000 120518 74 1028 54.1431 0
200 121404 1 204 0.768973 0
200 122292 1 206 0.661182 0
200 123176 1 203 0.718606 0
200 124074 1 224 0.759349 0
200 124948 1 220 0.802016 0
200 125850 1 208 0.66824 0
400 129120 7 409 4.99078 0
400 132424 8 423 5.12873 0
400 135730 7 405 4.48969 0
400 139024 7 402 4.66228 0
400 142302 8 415 5.58396 0
400 145592 7 400 4.59042 0
600 152870 21 610 14.9768 0
600 160152 21 600 14.7481 0
600 167442 21 603 15.3349 0
600 174728 21 624 14.5691 0
600 182030 22 642 15.6258 0
600 189324 21 617 14.8408 0
800 202184 44 832 31.7409 0
800 215062 43 860 31.0765 0
800 227940 40 806 28.5992 0
800 240818 43 826 30.9767 0
800 253692 43 804 30.7823 0
800 266564 43 803 30.9986 0
1100 290832 89 1109 64.6585 0
1100 315106 92 1159 67.7341 0
1100 339384 90 1117 66.2067 0
1100 363652 91 1173 66.9927 0
1100 387940 90 1132 66.3954 0
1100 412202 92 1187 67.9506 0
1200 441064 112 1223 82.8004 0
1200 469924 108 1248 79.3832 0
1200 498782 112 1216 83.2072 0
1200 527654 112 1260 83.2457 0
1200 556540 111 1222 82.8508 0
1200 585412 111 1231 82.2589 0
1300 619276 131 1318 97.0776 0
1300 653152 133 1340 99.3682 0
1300 687016 136 1325 101.697 0
1300 720876 133 1319 99.2556 0
1300 754750 133 1319 98.7487 0
1300 788628 129 1308 95.4235 0
1400 827898 155 1419 115.708 0
1400 867174 160 1416 118.985 0
1400 906426 154 1400 114.708 0
1400 945686 157 1405 117.912 0
1400 984962 153 1402 113.029 0
1400 1024236 165 1482 122.536 0
1500 1069308 181 1525 135.362 0
1500 1114388 182 1539 135.731 0
1500 1159436 184 1512 138.345 0
1500 1204492 185 1501 138.286 0
1500 1249558 186 1582 139.507 0
1500 1294638 179 1534 132.669 0
1600 1345906 208 1613 155.196 0
1600 1397170 207 1606 154.676 0
1600 1448416 216 1615 163.103 0
1600 1499664 207 1611 155.081 0
1600 1550938 212 1651 158.852 0
1600 1602210 212 1685 159.74 0
1700 1660080 238 1710 177.617 0
1700 1717944 239 1760 179.423 0
1700 1775796 241 1737 181.65 0
1700 1833650 241 1712 181.584 0
1700 1891520 242 1720 182.608 0
1700 1949388 235 1713 175.735 0
1800 2014246 269 1838 202.042 0
1800 2079130 262 1812 196.53 0
1800 2143992 270 1807 203.09 0
1800 2208848 259 1801 193.107 0
1800 2273706 271 1836 204.24 0
1800 2338580 276 1846 209.171 0
1900 2410854 300 1939 225.491 0
1900 2483124 297 1915 222.696 0
1900 2555372 297 1901 223.301 0
1900 2627626 304 1900 229.89 0
1900 2699888 303 1951 227.782 0
1900 2772166 296 1901 221.388 0
2000 2852246 338 2012 254.093 0
2000 2932314 342 2068 258.012 0
2000 3012366 342 2006 259.505 0
2000 3092426 340 2010 256.191 0
2000 3172492 342 2024 258.066 0
2000 3252564 339 2022 255.965 0
2100 3340832 377 2109 284.266 0
2100 3429104 379 2110 285.829 0
2100 3517362 370 2100 277.969 0
2100 3605620 378 2119 285.094 0
2100 3693890 378 2101 285.73 0
2100 3782168 381 2225 288.029 0
2200 3879022 422 2205 318.609 0
2200 3975876 409 2216 309.323 0
2200 4072726 417 2269 316.794 0
2200 4169594 412 2233 310.112 0
2200 4266456 408 2206 307.807 0
2200 4363320 417 2310 315.307 0
2300 4469180 462 2323 350.594 0
2300 4575014 471 2324 359.273 0
2300 4680862 457 2330 345.101 0
2300 4786712 446 2301 336.426 0
2300 4892562 461 2317 349.998 0
2300 4998422 466 2367 353.498 0
2400 5113676 497 2400 375.912 0
2400 5228914 499 2401 376.72 0
2400 5344168 498 2470 376.737 0
2400 5459408 492 2402 370.943 0
2400 5574662 498 2405 377.359 0
2400 5689914 496 2432 375.74 0
2500 5814966 537 2506 407.321 0
2500 5940024 550 2521 418.311 0
2500 6065070 552 2517 418.837 0
2500 6190128 545 2568 412.863 0
2500 6315172 558 2564 425.481 0
2500 6440224 567 2618 432.462 0
2600 6575482 591 2604 450.16 0
2600 6710732 605 2638 462.702 0
2600 6845972 579 2608 438.947 0
2600 6981234 586 2602 443.627 0
2600 7116472 594 2617 451.644 0
2600 7251728 600 2609 457.486 0
2700 7397586 651 2751 495.698 0
2700 7543424 646 2767 491.761 0
2700 7689252 642 2756 486.971 0
2700 7835098 651 2800 495.882 0
2700 7980932 650 2726 495.599 0
2700 8126790 648 2706 494.631 0
