1000 99916 141 1012 102.211 0
1000 199830 151 1019 111.544 0
1000 299748 147 1012 107.723 0
1000 399660 137 1006 99.0297 0
1000 499580 146 1006 106.708 0
1000 599490 143 1011 104.013 0
200 603494 5 213 3.63602 0
200 607488 5 212 3.40696 0
200 611482 5 200 3.45316 0
200 615484 5 202 3.26998 0
200 619488 4 200 3.25651 0
200 623488 5 202 3.59977 0
400 639468 22 418 15.8437 0
400 655452 21 404 14.8177 0
400 671432 20 409 14.3112 0
400 687402 21 404 15.1995 0
400 703384 21 407 15.3596 0
400 719362 21 407 15.4513 0
600 755316 52 629 37.9896 0
600 791274 49 613 35.0943 0
600 827228 48 601 34.3378 0
600 863192 49 607 34.6205 0
600 899150 48 606 34.155 0
600 935116 51 619 37.4076 0
800 999060 90 811 65.5128 0
800 1063004 90 838 65.3858 0
800 1126940 91 813 66.4284 0
800 1190876 95 809 69.2403 0
800 1254820 90 817 65.2703 0
800 1318758 91 812 65.0595 0
1100 1439672 174 1133 127.386 0
1100 1560580 178 1133 130.164 0
1100 1681482 180 1143 132.012 0
1100 1802386 182 1140 134.64 0
1100 1923290 171 1111 124.347 0
1100 2044200 175 1106 128.118 0
1200 2188102 207 1229 151.494 0
1200 2331992 218 1217 161.593 0
1200 2475882 198 1200 142.949 0
1200 2619774 211 1234 154.454 0
1200 2763672 221 1245 163.287 0
1200 2907570 203 1200 147.303 0
1300 3076462 255 1322 188.701 0
1300 3245344 251 1317 184.537 0
1300 3414230 252 1346 185.414 0
1300 3583128 247 1318 181.647 0
1300 3752012 241 1305 175.312 0
1300 3920904 237 1309 172.258 0
1400 4116786 280 1408 204.895 0
1400 4312658 284 1416 207.471 0
1400 4508530 286 1421 209.426 0
1400 4704416 289 1419 211.929 0
1400 4900294 295 1446 218.411 0
1400 5096168 287 1420 210.837 0
1500 5321038 345 1525 256.196 0
1500 5545910 337 1530 248.186 0
1500 5770774 336 1507 248.524 0
1500 5995644 339 1549 250.866 0
1500 6220512 322 1503 234.538 0
1500 6445382 333 1528 245.244 0
1600 6701244 377 1611 278.092 0
1600 6957106 390 1638 289.742 0
1600 7212958 374 1608 275.359 0
1600 7468820 372 1616 273.456 0
1600 7724676 384 1636 282.16 0
1600 7980544 384 1634 283.537 0
1700 8269390 417 1702 304.902 0
1700 8558240 444 1743 330.265 0
1700 8847086 436 1708 323.043 0
1700 9135932 432 1724 318.643 0
1700 9424780 444 1749 328.742 0
1700 9713632 430 1711 317.284 0
1800 10037474 499 1848 372.518 0
1800 10361314 473 1804 346.74 0
1800 10685156 483 1819 357.298 0
1800 11008998 478 1824 351.304 0
1800 11332840 476 1817 349.859 0
1800 11656680 452 1804 327.714 0
1900 12017516 560 1947 416.773 0
1900 12378344 518 1900 377.759 0
1900 12739172 560 1926 418.928 0
1900 13100004 550 1941 408.167 0
1900 13460832 538 1921 397.174 0
1900 13821656 563 1908 421.84 0
2000 14221474 572 2000 417.81 0
2000 14621296 624 2033 466.187 0
2000 15021116 608 2007 451.368 0
2000 15420932 594 2027 437.784 0
2000 15820752 617 2042 460.034 0
2000 16220574 615 2004 460.49 0
2100 16661384 663 2120 490.625 0
2100 17102196 682 2125 508.717 0
2100 17543004 644 2100 472.627 0
2100 17983810 669 2120 496.478 0
2100 18424616 688 2162 514.237 0
2100 18865424 647 2105 476.232 0
2200 19349224 730 2237 541.167 0
2200 19833022 757 2254 567.067 0
2200 20316818 764 2261 572.158 0
2200 20800610 739 2223 550.828 0
2200 21284410 729 2221 540.421 0
2200 21768212 734 2224 544.458 0
2300 22296994 802 2310 594.154 0
2300 22825778 788 2320 583.865 0
2300 23354562 785 2318 577.661 0
2300 23883344 823 2346 614.822 0
2300 24412134 785 2315 580.556 0
2300 24940916 798 2314 591.061 0
2400 25516696 890 2436 663.726 0
2400 26092478 884 2432 659.861 0
2400 26668254 842 2406 619.151 0
2400 27244026 892 2429 668.803 0
2400 27819806 896 2450 669.274 0
2400 28395574 883 2412 658.247 0
2500 29020342 945 2509 699.654 0
2500 29645108 924 2509 682.586 0
2500 30269874 944 2533 700.966 0
2500 30894644 961 2541 715.261 0
2500 31519412 951 2524 707.081 0
2500 32144182 971 2515 726.911 0
2600 32819942 1009 2603 745.548 0
2600 33495704 1007 2620 744.47 0
2600 34171464 1024 2639 759.778 0
2600 34847228 1061 2647 797.546 0
2600 35522992 1058 2654 791.406 0
2600 36198754 1053 2654 787.364 0
2700 36927502 1136 2725 853.873 0
2700 37656260 1114 2733 830.333 0
2700 38385006 1151 2753 864.249 0
2700 39113758 1079 2703 795.637 0
2700 39842508 1143 2758 857.385 0
2700 40571252 1112 2705 829.03 0
