1000 199806 204 1000 144.004 0
1000 399616 226 1014 165.317 0
1000 599420 205 1001 145.322 0
1000 799226 217 1020 157.143 0
1000 999034 211 1009 151.164 0
1000 1198840 201 1001 141.315 0
200 1206806 7 204 5.04211 0
200 1214776 7 202 5.08189 0
200 1222742 7 208 5.23171 0
200 1230714 7 202 5.4428 0
200 1238676 7 203 5.30325 0
200 1246646 7 201 5.04693 0
400 1278572 32 408 22.4394 0
400 1310496 31 407 21.7856 0
400 1342426 34 409 24.5228 0
400 1374352 32 406 22.4824 0
400 1406280 32 406 22.4404 0
400 1438206 30 407 20.9791 0
600 1510090 75 612 53.7283 0
600 1581978 73 604 50.7634 0
600 1653864 72 604 50.2348 0
600 1725746 80 614 57.7028 0
600 1797636 71 606 50.4811 0
600 1869532 73 610 51.4901 0
800 1997382 141 819 102.178 0
800 2125230 135 809 97.1883 0
800 2253082 136 815 96.9997 0
800 2380934 133 815 94.1047 0
800 2508782 133 803 94.8724 0
800 2636632 127 800 88.9349 0
1100 2878416 260 1108 188.114 0
1100 3120208 264 1105 191.813 0
1100 3362006 243 1100 171.888 0
1100 3603794 247 1106 174.222 0
1100 3845584 263 1121 189.682 0
1100 4087378 268 1131 194.945 0
1200 4375144 326 1218 239.66 0
1200 4662914 325 1212 237.497 0
1200 4950678 327 1226 238.097 0
1200 5238444 300 1207 214.244 0
1200 5526212 307 1216 220.793 0
1200 5813986 316 1224 229.445 0
1300 6151734 357 1306 255.509 0
1300 6489484 376 1316 274.168 0
1300 6827226 376 1328 274 0
1300 7164976 344 1303 242.195 0
1300 7502722 362 1308 259.752 0
1300 7840468 356 1308 254.76 0
1400 8232196 435 1417 316.886 0
1400 8623926 442 1436 323.693 0
1400 9015648 439 1422 320.22 0
1400 9407376 439 1417 321.077 0
1400 9799100 414 1410 297.516 0
1400 10190828 408 1404 291.434 0
1500 10640538 465 1500 330.535 0
1500 11090246 467 1503 332.677 0
1500 11539950 486 1513 350.342 0
1500 11989658 498 1529 362.418 0
1500 12439360 475 1502 340.315 0
1500 12889066 483 1507 348.305 0
1600 13400752 535 1600 381.101 0
1600 13912442 581 1630 426.711 0
1600 14424130 560 1616 405.569 0
1600 14935818 567 1616 412.744 0
1600 15447502 568 1611 414.09 0
1600 15959192 544 1602 391.631 0
1700 16536856 608 1706 436.945 0
1700 17114528 657 1725 482.115 0
1700 17692196 631 1712 455.191 0
1700 18269866 640 1721 465.899 0
1700 18847534 657 1710 482.992 0
1700 19425204 605 1710 432.472 0
1800 20072854 745 1836 548.7 0
1800 20720506 739 1828 543.156 0
1800 21368154 702 1813 508.171 0
1800 22015800 695 1809 500.771 0
1800 22663446 719 1814 525.357 0
1800 23311096 709 1811 517.679 0
1900 24032726 818 1920 601.984 0
1900 24754350 813 1935 596.244 0
1900 25475982 767 1905 552.458 0
1900 26197612 768 1901 551.015 0
1900 26919238 782 1911 566.373 0
1900 27640870 762 1901 547.687 0
2000 28440480 919 2012 678.937 0
2000 29240090 895 2000 656.629 0
2000 30039698 907 2015 667.654 0
2000 30839306 906 2023 662.796 0
2000 31638912 836 2002 598.846 0
2000 32438526 911 2016 671.593 0
2100 33320112 989 2117 722.832 0
2100 34201702 1002 2101 739.396 0
2100 35083294 962 2114 698.973 0
2100 35964878 981 2116 716.406 0
2100 36846466 983 2101 718.874 0
2100 37728058 986 2111 719.997 0
2200 38695624 1120 2227 827.283 0
2200 39663198 1063 2207 774.31 0
2200 40630766 1038 2213 750.757 0
2200 41598328 1068 2208 778.021 0
2200 42565896 1136 2216 841.822 0
2200 43533466 1018 2200 730.427 0
2300 44591012 1135 2302 819.941 0
2300 45648560 1151 2306 834.444 0
2300 46706110 1216 2329 896.169 0
2300 47763658 1175 2320 858.488 0
2300 48821212 1161 2312 844.864 0
2300 49878764 1243 2307 925.146 0
2400 51030294 1305 2418 960.473 0
2400 52181822 1342 2400 997.846 0
2400 53333356 1264 2404 912.272 0
2400 54484888 1307 2430 960.317 0
2400 55636414 1259 2404 915.316 0
2400 56787942 1348 2408 1003.48 0
2500 58037450 1449 2515 1070.94 0
2500 59286960 1348 2501 974.496 0
2500 60536466 1438 2523 1063.2 0
2500 61785972 1363 2500 990.637 0
2500 63035478 1473 2529 1098.24 0
2500 64284986 1488 2548 1108.41 0
2600 65636476 1465 2603 1060.96 0
2600 66987968 1517 2622 1109.86 0
2600 68339460 1497 2612 1092.49 0
2600 69690948 1500 2620 1095.49 0
2600 71042436 1470 2604 1066.3 0
2600 72393920 1472 2604 1069.02 0
2700 73851394 1656 2720 1220.86 0
2700 75308860 1682 2708 1245.91 0
2700 76766328 1594 2710 1161.81 0
2700 78223800 1618 2709 1180.74 0
2700 79681270 1692 2704 1257.7 0
2700 81138742 1580 2707 1145.94 0
