1024 3968 439 31315 128.894 0
1024 7936 453 34704 120.59 0
1024 11904 348 28852 78.7965 0
1024 15872 329 26345 85.8298 0
1024 19840 24 2109 5.85953 0
1024 23808 18 1637 4.13167 0
196 24536 1 255 0.734967 0
196 25264 1 208 0.466773 0
196 25992 9 1622 4.08162 0
196 26720 1 216 0.462282 0
196 27448 2 433 1.06315 0
196 28176 2 475 0.737534 0
400 29696 39 5573 11.4778 0
400 31216 65 7891 24.5606 0
400 32736 3 466 0.999312 0
400 34256 2 408 0.863932 0
400 35776 19 2543 7.24413 0
400 37296 4 613 1.55206 0
576 39504 182 18326 65.1692 0
576 41712 79 8631 24.1606 0
576 43920 110 13173 31.0958 0
576 46128 79 9631 21.6256 0
576 48336 8 1018 2.51673 0
576 50544 64 7731 18.815 0
784 53568 92 9685 22.4869 0
784 56592 32 2815 10.3377 0
784 59616 353 31493 107.239 0
784 62640 67 7227 17.0868 0
784 65664 53 5392 13.4331 0
784 68688 7 833 2.22479 0
1089 72912 1660 127198 391.8 0
1089 77136 18 1559 4.28341 0
1089 81360 16 1381 4.10215 0
1089 85584 16 1430 3.92956 0
1089 89808 72 6487 14.562 0
1089 94032 364 25954 99.1282 0
1225 98792 22 1776 4.22053 0
1225 103552 1008 73737 223.39 0
1225 108312 1496 106162 351.873 0
1225 113072 372 29279 75.462 0
1225 117832 90 5906 24.8041 0
1225 122592 148 11241 29.4802 0
1296 127632 351 21870 90.929 0
1296 132672 159 12786 31.1525 0
1296 137712 384 27385 83.4732 0
1296 142752 108 9166 19.2509 0
1296 147792 17 1316 3.87149 0
1296 152832 1612 106207 368.274 0
1369 158160 213 15922 35.8071 0
1369 163488 353 22388 81.5647 0
1369 168816 329 23553 60.2028 0
1369 174144 869 51738 209.032 0
1369 179472 390 28737 66.6604 0
1369 184800 20 1460 4.60325 0
1521 190728 1315 80071 298.964 0
1521 196656 635 40918 109.641 0
1521 202584 995 60246 204.593 0
1521 208512 213 15937 39.3883 0
1521 214440 21 1559 4.3126 0
1521 220368 2736 163663 562.431 0
1600 226608 1338 69040 341.196 0
1600 232848 41 2764 8.03075 0
1600 239088 2017 111554 447.285 0
1600 245328 2371 119254 633.538 0
1600 251568 8464 436241 2091.97 0
1600 257808 38 2571 7.26723 0
1681 264368 259 15234 53.4544 0
1681 270928 891 48451 184.025 0
1681 277488 508 27528 111.427 0
1681 284048 2664 158586 467.202 0
1681 290608 465 24649 110.184 0
1681 297168 99 6970 13.5672 0
1764 304056 980 56962 179.867 0
1764 310944 7081 367464 1486.76 0
1764 317832 1248 72501 199.991 0
1764 324720 2703 148732 511.17 0
1764 331608 828 49453 128.02 0
1764 338496 188 9892 39.2128 0
1936 346064 51 2974 8.64188 0
1936 353632 737 40930 108.955 0
1936 361200 131 6862 24.8638 0
1936 368768 4996 258764 877.001 0
1936 376336 248 14794 38.1378 0
1936 383904 6787 333494 1364.79 0
2025 391824 8308 388518 1700.72 0
2025 399744 905 44673 174.124 0
2025 407664 46 2544 8.55719 0
2025 415584 13148 586648 3014.59 0
2025 423504 1998 92372 425.91 0
2025 431424 4274 200949 839.4 0
2116 439704 72 3909 11.2231 0
2116 447984 3944 177710 802.458 0
2116 456264 2317 104874 429.087 0
2116 464544 4102 191479 799.191 0
2116 472824 11642 511047 2270.4 0
2116 481104 1544 67899 330.118 0
2209 489752 14948 612990 3208.85 0
2209 498400 605 24126 132.409 0
2209 507048 260 10924 57.6303 0
2209 515696 512 26086 75.2429 0
2209 524344 134 6254 24.6071 0
2209 532992 236 12631 35.5514 0
2304 542016 662 27286 132.005 0
2304 551040 1373 55145 293.8 0
2304 560064 2964 122291 601.603 0
2304 569088 2493 117575 359.93 0
2304 578112 1596 73916 229.78 0
2304 587136 236 11163 40.1662 0
2401 596544 1489 67418 230.973 0
2401 605952 2033 90531 314.59 0
2401 615360 9651 392599 1802.19 0
2401 624768 11131 471618 1907.64 0
2401 634176 61 2995 10.6402 0
2401 643584 18004 705281 3688.96 0
2500 653384 14885 584859 2899.46 0
2500 663184 470 23655 50.6733 0
2500 672984 2859 127932 337.488 0
2500 682784 1359 65946 184.809 0
2500 692584 105 5150 14.8049 0
2500 702384 3094 135088 437.304 0
2601 712584 448 20729 53.5304 0
2601 722784 658 27915 94.0415 0
2601 732984 16706 656260 2792.65 0
2601 743184 1609 64118 252.727 0
2601 753384 5163 198123 897.62 0
2601 763584 1684 75656 240.779 0
2704 774192 33305 1184814 6016.84 0
2704 784800 302 12875 44.493 0
2704 795408 828 36142 103.235 0
2704 806016 5667 214200 961.573 0
2704 816624 358 15523 44.7826 0
2704 827232 5099 206512 773.179 0
