1024 5196 14 1162 5.11333 0
1024 10392 13 1096 4.70238 0
1024 15588 16 1318 5.57658 0
1024 20784 15 1239 5.5307 0
1024 25980 17 1352 5.35458 0
1024 31176 14 1060 5.14926 0
196 32138 1 244 0.752612 0
196 33100 1 228 0.509761 0
196 34062 1 230 0.487626 0
196 35024 1 196 0.480889 0
196 35986 1 197 0.531255 0
196 36948 1 198 0.443034 0
400 38948 3 403 1.27713 0
400 40948 3 538 1.45839 0
400 42948 3 487 1.45806 0
400 44948 3 407 1.44459 0
400 46948 3 421 1.38075 0
400 48948 3 427 1.24152 0
576 51846 5 618 2.10706 0
576 54744 5 578 1.98996 0
576 57642 5 577 1.87511 0
576 60540 6 692 2.37718 0
576 63438 5 593 2.33066 0
576 66336 5 598 1.80389 0
784 70300 10 941 3.98666 0
784 74264 12 1165 4.56604 0
784 78228 11 1037 4.03703 0
784 82192 14 1364 5.0758 0
784 86156 9 791 3.72456 0
784 90120 9 895 3.21673 0
1089 95664 15 1109 5.46558 0
1089 101208 18 1295 6.38886 0
1089 106752 18 1234 6.69812 0
1089 112296 14 1128 5.05559 0
1089 117840 17 1318 6.20953 0
1089 123384 15 1269 5.11526 0
1225 129584 17 1249 6.17071 0
1225 135784 24 1478 9.15549 0
1225 141984 19 1456 5.43991 0
1225 148184 22 1416 8.33776 0
1225 154384 34 2088 11.4249 0
1225 160584 20 1465 7.13826 0
1296 167184 21 1417 6.88001 0
1296 173784 20 1310 7.33267 0
1296 180384 20 1301 7.18157 0
1296 186984 32 1885 11.6613 0
1296 193584 20 1416 6.58231 0
1296 200184 21 1449 7.4087 0
1369 207192 24 1481 8.49912 0
1369 214200 24 1453 8.96493 0
1369 221208 29 1764 9.91195 0
1369 228216 22 1473 7.47062 0
1369 235224 25 1498 9.1571 0
1369 242232 24 1663 7.93482 0
1521 249960 28 1598 9.58634 0
1521 257688 26 1541 8.61782 0
1521 265416 28 1725 8.97328 0
1521 273144 30 1711 10.286 0
1521 280872 29 1587 10.5901 0
1521 288600 32 1714 11.5782 0
1600 296760 31 1645 11.5853 0
1600 304920 33 1610 13.4065 0
1600 313080 41 2084 14.5909 0
1600 321240 39 2043 13.411 0
1600 329400 38 2146 11.9093 0
1600 337560 32 1759 11.1698 0
1681 346160 34 1695 12.9583 0
1681 354760 46 2101 17.4483 0
1681 363360 35 1785 12.3603 0
1681 371960 36 2066 10.8673 0
1681 380560 35 1883 12.0829 0
1681 389160 36 2039 10.7355 0
1764 398208 45 2467 14.6458 0
1764 407256 47 2425 14.972 0
1764 416304 43 2300 12.8037 0
1764 425352 38 2045 12.5644 0
1764 434400 43 2000 16.5652 0
1764 443448 34 1793 11.5186 0
1936 453296 46 2346 13.4055 0
1936 463144 50 2336 16.4997 0
1936 472992 48 2240 16.5956 0
1936 482840 51 2473 15.0015 0
1936 492688 51 2564 15.6653 0
1936 502536 60 2949 18.114 0
2025 512856 78 3255 26.727 0
2025 523176 71 2805 26.685 0
2025 533496 44 2145 13.6285 0
2025 543816 51 2108 18.9548 0
2025 554136 48 2124 16.7047 0
2025 564456 45 2162 13.8049 0
2116 575256 55 2243 20.4463 0
2116 586056 49 2231 15.8895 0
2116 596856 53 2571 15.8472 0
2116 607656 79 3106 26.9866 0
2116 618456 56 2646 16.1196 0
2116 629256 57 2411 19.2182 0
2209 640544 57 2490 18.5153 0
2209 651832 73 2909 23.8956 0
2209 663120 59 2382 20.6981 0
2209 674408 71 2791 24.3521 0
2209 685696 76 3258 22.9649 0
2209 696984 57 2426 18.7867 0
2304 708768 80 2924 26.9336 0
2304 720552 67 2633 22.8533 0
2304 732336 61 2366 22.0888 0
2304 744120 106 3610 39.8525 0
2304 755904 62 2409 21.5736 0
2304 767688 92 3089 35.8325 0
2401 779976 86 3581 26.9214 0
2401 792264 81 2877 29.1796 0
2401 804552 68 2594 23.3618 0
2401 816840 67 2527 23.0134 0
2401 829128 94 3300 32.0838 0
2401 841416 66 2428 23.1244 0
2500 854216 106 3803 31.1256 0
2500 867016 82 3271 24.0444 0
2500 879816 84 2902 30.0185 0
2500 892616 79 3180 24.3967 0
2500 905416 115 4043 38.8952 0
2500 918216 70 2597 24.3158 0
2601 931536 77 2783 25.3729 0
2601 944856 79 2907 24.9645 0
2601 958176 86 2813 31.9369 0
2601 971496 90 3137 29.6165 0
2601 984816 77 2633 27.0308 0
2601 998136 111 3956 32.0088 0
2704 1011984 85 2948 28.0096 0
2704 1025832 86 2936 28.614 0
2704 1039680 88 3190 27.6686 0
2704 1053528 153 4415 58.6854 0
2704 1067376 83 2768 28.8565 0
2704 1081224 109 3888 34.7424 0
