1024 4376 36 3214 9.64761 0
1024 8752 12 1093 3.52021 0
1024 13128 18 1719 5.01517 0
1024 17504 12 1141 3.35948 0
1024 21880 37 2622 11.5436 0
1024 26256 26 2564 5.94615 0
196 27062 1 245 0.566223 0
196 27868 1 218 0.478322 0
196 28674 1 274 0.59285 0
196 29480 1 204 0.370211 0
196 30286 1 205 0.48153 0
196 31092 1 203 0.436297 0
400 32772 3 472 1.1302 0
400 34452 2 433 0.966269 0
400 36132 2 421 1.033 0
400 37812 6 1059 2.1247 0
400 39492 3 445 0.921356 0
400 41172 3 520 1.144 0
576 43610 10 1287 3.23726 0
576 46048 6 897 2.01274 0
576 48486 8 971 2.56356 0
576 50924 4 617 1.62392 0
576 53362 6 732 2.25431 0
576 55800 11 1490 3.01943 0
784 59136 13 1579 3.67452 0
784 62472 8 902 2.72589 0
784 65808 17 1945 4.70495 0
784 69144 11 1268 3.09354 0
784 72480 16 1712 4.53139 0
784 75816 9 983 2.72846 0
1089 80480 18 1474 5.82135 0
1089 85144 17 1388 4.80408 0
1089 89808 33 2725 8.80068 0
1089 94472 17 1455 5.30293 0
1089 99136 21 1678 6.24578 0
1089 103800 24 2149 6.45334 0
1225 109040 33 2292 9.44711 0
1225 114280 26 2051 7.32048 0
1225 119520 25 1970 7.43148 0
1225 124760 37 3180 7.93258 0
1225 130000 49 3428 13.0998 0
1225 135240 20 1608 5.28047 0
1296 140800 19 1653 4.33538 0
1296 146360 32 2518 7.41736 0
1296 151920 18 1353 5.32859 0
1296 157480 23 1846 6.04078 0
1296 163040 32 2151 10.0541 0
1296 168600 23 1878 5.80692 0
1369 174488 27 2039 6.84376 0
1369 180376 38 3135 8.31434 0
1369 186264 18 1380 5.07612 0
1369 192152 25 1702 7.92263 0
1369 198040 32 1987 10.0916 0
1369 203928 48 3861 10.0746 0
1521 210456 22 1611 5.40847 0
1521 216984 37 2171 11.0322 0
1521 223512 40 2695 9.82373 0
1521 230040 24 1762 5.5477 0
1521 236568 37 2149 11.1913 0
1521 243096 33 2091 9.55971 0
1600 249976 49 3344 9.7307 0
1600 256856 67 4369 13.7061 0
1600 263736 58 3141 16.8061 0
1600 270616 72 4922 12.7312 0
1600 277496 33 2057 8.68166 0
1600 284376 94 6126 20.0318 0
1681 291616 81 4927 18.4586 0
1681 298856 57 3019 16.9803 0
1681 306096 63 3173 19.4431 0
1681 313336 29 1860 7.64385 0
1681 320576 40 2327 10.0695 0
1681 327816 55 2804 15.4818 0
1764 335424 48 2817 12.4322 0
1764 343032 64 2952 21.2858 0
1764 350640 46 2541 12.4662 0
1764 358248 72 4073 17.5949 0
1764 365856 72 4654 12.6234 0
1764 373464 39 2256 9.55907 0
1936 381792 88 5025 13.5284 0
1936 390120 170 7984 42.4417 0
1936 398448 42 2445 9.51993 0
1936 406776 109 6775 17.1218 0
1936 415104 84 3961 24.635 0
1936 423432 94 4568 22.8562 0
2025 432152 110 5957 21.7228 0
2025 440872 76 3312 23.5347 0
2025 449592 550 17534 197.647 0
2025 458312 51 2719 11.8063 0
2025 467032 71 3689 15.3807 0
2025 475752 67 3313 17.5086 0
2116 484872 114 4446 37.8766 0
2116 493992 120 6514 20.6875 0
2116 503112 141 6825 33.368 0
2116 512232 90 3635 28.8245 0
2116 521352 118 4942 33.1226 0
2116 530472 61 2928 15.4946 0
2209 540000 152 5162 54.0341 0
2209 549528 152 5269 54.4893 0
2209 559056 130 6678 28.2011 0
2209 568584 142 7969 22.8421 0
2209 578112 233 7925 69.7747 0
2209 587640 63 2738 17.8471 0
2304 597584 64 3102 12.8204 0
2304 607528 62 2848 16.1475 0
2304 617472 84 4248 16.9963 0
2304 627416 124 6010 25.703 0
2304 637360 71 3104 20.555 0
2304 647304 105 5415 17.4538 0
2401 657672 153 5142 47.7751 0
2401 668040 153 5586 43.8074 0
2401 678408 283 10356 68.5156 0
2401 688776 186 5701 67.1505 0
2401 699144 64 2780 17.5516 0
2401 709512 134 7026 18.7457 0
2500 720312 330 10668 88.9882 0
2500 731112 82 3301 20.6092 0
2500 741912 83 3265 22.485 0
2500 752712 245 9844 58.0358 0
2500 763512 181 6025 49.87 0
2500 774312 155 6842 23.1141 0
2601 785552 62 2716 14.3099 0
2601 796792 97 4094 21.5762 0
2601 808032 114 5340 19.9487 0
2601 819272 110 4152 29.0987 0
2601 830512 343 9889 118.746 0
2601 841752 78 3366 17.4416 0
2704 853440 160 5492 43.3692 0
2704 865128 164 6756 31.1388 0
2704 876816 110 4675 21.9476 0
2704 888504 211 8549 39.6218 0
2704 900192 137 5755 30.6085 0
2704 911880 331 10949 86.1657 0
