1024 4786 11 1031 3.32933 0
1024 9572 13 1149 3.8516 0
1024 14358 15 1305 4.23753 0
1024 19144 12 1187 3.51283 0
1024 23930 18 1454 5.6016 0
1024 28716 18 1652 5.01741 0
196 29600 1 265 0.563336 0
196 30484 1 224 0.488588 0
196 31368 1 200 0.406141 0
196 32252 1 237 0.466452 0
196 33136 1 267 0.487626 0
196 34020 2 408 1.01984 0
400 35860 3 492 1.41604 0
400 37700 3 412 1.14111 0
400 39540 2 410 0.906599 0
400 41380 4 654 1.61205 0
400 43220 4 598 1.30953 0
400 45060 3 486 1.13148 0
576 47728 5 677 1.71086 0
576 50396 7 912 2.41696 0
576 53064 4 581 1.47411 0
576 55732 4 586 1.55238 0
576 58400 4 581 1.74711 0
576 61068 7 944 2.28735 0
784 64718 11 1013 3.77493 0
784 68368 12 1183 3.68703 0
784 72018 7 791 2.46764 0
784 75668 7 816 2.2527 0
784 79318 10 1150 3.18497 0
784 82968 9 1042 2.59949 0
1089 88072 15 1305 4.19743 0
1089 93176 20 1570 6.92461 0
1089 98280 14 1233 4.56026 0
1089 103384 15 1231 4.52979 0
1089 108488 12 1119 3.66553 0
1089 113592 12 1090 3.82818 0
1225 119312 31 1915 11.0399 0
1225 125032 18 1402 5.60032 0
1225 130752 15 1233 4.28341 0
1225 136472 35 2548 10.4095 0
1225 142192 22 1886 5.83322 0
1225 147912 25 1868 6.98011 0
1296 153992 17 1414 4.60101 0
1296 160072 20 1562 5.64651 0
1296 166152 26 2133 6.02827 0
1296 172232 17 1348 4.78354 0
1296 178312 19 1501 4.94234 0
1296 184392 20 1465 6.60476 0
1369 190840 21 1637 5.35907 0
1369 197288 19 1453 5.18648 0
1369 203736 19 1446 5.3857 0
1369 210184 40 2239 14.3487 0
1369 216632 36 2220 12.1691 0
1369 223080 21 1544 6.0857 0
1521 230208 31 1873 8.90462 0
1521 237336 23 1556 6.91883 0
1521 244464 29 1954 7.74234 0
1521 251592 34 2061 9.82405 0
1521 258720 24 1720 5.81654 0
1521 265848 29 2082 7.41063 0
1600 273368 32 1947 9.70824 0
1600 280888 35 2469 8.8472 0
1600 288408 28 1841 7.57263 0
1600 295928 26 1740 6.68625 0
1600 303448 42 2367 13.5477 0
1600 310968 25 1607 7.09207 0
1681 318888 57 3644 14.2274 0
1681 326808 30 1853 8.14752 0
1681 334728 50 3355 10.6549 0
1681 342648 42 2668 9.33033 0
1681 350568 44 2226 14.965 0
1681 358488 31 1982 8.19307 0
1764 366816 58 3238 15.0458 0
1764 375144 32 1864 9.25655 0
1764 383472 30 1847 7.76448 0
1764 391800 36 2002 10.4249 0
1764 400128 31 1819 8.93702 0
1764 408456 33 1940 8.94376 0
1936 417544 33 1955 7.56173 0
1936 426632 38 2156 9.77593 0
1936 435720 55 3284 11.6571 0
1936 444808 86 4172 24.8927 0
1936 453896 56 2782 17.2902 0
1936 462984 59 2931 16.9703 0
2025 472504 42 2185 11.1586 0
2025 482024 45 2316 11.5426 0
2025 491544 36 2059 8.54692 0
2025 501064 42 2301 9.70696 0
2025 510584 146 6016 44.7775 0
2025 520104 45 2498 11.1907 0
2116 530064 64 2779 20.8097 0
2116 540024 104 4596 30.4946 0
2116 549984 65 3835 12.8467 0
2116 559944 46 2433 10.7185 0
2116 569904 40 2144 9.33258 0
2116 579864 55 2830 13.1986 0
2209 590272 58 2642 16.5077 0
2209 600680 67 3057 16.7766 0
2209 611088 234 8274 76.5325 0
2209 621496 66 3167 14.5598 0
2209 631904 52 2755 11.8737 0
2209 642312 55 2913 11.6629 0
2304 653176 52 2570 12.1807 0
2304 664040 76 3132 23.0666 0
2304 674904 47 2421 10.0772 0
2304 685768 76 3384 20.0222 0
2304 696632 56 2757 11.2812 0
2304 707496 85 3286 27.3651 0
2401 718824 77 3399 19.14 0
2401 730152 59 2940 13.7048 0
2401 741480 65 3024 14.9534 0
2401 752808 64 2831 16.8401 0
2401 764136 64 2680 18.5574 0
2401 775464 62 2972 13.6978 0
2500 787264 53 2519 11.294 0
2500 799064 123 4577 35.0587 0
2500 810864 75 3404 16.8959 0
2500 822664 144 4377 53.5798 0
2500 834464 94 3495 28.2739 0
2500 846264 124 4266 39.5541 0
2601 858544 57 2692 11.4791 0
2601 870824 88 4252 17.3004 0
2601 883104 68 2842 17.4631 0
2601 895384 72 3096 17.2613 0
2601 907664 282 7101 106.543 0
2601 919944 74 3237 17.1586 0
2704 932712 221 6244 77.4911 0
2704 945480 167 5997 41.7764 0
2704 958248 132 4635 33.0052 0
2704 971016 67 2751 17.4018 0
2704 983784 126 4035 41.9711 0
2704 996552 67 2784 16.8558 0
