1000 5400 32 2479 9.90361 0
1000 10800 19 1534 5.49894 0
1000 16200 27 2178 7.43854 0
1000 21600 25 1963 7.69679 0
1000 27000 14 1232 4.27122 0
1000 32400 40 3238 10.9161 0
216 33480 2 315 0.972043 0
216 34560 1 264 0.705132 0
216 35640 1 221 0.563336 0
216 36720 7 981 3.16347 0
216 37800 1 218 0.512649 0
216 38880 1 286 0.786938 0
343 40644 2 429 1.08946 0
343 42408 2 350 1.03332 0
343 44172 15 1676 6.95637 0
343 45936 2 371 1.14464 0
343 47700 3 544 1.44138 0
343 49464 3 478 1.30953 0
512 52152 4 545 1.83533 0
512 54840 10 1265 3.39991 0
512 57528 13 1306 5.27983 0
512 60216 4 554 1.69867 0
512 62904 12 1353 4.61159 0
512 65592 4 541 1.80069 0
729 69480 39 3260 15.3429 0
729 73368 32 2947 11.8301 0
729 77256 10 956 3.68382 0
729 81144 11 1164 3.6373 0
729 85032 13 1261 4.57694 0
729 88920 13 1337 3.84198 0
1000 94320 13 1031 4.1522 0
1000 99720 22 1721 6.33111 0
1000 105120 47 3890 12.6747 0
1000 110520 401 27611 128.992 0
1000 115920 16 1320 4.81434 0
1000 121320 15 1202 4.68057 0
1000 126720 13 1031 4.23272 0
1000 132120 21 1721 6.25252 0
1000 137520 48 3890 12.822 0
1000 142920 400 27611 129.155 0
1000 148320 16 1320 4.68377 0
1000 153720 15 1202 4.75916 0
1000 159120 13 1031 4.39793 0
1000 164520 22 1721 6.31251 0
1000 169920 48 3890 12.8258 0
1000 175320 401 27611 129.276 0
1000 180720 16 1320 4.80985 0
1000 186120 14 1202 4.53331 0
1331 193380 60 3990 16.16 0
1331 200640 66 4360 16.6559 0
1331 207900 57 3904 13.4203 0
1331 215160 24 1623 6.66604 0
1331 222420 95 6419 21.5059 0
1331 229680 340 20740 86.8898 0
1331 236940 59 3990 15.9364 0
1331 244200 65 4360 16.859 0
1331 251460 58 3904 13.7764 0
1331 258720 24 1623 6.63171 0
1331 265980 96 6419 21.8719 0
1331 273240 341 20740 87.3148 0
1331 280500 59 3990 16.1372 0
1331 287760 66 4360 16.886 0
1331 295020 56 3904 13.2859 0
1331 302280 24 1623 6.76773 0
1331 309540 97 6419 21.7718 0
1331 316800 342 20740 87.346 0
1331 324060 60 3990 16.389 0
1331 331320 66 4360 16.8802 0
1331 338580 269 14817 85.0387 0
1331 345840 24 1623 6.64101 0
1331 353100 96 6419 22.0301 0
1331 360360 339 20740 86.3585 0
1728 369864 32 1799 8.15554 0
1728 379368 37 2059 9.8263 0
1728 388872 32 1767 8.12378 0
1728 398376 84 4871 20.0087 0
1728 407880 88 4460 23.901 0
1728 417384 240 12889 50.3047 0
1728 426888 32 1799 8.15907 0
1728 436392 224 12089 52.3437 0
1728 445896 32 1767 8.12795 0
1728 455400 83 4871 19.7222 0
1728 464904 89 4460 23.8725 0
1728 474408 240 12889 50.3307 0
1728 483912 33 1799 8.74711 0
1728 493416 225 12089 52.9574 0
1728 502920 32 1767 8.20655 0
1728 512424 84 4871 19.9734 0
1728 521928 89 4460 24.081 0
1728 531432 239 12889 50.3506 0
1728 540936 45 2471 10.8529 0
1728 550440 224 12089 52.149 0
1728 559944 32 1767 8.13757 0
1728 569448 83 4871 19.813 0
1728 578952 89 4460 24.0926 0
1728 588456 143 7858 29.8504 0
2197 600624 118 5412 24.268 0
2197 612792 91 4123 21.1148 0
2197 624960 262 11328 64.8468 0
2197 637128 53 2459 12.6876 0
2197 649296 8001 302864 2374.4 0
2197 661464 856 36611 212.345 0
2197 673632 119 5412 24.5901 0
2197 685800 91 4123 21.1774 0
2197 697968 261 11328 64.4712 0
2197 710136 104 4808 21.863 0
2197 722304 7996 302864 2372.62 0
2197 734472 858 36611 212.966 0
2197 746640 117 5412 23.903 0
2197 758808 91 4123 21.3211 0
2197 770976 2158 84083 587.233 0
2197 783144 104 4808 21.5646 0
2197 795312 7996 302864 2374.68 0
2197 807480 859 36611 212.427 0
2197 819648 120 5412 24.7845 0
2197 831816 55 2435 13.6012 0
2197 843984 2162 84083 588.016 0
2197 856152 103 4808 21.4674 0
2197 868320 7997 302864 2371.44 0
2197 880488 857 36611 211.945 0
2197 892656 104 4816 21.9319 0
2197 904824 54 2435 13.3908 0
2197 916992 2158 84083 587.762 0
2197 929160 103 4808 21.4498 0
2197 941328 8000 302864 2375.46 0
2197 953496 103 5038 23.8856 0
2197 965664 104 4816 21.8633 0
2197 977832 55 2435 13.7475 0
2197 990000 2158 84083 588.386 0
2197 1002168 104 4808 21.9316 0
2197 1014336 200 10398 34.4575 0
2197 1026504 102 5038 23.5552 0
