1000 5800 14 1116 4.78932 0
1000 11600 38 3235 11.5737 0
1000 17400 13 1042 4.70944 0
1000 23200 31 2288 11.5246 0
1000 29000 12 1016 4.71168 0
1000 34800 14 1008 5.8807 0
216 35966 1 272 0.645462 0
216 37132 1 240 0.651237 0
216 38298 1 299 0.748441 0
216 39464 1 230 0.530935 0
216 40630 1 274 0.682997 0
216 41796 1 223 0.596379 0
343 43696 2 381 1.16806 0
343 45596 2 356 0.959532 0
343 47496 2 352 0.9945 0
343 49396 3 533 1.45293 0
343 51296 2 349 0.98648 0
343 53196 2 371 1.16004 0
512 56088 6 722 2.14587 0
512 58980 4 555 1.70412 0
512 61872 5 644 2.12791 0
512 64764 9 1090 3.12658 0
512 67656 5 617 2.09551 0
512 70548 4 539 1.7176 0
729 74726 10 1057 3.739 0
729 78904 13 1244 4.81627 0
729 83082 8 883 2.82278 0
729 87260 9 793 3.70275 0
729 91438 9 918 3.22827 0
729 95616 9 932 3.48877 0
1000 101456 12 1020 4.10279 0
1000 107296 14 1136 4.83359 0
1000 113136 12 1065 4.08836 0
1000 118976 12 1016 4.58368 0
1000 124816 13 1028 4.76686 0
1000 130656 17 1375 4.78386 0
1000 136536 17 1171 7.3192 0
1000 142416 12 1004 4.92502 0
1000 148296 13 1130 4.09958 0
1000 154176 13 1092 4.69885 0
1000 160056 19 1347 7.98134 0
1000 165936 18 1364 6.60316 0
1000 171856 20 1369 8.47153 0
1000 177776 18 1515 5.89001 0
1000 183696 15 1171 5.83258 0
1000 189616 12 1072 3.79899 0
1000 195536 11 1012 3.59271 0
1000 201456 23 1702 8.70733 0
1331 209276 23 1352 9.48464 0
1331 217096 24 1455 9.3422 0
1331 224916 23 1416 8.58189 0
1331 232736 21 1541 6.32213 0
1331 240556 38 1951 15.1475 0
1331 248376 36 2322 11.1965 0
1331 256236 21 1377 7.85815 0
1331 264096 28 1780 9.11956 0
1331 271956 40 2365 14.2701 0
1331 279816 33 1797 12.8627 0
1331 287676 23 1405 8.18762 0
1331 295536 24 1538 8.4571 0
1331 303436 27 1439 12.1412 0
1331 311336 69 3705 25.1762 0
1331 319236 21 1346 7.58803 0
1331 327136 21 1600 6.00389 0
1331 335036 45 3069 13.7305 0
1331 342936 30 1468 14.1832 0
1331 350876 24 1397 9.19976 0
1331 358816 20 1360 6.44725 0
1331 366756 25 1368 10.4233 0
1331 374696 30 1882 11.0078 0
1331 382636 23 1575 7.3455 0
1331 390576 31 1530 14.2294 0
1728 400800 39 2487 8.8148 0
1728 411024 32 2001 7.85142 0
1728 421248 55 2964 17.6113 0
1728 431472 75 3216 27.7177 0
1728 441696 46 2075 17.7602 0
1728 451920 50 2581 15.3464 0
1728 462184 29 1733 8.18153 0
1728 472448 45 2470 13.4922 0
1728 482712 34 1943 10.0627 0
1728 492976 43 2201 13.879 0
1728 503240 34 1999 9.69669 0
1728 513504 41 1823 16.5417 0
1728 523808 40 1733 17.1298 0
1728 534112 38 2376 9.52987 0
1728 544416 59 2331 25.8467 0
1728 554720 34 1809 11.9253 0
1728 565024 52 2616 18.0768 0
1728 575328 45 2358 14.7744 0
1728 585672 66 4031 16.8151 0
1728 596016 34 1913 10.149 0
1728 606360 51 2097 21.7256 0
1728 616704 40 2027 13.6407 0
1728 627048 37 1906 13.2317 0
1728 637392 67 3834 18.3617 0
2197 650440 60 2247 23.2366 0
2197 663488 53 2366 16.7233 0
2197 676536 116 5737 24.3094 0
2197 689584 69 3598 15.4311 0
2197 702632 68 2392 27.794 0
2197 715680 153 5743 45.0996 0
2197 728768 93 3512 31.533 0
2197 741856 46 2264 12.6786 0
2197 754944 68 2262 30.211 0
2197 768032 77 2294 36.8972 0
2197 781120 75 2459 33.3821 0
2197 794208 115 6033 28.6037 0
2197 807336 64 2667 21.2319 0
2197 820464 64 3242 14.1549 0
2197 833592 61 2545 21.4514 0
2197 846720 66 3064 18.2638 0
2197 859848 59 2924 15.527 0
2197 872976 63 2770 20.1367 0
2197 886144 58 2271 21.9416 0
2197 899312 64 2500 23.7641 0
2197 912480 76 2683 30.9065 0
2197 925648 90 4566 22.9174 0
2197 938816 58 2559 17.7531 0
2197 951984 66 2312 27.1377 0
2197 965192 60 2304 22.3333 0
2197 978400 67 2774 23.4298 0
2197 991608 83 3419 28.513 0
2197 1004816 102 3574 37.3983 0
2197 1018024 58 2227 22.0359 0
2197 1031232 101 4102 34.2993 0
2197 1044480 73 2842 27.2336 0
2197 1057728 55 2476 17.0377 0
2197 1070976 65 2318 27.2945 0
2197 1084224 65 2635 22.2065 0
2197 1097472 65 2615 23.5379 0
2197 1110720 64 2685 22.8058 0
