1000 6600 21 1010 11.2 0
1000 13200 20 1005 10.3813 0
1000 19800 20 1037 10.5446 0
1000 26400 22 1040 11.9744 0
1000 33000 23 1262 10.9645 0
1000 39600 21 1018 10.9911 0
216 40938 1 223 0.675939 0
216 42276 1 220 0.810678 0
216 43614 1 222 0.689413 0
216 44952 1 222 0.861044 0
216 46290 1 221 0.696791 0
216 47628 1 218 0.734647 0
343 49802 3 347 1.98098 0
343 51976 3 347 2.02974 0
343 54150 3 346 1.75289 0
343 56324 3 376 1.62392 0
343 58498 3 390 1.9412 0
343 60672 3 355 1.77951 0
512 63974 5 519 2.66718 0
512 67276 7 588 3.90133 0
512 70578 6 545 2.75573 0
512 73880 6 521 3.17598 0
512 77182 6 531 3.52534 0
512 80484 7 584 3.59464 0
729 85246 12 766 6.46585 0
729 90008 12 737 6.03597 0
729 94770 10 745 5.25609 0
729 99532 11 766 5.87781 0
729 104294 12 870 6.06998 0
729 109056 12 765 6.68978 0
1000 115776 21 1065 11.3796 0
1000 122496 23 1032 12.5923 0
1000 129216 22 1047 11.7229 0
1000 135936 22 1028 12.1124 0
1000 142656 24 1111 12.7014 0
1000 149376 22 1056 11.3649 0
1000 156216 24 1019 13.2615 0
1000 163056 22 1061 11.6863 0
1000 169896 23 1000 12.6837 0
1000 176736 25 1133 13.9916 0
1000 183576 23 1054 12.7193 0
1000 190416 21 1164 10.2456 0
1000 197376 23 1010 12.4505 0
1000 204336 25 1040 13.9259 0
1000 211296 25 1071 13.7279 0
1000 218256 24 1015 13.5493 0
1000 225216 23 1080 12.0302 0
1000 232176 25 1057 13.8235 0
1331 241116 39 1512 20.531 0
1331 250056 33 1331 17.4102 0
1331 258996 37 1461 19.2914 0
1331 267936 40 1565 20.7045 0
1331 276876 40 1647 20.3128 0
1331 285816 37 1384 19.9012 0
1331 294876 42 1346 24.2023 0
1331 303936 41 1474 22.2341 0
1331 312996 37 1502 19.2792 0
1331 322056 39 1363 21.6438 0
1331 331116 39 1338 22.0137 0
1331 340176 37 1427 19.6908 0
1331 349356 40 1621 20.2608 0
1331 358536 40 1537 20.9756 0
1331 367716 39 1334 21.8142 0
1331 376896 43 1643 22.1222 0
1331 386076 40 1411 22.4404 0
1331 395256 37 1377 20.3709 0
1331 404556 39 1375 21.2104 0
1331 413856 40 1510 21.2541 0
1331 423156 38 1435 20.7199 0
1331 432456 43 1567 22.4869 0
1331 441756 43 1599 22.4144 0
1331 451056 40 1422 22.0493 0
1728 462720 60 1910 31.0868 0
1728 474384 64 2086 32.6671 0
1728 486048 61 1732 33.6436 0
1728 497712 60 1782 31.5074 0
1728 509376 68 2066 35.5992 0
1728 521040 64 1734 35.1244 0
1728 532824 59 1739 31.448 0
1728 544608 68 1966 36.0785 0
1728 556392 67 1950 35.5479 0
1728 568176 73 2298 37.3492 0
1728 579960 61 2026 31.0486 0
1728 591744 62 1894 32.8008 0
1728 603648 65 1999 34.6262 0
1728 615552 70 1959 37.9889 0
1728 627456 65 2236 31.9443 0
1728 639360 64 1999 33.7665 0
1728 651264 62 1736 34.1806 0
1728 663168 63 1743 34.6019 0
1728 675192 65 1797 35.5206 0
1728 687216 65 1803 35.4398 0
1728 699240 64 1797 34.9823 0
1728 711264 67 1821 36.9222 0
1728 723288 64 2065 32.464 0
1728 735312 66 1836 36.2386 0
2197 750120 99 2389 52.3274 0
2197 764928 103 2384 55.3506 0
2197 779736 101 2330 55.4049 0
2197 794544 112 2738 57.8844 0
2197 809352 99 2794 48.854 0
2197 824160 108 2677 56.4956 0
2197 839088 93 2199 49.7298 0
2197 854016 147 3500 72.7307 0
2197 868944 106 2379 57.6829 0
2197 883872 96 2317 50.6781 0
2197 898800 99 2256 53.9526 0
2197 913728 105 3024 51.022 0
2197 928776 96 2210 51.9379 0
2197 943824 100 2200 55.6102 0
2197 958872 110 2774 56.2123 0
2197 973920 110 2551 59.5583 0
2197 988968 101 2536 51.9427 0
2197 1004016 99 2470 51.7082 0
2197 1019184 105 2217 58.9276 0
2197 1034352 105 2878 52.4685 0
2197 1049520 102 2299 55.9631 0
2197 1064688 103 2489 54.521 0
2197 1079856 101 2306 54.9554 0
2197 1095024 105 2229 58.7361 0
2197 1110312 111 2895 55.7462 0
2197 1125600 97 2258 52.6244 0
2197 1140888 108 2520 57.7609 0
2197 1156176 107 2310 59.901 0
2197 1171464 102 2316 55.4055 0
2197 1186752 107 2406 58.7441 0
2197 1202160 115 2644 60.463 0
2197 1217568 108 2356 59.6344 0
2197 1232976 102 2285 55.9005 0
2197 1248384 108 2397 59.38 0
2197 1263792 112 2549 60.1117 0
2197 1279200 118 2649 63.5306 0
