1000 6200 16 1012 7.08469 0
1000 12400 19 1192 8.81448 0
1000 18600 19 1007 9.51672 0
1000 24800 19 1120 9.22511 0
1000 31000 19 1022 9.6444 0
1000 37200 13 1019 5.26475 0
216 38452 1 234 0.675618 0
216 39704 1 223 0.684601 0
216 40956 1 244 0.76384 0
216 42208 1 239 0.633272 0
216 43460 1 228 0.719569 0
216 44712 1 260 0.770256 0
343 46750 3 345 1.35669 0
343 48788 3 343 1.38781 0
343 50826 2 343 1.28996 0
343 52864 3 372 1.44876 0
343 54902 3 406 1.22901 0
343 56940 2 352 1.03749 0
512 60036 4 515 1.86164 0
512 63132 5 542 2.74739 0
512 66228 5 549 2.47149 0
512 69324 6 800 2.33804 0
512 72420 4 513 1.81608 0
512 75516 6 753 2.81828 0
729 79986 11 765 5.62534 0
729 84456 10 838 4.28565 0
729 88926 9 759 4.1538 0
729 93396 11 733 5.73923 0
729 97866 13 952 6.21659 0
729 102336 10 810 4.80472 0
1000 108616 21 1013 11.0332 0
1000 114896 20 1329 8.73363 0
1000 121176 18 1039 8.88698 0
1000 127456 19 1099 9.40604 0
1000 133736 22 1105 11.1923 0
1000 140016 20 1053 10.5632 0
1000 146376 21 1215 9.87955 0
1000 152736 23 1424 9.62997 0
1000 159096 20 1052 10.4817 0
1000 165456 17 1045 7.94605 0
1000 171816 20 1144 9.12405 0
1000 178176 21 1101 11.1958 0
1000 184616 21 1101 10.4875 0
1000 191056 22 1002 11.8705 0
1000 197496 23 1111 12.3466 0
1000 203936 24 1007 13.1457 0
1000 210376 22 1005 11.6373 0
1000 216816 23 1006 12.9875 0
1331 225196 29 1378 13.83 0
1331 233576 30 1351 14.6121 0
1331 241956 45 2310 19.0655 0
1331 250336 35 1744 15.8119 0
1331 258716 43 2228 18.6251 0
1331 267096 34 1501 17.0185 0
1331 275556 31 1365 15.5344 0
1331 284016 37 1595 18.0486 0
1331 292476 39 2178 15.2784 0
1331 300936 32 1415 15.2659 0
1331 309396 35 1635 16.2992 0
1331 317856 29 1342 13.8669 0
1331 326396 34 1537 16.2341 0
1331 334936 43 2099 19.0918 0
1331 343476 31 1336 15.7526 0
1331 352016 34 1490 16.7009 0
1331 360556 35 1448 18.0309 0
1331 369096 36 1409 18.3395 0
1331 377716 33 1494 15.587 0
1331 386336 38 1344 20.5704 0
1331 394956 31 1426 15.0551 0
1331 403576 37 1499 18.4906 0
1331 412196 36 1611 17.2867 0
1331 420816 35 1448 18.2921 0
1728 431760 67 2818 27.863 0
1728 442704 54 1734 27.8582 0
1728 453648 51 1839 24.5593 0
1728 464592 58 1914 29.2992 0
1728 475536 58 2255 26.4537 0
1728 486480 52 1923 24.4669 0
1728 497504 58 2039 27.6436 0
1728 508528 56 1979 27.6189 0
1728 519552 47 1736 22.4058 0
1728 530576 58 1903 29.4106 0
1728 541600 49 1902 21.5935 0
1728 552624 51 1825 24.6145 0
1728 563728 50 1857 22.8927 0
1728 574832 56 2100 25.9317 0
1728 585936 63 2077 31.5436 0
1728 597040 54 1752 28.0038 0
1728 608144 57 1766 29.6746 0
1728 619248 60 2131 28.4677 0
1728 630432 49 1742 23.9209 0
1728 641616 53 1746 26.693 0
1728 652800 56 1790 28.426 0
1728 663984 48 1914 21.6207 0
1728 675168 59 1919 29.4404 0
1728 686352 61 1869 31.568 0
2197 700280 109 3595 46.1936 0
2197 714208 111 3486 47.2734 0
2197 728136 79 2233 38.1256 0
2197 742064 83 2591 37.8176 0
2197 755992 80 2282 37.8577 0
2197 769920 75 2357 33.7164 0
2197 783928 89 2531 43.238 0
2197 797936 82 2310 40.5653 0
2197 811944 69 2213 31.1105 0
2197 825952 79 2440 35.8645 0
2197 839960 86 2351 41.5759 0
2197 853968 70 2214 32.0357 0
2197 868056 97 2361 51.1481 0
2197 882144 106 3122 49.9836 0
2197 896232 99 2770 46.6975 0
2197 910320 89 2850 39.5298 0
2197 924408 86 2331 42.8568 0
2197 938496 107 3123 50.2992 0
2197 952664 92 2461 46.4014 0
2197 966832 107 2917 51.1821 0
2197 981000 73 2204 34.6047 0
2197 995168 85 2358 42.5142 0
2197 1009336 75 2222 35.5957 0
2197 1023504 80 2200 40.0039 0
2197 1037752 87 2349 43.8404 0
2197 1052000 83 2204 41.4969 0
2197 1066248 104 3306 45.4204 0
2197 1080496 88 2328 44.2584 0
2197 1094744 96 2525 47.3161 0
2197 1108992 94 2239 50.2643 0
2197 1123320 97 2511 49.7988 0
2197 1137648 97 2394 50.144 0
2197 1151976 79 2232 38.4288 0
2197 1166304 105 3201 49.2714 0
2197 1180632 92 2655 43.9672 0
2197 1194960 88 2240 45.5901 0
