1296 7200 37 2538 8.76475 0
1296 14400 20 1483 5.02287 0
1296 21600 31 2177 6.70165 0
1296 28800 22 1616 5.45467 0
1296 36000 31 1972 6.97818 0
1296 43200 23 1704 5.38345 0
256 44544 1 282 0.744271 0
256 45888 1 261 0.685242 0
256 47232 1 265 0.774427 0
256 48576 1 281 0.722135 0
256 49920 1 276 0.631668 0
256 51264 1 297 0.761594 0
625 54664 7 778 2.18437 0
625 58064 6 676 2.16095 0
625 61464 6 748 2.15197 0
625 64864 6 673 1.95628 0
625 68264 6 677 1.94665 0
625 71664 7 771 2.22672 0
625 74664 6 766 1.9258 0
625 77664 6 747 1.81833 0
625 80664 6 739 1.73973 0
625 83664 7 797 2.06663 0
625 86664 5 675 1.63451 0
625 89664 7 852 2.28157 0
625 92664 7 766 2.03167 0
625 95664 6 747 1.83052 0
625 98664 6 739 1.72305 0
625 101664 7 797 2.12855 0
625 104664 5 675 1.61045 0
625 107664 7 852 2.22672 0
1296 114144 19 1505 4.11242 0
1296 120624 21 1607 4.43322 0
1296 127104 19 1442 4.17112 0
1296 133584 29 2169 6.2445 0
1296 140064 18 1403 3.89202 0
1296 146544 27 1926 5.7758 0
1296 153024 21 1505 4.46242 0
1296 159504 21 1607 4.47108 0
1296 165984 19 1442 4.10728 0
1296 172464 30 2169 6.60412 0
1296 178944 19 1403 4.18749 0
1296 185424 28 1926 5.85857 0
1296 191904 42 3024 9.27836 0
1296 198384 21 1607 4.37772 0
1296 204864 19 1442 3.96228 0
1296 211344 29 2169 6.54766 0
1296 217824 18 1403 3.92186 0
1296 224304 27 1926 5.52525 0
1296 230784 41 3024 9.31012 0
1296 237264 22 1607 4.56507 0
1296 243744 19 1442 4.19262 0
1296 250224 29 2169 6.42286 0
1296 256704 18 1403 3.89748 0
1296 263184 27 1926 5.82199 0
1296 269664 42 3024 9.18789 0
1296 276144 21 1607 4.57117 0
1296 282624 19 1442 4.04954 0
1296 289104 30 2169 6.56338 0
1296 295584 18 1403 4.10825 0
1296 302064 32 2338 6.25155 0
1296 308544 41 3024 9.06952 0
1296 315024 22 1607 4.49353 0
1296 321504 20 1442 4.38061 0
1296 327984 29 2169 6.41613 0
1296 334464 18 1403 3.92218 0
1296 340944 32 2338 6.52745 0
1296 347424 42 3024 9.3345 0
1296 353904 21 1607 4.30201 0
1296 360384 19 1442 4.18396 0
1296 366864 29 2014 6.5005 0
1296 373344 19 1403 4.15765 0
1296 379824 32 2338 6.5252 0
1296 386304 42 3024 9.41567 0
1296 392784 21 1607 4.31292 0
1296 399264 19 1442 3.9395 0
1296 405744 30 2014 6.71672 0
1296 412224 18 1403 4.21315 0
1296 418704 32 2338 6.18258 0
1296 425184 41 3024 8.82731 0
1296 431664 40 2611 8.41636 0
1296 438144 19 1442 3.93758 0
1296 444624 30 2014 6.59482 0
1296 451104 18 1403 3.97511 0
1296 457584 33 2338 6.40811 0
1296 464064 41 3024 8.92355 0
1296 470544 40 2611 8.45389 0
1296 477024 19 1442 3.99019 0
1296 483504 30 2014 6.63235 0
1296 489984 19 1403 4.31228 0
1296 496464 33 2338 6.26022 0
1296 502944 42 3024 9.2235 0
1296 509424 40 2611 8.4834 0
1296 515904 19 1442 4.03061 0
1296 522384 29 2014 6.5714 0
1296 528864 18 1403 4.0088 0
1296 535344 32 2338 6.56402 0
1296 541824 41 3024 9.24853 0
1296 548304 41 2611 8.63835 0
1296 554784 19 1442 4.16214 0
1296 561264 30 2014 6.56242 0
1296 567744 18 1403 3.88529 0
1296 574224 32 2338 6.44051 0
2401 586572 66 3032 9.71979 0
2401 598920 125 5106 15.1652 0
2401 611268 134 5343 20.9554 0
2401 623616 63 2941 9.28125 0
2401 635964 81 3679 12.6565 0
2401 648312 72 3306 11.0973 0
2401 660660 67 3032 10.407 0
2401 673008 126 5106 15.3705 0
2401 685356 247 9181 37.201 0
2401 697704 62 2941 9.31461 0
2401 710052 80 3679 12.5089 0
2401 722400 74 3306 11.3418 0
2401 734748 74 3338 11.055 0
2401 747096 126 5106 15.2916 0
2401 759444 248 9181 37.4339 0
2401 771792 63 2941 9.32873 0
2401 784140 80 3679 12.5304 0
2401 796488 85 3839 12.3498 0
