1296 7718 28 1927 7.22681 0
1296 15436 20 1523 6.06741 0
1296 23154 21 1435 6.59899 0
1296 30872 19 1441 5.88166 0
1296 38590 20 1534 5.32891 0
1296 46308 22 1533 7.16617 0
256 47754 1 285 0.747158 0
256 49200 1 263 0.800091 0
256 50646 2 266 0.899541 0
256 52092 1 258 0.680751 0
256 53538 1 296 0.749083 0
256 54984 1 259 0.759349 0
625 58634 6 726 2.4192 0
625 62284 5 630 1.88378 0
625 65934 6 628 2.42818 0
625 69584 5 632 1.84945 0
625 73234 7 665 2.85614 0
625 76884 5 636 1.97071 0
625 80324 6 749 2.06118 0
625 83764 7 680 2.68964 0
625 87204 5 633 1.88795 0
625 90644 7 898 2.35311 0
625 94084 5 654 1.972 0
625 97524 7 728 2.65435 0
625 101004 5 657 1.94569 0
625 104484 6 687 2.23185 0
625 107964 8 779 3.06049 0
625 111444 6 635 2.12502 0
625 114924 5 650 1.79235 0
625 118404 6 664 2.28863 0
1296 125404 18 1415 5.12039 0
1296 132404 19 1468 5.05013 0
1296 139404 20 1543 5.30453 0
1296 146404 22 1628 5.77227 0
1296 153404 17 1359 4.39793 0
1296 160404 26 1949 6.46553 0
1296 167444 23 1624 6.78121 0
1296 174484 17 1331 4.77167 0
1296 181524 35 2771 7.65733 0
1296 188564 24 1736 6.50403 0
1296 195604 29 2257 7.08629 0
1296 202644 20 1557 4.9247 0
1296 209724 22 1743 5.59935 0
1296 216804 20 1509 5.62566 0
1296 223884 25 1879 6.15114 0
1296 230964 20 1549 5.32122 0
1296 238044 21 1526 5.7434 0
1296 245124 17 1328 4.52145 0
1296 252244 23 1804 5.5384 0
1296 259364 20 1417 6.27594 0
1296 266484 24 1729 6.7626 0
1296 273604 21 1570 5.47328 0
1296 280724 21 1510 6.00999 0
1296 287844 25 1696 7.66439 0
1296 295004 18 1367 5.51979 0
1296 302164 18 1330 4.99431 0
1296 309324 18 1340 5.05206 0
1296 316484 18 1391 5.23652 0
1296 323644 19 1403 5.33886 0
1296 330804 19 1440 5.42676 0
1296 338004 19 1307 5.84413 0
1296 345204 32 2137 9.35856 0
1296 352404 17 1306 4.80793 0
1296 359604 17 1315 4.62442 0
1296 366804 17 1306 4.97282 0
1296 374004 32 2015 9.2527 0
1296 381244 18 1363 5.45595 0
1296 388484 18 1361 4.90417 0
1296 395724 26 1852 7.13762 0
1296 402964 19 1387 5.52429 0
1296 410204 18 1340 5.3642 0
1296 417444 20 1539 5.23845 0
1296 424724 17 1300 5.21952 0
1296 432004 22 1677 5.65261 0
1296 439284 20 1513 5.42195 0
1296 446564 19 1322 6.1736 0
1296 453844 19 1431 5.46269 0
1296 461124 20 1517 5.24551 0
1296 468444 19 1430 5.38858 0
1296 475764 18 1423 4.98501 0
1296 483084 18 1389 5.51979 0
1296 490404 25 1761 7.64514 0
1296 497724 17 1324 5.12969 0
1296 505044 24 1703 7.26691 0
1296 512404 19 1373 5.91503 0
1296 519764 17 1319 5.02415 0
1296 527124 18 1416 4.79541 0
1296 534484 19 1417 5.50632 0
1296 541844 17 1297 4.78515 0
1296 549204 19 1380 5.61475 0
1296 556604 18 1308 5.45788 0
1296 564004 18 1314 5.69463 0
1296 571404 26 1643 9.43652 0
1296 578804 18 1322 5.71324 0
1296 586204 21 1545 6.11168 0
1296 593604 18 1298 5.56695 0
1296 601044 22 1389 7.91333 0
1296 608484 22 1589 6.38212 0
1296 615924 20 1337 6.89092 0
1296 623364 19 1301 6.4989 0
1296 630804 20 1514 5.68661 0
1296 638244 20 1506 5.90605 0
2401 651592 62 2884 13.1951 0
2401 664940 64 2812 16.04 0
2401 678288 85 4033 16.0576 0
2401 691636 113 4695 27.0257 0
2401 704984 62 2897 13.0433 0
2401 718332 147 6595 28.5046 0
2401 731720 59 2920 12.6651 0
2401 745108 73 3517 15.7054 0
2401 758496 81 3680 18.1464 0
2401 771884 73 3563 13.4896 0
2401 785272 52 2492 11.3854 0
2401 798660 149 6037 32.8525 0
2401 812088 50 2477 10.3123 0
2401 825516 82 3474 17.7964 0
2401 838944 55 2610 12.2375 0
2401 852372 65 3277 12.0158 0
2401 865800 74 3167 18.2927 0
2401 879228 64 2930 15.6631 0
