1296 8236 28 1369 12.8868 0
1296 16472 20 1301 7.08661 0
1296 24708 29 1505 12.2603 0
1296 32944 24 1326 9.93473 0
1296 41180 29 1404 12.9243 0
1296 49416 28 1447 12.1525 0
256 50964 1 264 0.759028 0
256 52512 2 265 1.19212 0
256 54060 1 257 0.783088 0
256 55608 1 258 0.751329 0
256 57156 1 256 0.802016 0
256 58704 1 259 0.669202 0
625 62604 7 667 2.58762 0
625 66504 6 626 2.41054 0
625 70404 8 700 3.44321 0
625 74304 7 651 3.32227 0
625 78204 6 730 2.36498 0
625 82104 6 634 2.32392 0
625 85984 8 684 4.08643 0
625 89864 8 638 3.66457 0
625 93744 9 673 4.42617 0
625 97624 7 635 3.59496 0
625 101504 9 723 4.06045 0
625 105384 8 660 3.9379 0
625 109344 8 655 3.72649 0
625 113304 8 654 4.23368 0
625 117264 8 626 4.06205 0
625 121224 9 647 4.60614 0
625 125184 7 631 3.22507 0
625 129144 8 625 4.362 0
1296 136664 27 1518 11.312 0
1296 144184 21 1306 7.63134 0
1296 151704 23 1496 8.11127 0
1296 159224 20 1520 5.49317 0
1296 166744 22 1354 8.40256 0
1296 174264 18 1318 5.91278 0
1296 181864 21 1354 7.72598 0
1296 189464 25 1539 8.72978 0
1296 197064 26 1459 10.4769 0
1296 204664 25 1627 8.54436 0
1296 212264 25 1398 10.1545 0
1296 219864 21 1300 7.93354 0
1296 227544 23 1409 9.11443 0
1296 235224 22 1315 9.15806 0
1296 242904 26 1368 10.2536 0
1296 250584 22 1335 8.60306 0
1296 258264 22 1341 8.84207 0
1296 265944 27 1431 11.6632 0
1296 273704 26 1322 11.8734 0
1296 281464 27 1352 12.1688 0
1296 289224 24 1309 10.1481 0
1296 296984 25 1314 10.7072 0
1296 304744 27 1309 12.1842 0
1296 312504 23 1325 9.50357 0
1296 320344 24 1499 8.70316 0
1296 328184 26 1351 11.7636 0
1296 336024 26 1515 10.0993 0
1296 343864 26 1350 11.6382 0
1296 351704 26 1348 11.0964 0
1296 359544 23 1305 9.64408 0
1296 367464 26 1309 11.7483 0
1296 375384 33 1750 13.941 0
1296 383304 31 1597 13.4915 0
1296 391224 26 1413 11.0848 0
1296 399144 26 1315 11.7268 0
1296 407064 30 1488 13.9711 0
1296 415064 29 1466 12.4916 0
1296 423064 28 1479 12.0768 0
1296 431064 29 1435 13.6343 0
1296 439064 27 1460 11.3678 0
1296 447064 29 1308 13.88 0
1296 455064 28 1455 12.1483 0
1296 463144 29 1439 12.6484 0
1296 471224 29 1509 12.3533 0
1296 479304 28 1459 12.0601 0
1296 487384 30 1428 14.3445 0
1296 495464 34 1376 17.3707 0
1296 503544 32 1449 15.3143 0
1296 511704 28 1298 13.6843 0
1296 519864 30 1312 15.0968 0
1296 528024 30 1525 13.2548 0
1296 536184 28 1306 13.6054 0
1296 544344 29 1301 13.9278 0
1296 552504 33 1371 16.9723 0
1296 560744 33 1341 16.613 0
1296 568984 30 1317 14.871 0
1296 577224 30 1298 14.3397 0
1296 585464 29 1402 13.4938 0
1296 593704 28 1458 12.4669 0
1296 601944 34 1518 15.9024 0
1296 610264 30 1355 14.9223 0
1296 618584 33 1344 17.1907 0
1296 626904 35 1560 16.826 0
1296 635224 29 1297 13.9342 0
1296 643544 31 1383 15.3063 0
1296 651864 36 1347 18.7823 0
1296 660264 35 1418 18.2478 0
1296 668664 33 1331 17.2684 0
1296 677064 30 1334 14.6987 0
1296 685464 34 1491 16.2742 0
1296 693864 32 1459 14.9428 0
1296 702264 32 1367 16.2087 0
2401 716612 77 2652 28.4735 0
2401 730960 85 3326 26.8274 0
2401 745308 60 2408 18.7694 0
2401 759656 67 2806 20.0141 0
2401 774004 84 2959 31.6989 0
2401 788352 75 2456 30.2588 0
2401 802780 84 2647 34.3494 0
2401 817208 97 3009 38.4698 0
2401 831636 87 3058 29.4872 0
2401 846064 72 2736 25.3261 0
2401 860492 78 2509 31.8086 0
2401 874920 73 2460 28.914 0
2401 889428 84 3246 27.6468 0
2401 903936 90 2771 37.0098 0
2401 918444 73 2844 22.528 0
2401 932952 71 2429 28.0314 0
2401 947460 83 2645 33.9772 0
2401 961968 76 2430 31.3707 0
