1296 8754 34 1509 16.4243 0
1296 17508 31 1299 15.6246 0
1296 26262 33 1301 16.783 0
1296 35016 32 1359 16.2315 0
1296 43770 33 1304 17.524 0
1296 52524 31 1363 14.9817 0
256 54174 2 258 0.925847 0
256 55824 2 256 1.00829 0
256 57474 2 256 1.0346 0
256 59124 2 279 1.20623 0
256 60774 2 259 1.06155 0
256 62424 2 265 0.977497 0
625 66574 10 632 5.35939 0
625 70724 9 641 4.40211 0
625 74874 9 627 4.84803 0
625 79024 7 625 3.53336 0
625 83174 9 628 4.84097 0
625 87324 9 645 4.93785 0
625 91644 10 644 5.5137 0
625 95964 10 625 5.64876 0
625 100284 9 689 4.84867 0
625 104604 9 625 5.15664 0
625 108924 10 655 5.32218 0
625 113244 11 627 6.12612 0
625 117684 10 631 5.48996 0
625 122124 10 629 5.56407 0
625 126564 10 626 5.1714 0
625 131004 10 632 5.70297 0
625 135444 11 650 6.15403 0
625 139884 11 655 5.85664 0
1296 147924 27 1341 12.6022 0
1296 155964 29 1346 13.8922 0
1296 164004 26 1311 12.2109 0
1296 172044 28 1467 12.4675 0
1296 180084 30 1374 14.1241 0
1296 188124 28 1322 12.8133 0
1296 196284 28 1313 12.9988 0
1296 204444 32 1459 15.2078 0
1296 212604 34 1529 15.4314 0
1296 220764 28 1318 13.0761 0
1296 228924 32 1465 15.2598 0
1296 237084 29 1440 13.3536 0
1296 245364 32 1385 16.246 0
1296 253644 32 1444 15.2354 0
1296 261924 31 1365 14.9576 0
1296 270204 28 1299 13.4598 0
1296 278484 33 1316 17.5221 0
1296 286764 32 1431 15.2691 0
1296 295164 32 1424 15.5867 0
1296 303564 31 1300 15.3702 0
1296 311964 35 1423 17.6684 0
1296 320364 32 1482 14.9236 0
1296 328764 33 1375 16.851 0
1296 337164 31 1396 15.041 0
1296 345684 34 1349 17.4788 0
1296 354204 33 1392 15.8427 0
1296 362724 35 1349 18.0293 0
1296 371244 31 1350 15.3573 0
1296 379764 32 1307 16.7528 0
1296 388284 30 1305 15.0875 0
1296 396924 35 1424 17.9719 0
1296 405564 38 1382 19.9702 0
1296 414204 36 1475 17.763 0
1296 422844 33 1297 16.7464 0
1296 431484 35 1359 18.523 0
1296 440124 33 1340 17.2979 0
1296 448884 35 1296 18.8005 0
1296 457644 36 1301 19.208 0
1296 466404 35 1307 18.9398 0
1296 475164 36 1301 19.0931 0
1296 483924 34 1326 18.1429 0
1296 492684 36 1296 19.1688 0
1296 501564 38 1490 19.4502 0
1296 510444 35 1353 18.5234 0
1296 519324 40 1443 21.5306 0
1296 528204 35 1411 17.4775 0
1296 537084 37 1416 19.7838 0
1296 545964 41 1463 22.1712 0
1296 554964 40 1308 22.1716 0
1296 563964 38 1328 20.7684 0
1296 572964 38 1305 20.863 0
1296 581964 38 1368 20.4938 0
1296 590964 36 1319 19.6103 0
1296 599964 39 1297 21.7 0
1296 609084 41 1413 22.0965 0
1296 618204 38 1401 20.4979 0
1296 627324 40 1389 21.7978 0
1296 636444 41 1315 22.9749 0
1296 645564 38 1304 20.821 0
1296 654684 40 1332 22.6015 0
1296 663924 41 1302 22.5171 0
1296 673164 40 1312 22.297 0
1296 682404 41 1357 22.7192 0
1296 691644 39 1298 21.8809 0
1296 700884 41 1351 22.638 0
1296 710124 44 1364 24.3383 0
1296 719484 43 1338 24.2918 0
1296 728844 41 1367 22.5565 0
1296 738204 38 1308 21.0641 0
1296 747564 43 1334 24.5366 0
1296 756924 41 1385 23.0025 0
1296 766284 42 1301 23.6123 0
2401 781632 105 2952 47.7985 0
2401 796980 100 2485 49.3031 0
2401 812328 99 2470 48.3401 0
2401 827676 97 2461 47.1743 0
2401 843024 93 2648 42.2406 0
2401 858372 93 2411 45.1221 0
2401 873840 122 3277 55.0982 0
2401 889308 109 2686 53.9677 0
2401 904776 109 2731 52.4823 0
2401 920244 100 2613 48.2567 0
2401 935712 99 2471 48.3019 0
2401 951180 101 2481 50.5453 0
2401 966768 104 2673 50.3534 0
2401 982356 106 2497 53.3084 0
2401 997944 100 2708 47.2721 0
2401 1013532 106 2477 54.3337 0
2401 1029120 101 2532 49.5197 0
2401 1044708 104 2479 52.8086 0
