1000 20094 60 1005 39.6735 0
1000 40170 55 1003 35.9104 0
1000 60264 54 1002 34.8835 0
1000 80354 54 1003 35.7128 0
1000 100442 57 1011 37.6412 0
1000 120518 57 1002 37.3245 0
200 121404 1 201 0.522914 0
200 122292 1 203 0.479606 0
200 123176 1 203 0.514894 0
200 124074 1 202 0.46549 0
200 124948 1 214 0.552108 0
200 125850 1 207 0.66439 0
400 129120 6 402 3.29244 0
400 132424 6 412 3.773 0
400 135730 5 402 3.29244 0
400 139024 6 401 3.22218 0
400 142302 7 400 4.25967 0
400 145592 6 400 3.47818 0
600 152870 17 602 10.3316 0
600 160152 17 600 10.9754 0
600 167442 17 601 10.9276 0
600 174728 16 603 10.3576 0
600 182030 17 609 11.055 0
600 189324 17 607 10.7845 0
800 202184 33 805 21.2034 0
800 215062 34 817 21.631 0
800 227940 33 800 20.9089 0
800 240818 33 805 21.4004 0
800 253692 34 800 21.9239 0
800 266564 34 800 22.2489 0
1100 290832 70 1102 46.1631 0
1100 315106 71 1102 46.7768 0
1100 339384 70 1102 46.0636 0
1100 363652 69 1107 45.0669 0
1100 387940 69 1103 45.414 0
1100 412202 69 1116 44.9716 0
1200 441064 85 1201 56.2492 0
1200 469924 83 1211 54.4014 0
1200 498782 84 1202 55.4199 0
1200 527654 84 1208 55.0821 0
1200 556540 84 1202 55.6009 0
1200 585412 85 1205 56.0166 0
1300 619276 100 1306 66.4422 0
1300 653152 102 1303 67.6456 0
1300 687016 102 1301 68.2506 0
1300 720876 101 1301 66.566 0
1300 754750 101 1302 66.5256 0
1300 788628 100 1300 66.5728 0
1400 827898 118 1403 78.468 0
1400 867174 120 1401 79.5375 0
1400 906426 118 1400 78.6444 0
1400 945686 118 1400 78.7131 0
1400 984962 117 1400 77.7163 0
1400 1024236 121 1411 81.1845 0
1500 1069308 139 1501 92.5016 0
1500 1114388 136 1501 90.5893 0
1500 1159436 139 1500 93.5067 0
1500 1204492 140 1500 93.9738 0
1500 1249558 139 1505 92.7541 0
1500 1294638 137 1501 91.3689 0
1600 1345906 159 1602 106.504 0
1600 1397170 159 1600 106.267 0
1600 1448416 160 1601 107.129 0
1600 1499664 157 1600 104.856 0
1600 1550938 161 1609 107.44 0
1600 1602210 159 1613 106.346 0
1700 1660080 180 1700 120.673 0
1700 1717944 178 1701 119.419 0
1700 1775796 181 1705 121.242 0
1700 1833650 181 1700 121.366 0
1700 1891520 181 1700 121.632 0
1700 1949388 179 1702 120.055 0
1800 2014246 204 1803 137.474 0
1800 2079130 203 1802 136.682 0
1800 2143992 203 1800 136.528 0
1800 2208848 200 1800 134.414 0
1800 2273706 204 1801 137.61 0
1800 2338580 205 1805 138.642 0
1900 2410854 227 1901 152.938 0
1900 2483124 225 1903 151.092 0
1900 2555372 223 1900 149.475 0
1900 2627626 226 1900 152.303 0
1900 2699888 223 1905 149.915 0
1900 2772166 222 1900 148.527 0
2000 2852246 257 2000 173.284 0
2000 2932314 256 2008 172.623 0
2000 3012366 254 2001 170.863 0
2000 3092426 256 2001 173.017 0
2000 3172492 255 2004 172.222 0
2000 3252564 253 2003 170.787 0
2100 3340832 287 2100 194.323 0
2100 3429104 289 2101 195.617 0
2100 3517362 279 2100 188.334 0
2100 3605620 283 2103 191.778 0
2100 3693890 285 2101 192.315 0
2100 3782168 279 2123 188.037 0
2200 3879022 317 2200 214.516 0
2200 3975876 306 2202 206.279 0
2200 4072726 310 2213 209.435 0
2200 4169594 308 2203 208.24 0
2200 4266456 304 2200 204.814 0
2200 4363320 308 2205 208.061 0
2300 4469180 340 2301 230.016 0
2300 4575014 348 2303 235.983 0
2300 4680862 341 2301 231.085 0
2300 4786712 336 2300 226.64 0
2300 4892562 342 2302 231.123 0
2300 4998422 344 2312 233.541 0
2400 5113676 373 2400 252.434 0
2400 5228914 376 2400 255.395 0
2400 5344168 369 2407 249.383 0
2400 5459408 371 2400 250.705 0
2400 5574662 373 2402 251.302 0
2400 5689914 372 2402 251.538 0
2500 5814966 400 2501 270.223 0
2500 5940024 408 2501 276.818 0
2500 6065070 413 2502 280.2 0
2500 6190128 407 2505 276.287 0
2500 6315172 413 2500 279.547 0
2500 6440224 411 2513 279.974 0
2600 6575482 438 2600 297.425 0
2600 6710732 441 2602 298.856 0
2600 6845972 434 2601 294.154 0
2600 6981234 445 2600 301.676 0
2600 7116472 443 2600 300.992 0
2600 7251728 443 2600 300.63 0
2700 7397586 482 2703 327.717 0
2700 7543424 478 2706 324.777 0
2700 7689252 479 2706 325.811 0
2700 7835098 480 2706 326.305 0
2700 7980932 481 2700 327.951 0
2700 8126790 481 2700 327.173 0
