1000 99916 109 1000 69.8549 0
1000 199830 109 1001 70.1334 0
1000 299748 108 1001 69.632 0
1000 399660 106 1000 67.9891 0
1000 499580 110 1001 71.7577 0
1000 599490 109 1002 70.4375 0
200 603494 4 202 2.45866 0
200 607488 4 202 2.36242 0
200 611482 4 200 2.41696 0
200 615484 3 200 2.19015 0
200 619488 4 200 2.34157 0
200 623488 4 200 2.47053 0
400 639468 16 404 10.4073 0
400 655452 16 401 9.93056 0
400 671432 17 403 10.4711 0
400 687402 16 402 10.3345 0
400 703384 16 402 10.4002 0
400 719362 16 403 10.2677 0
600 755316 38 601 24.1198 0
600 791274 37 601 23.7997 0
600 827228 37 600 23.595 0
600 863192 38 600 24.1282 0
600 899150 38 600 23.8029 0
600 935116 38 601 24.3405 0
800 999060 69 800 44.4484 0
800 1063004 67 801 42.6515 0
800 1126940 68 800 43.5931 0
800 1190876 70 801 44.688 0
800 1254820 69 800 44.4349 0
800 1318758 70 801 44.5683 0
1100 1439672 130 1101 83.2448 0
1100 1560580 131 1102 84.118 0
1100 1681482 131 1103 83.8841 0
1100 1802386 133 1102 86.2109 0
1100 1923290 132 1101 85.1872 0
1100 2044200 133 1100 85.6729 0
1200 2188102 156 1202 100.263 0
1200 2331992 158 1201 102.424 0
1200 2475882 155 1200 99.3274 0
1200 2619774 158 1202 101.868 0
1200 2763672 159 1204 102.811 0
1200 2907570 156 1200 101.007 0
1300 3076462 183 1303 118.547 0
1300 3245344 186 1302 120.803 0
1300 3414230 184 1300 119.176 0
1300 3583128 187 1302 121.125 0
1300 3752012 186 1300 120.162 0
1300 3920904 184 1301 118.428 0
1400 4116786 211 1400 136.002 0
1400 4312658 216 1400 140.184 0
1400 4508530 215 1400 139.627 0
1400 4704416 216 1403 139.776 0
1400 4900294 213 1407 138.029 0
1400 5096168 218 1402 140.954 0
1500 5321038 250 1502 162.531 0
1500 5545910 252 1502 163.668 0
1500 5770774 249 1500 161.266 0
1500 5995644 247 1503 160.141 0
1500 6220512 248 1501 161.084 0
1500 6445382 247 1501 159.922 0
1600 6701244 283 1600 183.563 0
1600 6957106 281 1600 183.092 0
1600 7212958 280 1601 181.837 0
1600 7468820 282 1601 183.573 0
1600 7724676 284 1603 184.604 0
1600 7980544 281 1602 181.95 0
1700 8269390 320 1700 208.155 0
1700 8558240 324 1701 211.751 0
1700 8847086 320 1700 208.087 0
1700 9135932 322 1700 210.37 0
1700 9424780 320 1702 207.768 0
1700 9713632 326 1701 212.337 0
1800 10037474 359 1803 233.832 0
1800 10361314 360 1800 234.726 0
1800 10685156 357 1800 232.057 0
1800 11008998 356 1802 231.455 0
1800 11332840 365 1801 239.176 0
1800 11656680 351 1800 227.044 0
1900 12017516 401 1900 261.048 0
1900 12378344 401 1900 260.582 0
1900 12739172 405 1901 264.255 0
1900 13100004 400 1901 259.949 0
1900 13460832 403 1901 262.856 0
1900 13821656 404 1900 263.777 0
2000 14221474 443 2000 288.375 0
2000 14621296 449 2001 293.02 0
2000 15021116 451 2000 294.711 0
2000 15420932 447 2000 291.288 0
2000 15820752 447 2001 292.222 0
2000 16220574 445 2000 290.071 0
2100 16661384 490 2101 320.219 0
2100 17102196 497 2102 325.08 0
2100 17543004 492 2100 320.328 0
2100 17983810 492 2101 320.919 0
2100 18424616 489 2105 319.281 0
2100 18865424 495 2100 323.893 0
2200 19349224 538 2202 351.857 0
2200 19833022 541 2200 354.65 0
2200 20316818 545 2203 356.669 0
2200 20800610 540 2200 352.85 0
2200 21284410 540 2202 352.525 0
2200 21768212 542 2202 354.758 0
2300 22296994 598 2300 391.804 0
2300 22825778 590 2301 385.407 0
2300 23354562 596 2304 390.83 0
2300 23883344 594 2301 389.416 0
2300 24412134 592 2300 387.194 0
2300 24940916 598 2300 392.114 0
2400 25516696 650 2400 426.692 0
2400 26092478 649 2400 425.137 0
2400 26668254 645 2400 422.553 0
2400 27244026 643 2401 420.96 0
2400 27819806 648 2402 424.28 0
2400 28395574 651 2400 426.539 0
2500 29020342 706 2500 462.963 0
2500 29645108 699 2500 457.31 0
2500 30269874 700 2500 458.321 0
2500 30894644 707 2503 462.912 0
2500 31519412 704 2502 461.659 0
2500 32144182 709 2500 466.278 0
2600 32819942 768 2600 504.435 0
2600 33495704 762 2600 500.546 0
2600 34171464 759 2602 497.624 0
2600 34847228 760 2600 498.337 0
2600 35522992 766 2602 503.598 0
2600 36198754 761 2605 498.639 0
2700 36927502 817 2701 535.735 0
2700 37656260 815 2700 535.142 0
2700 38385006 823 2703 539.54 0
2700 39113758 819 2700 537.788 0
2700 39842508 821 2702 538.736 0
2700 40571252 822 2701 539.402 0
