1000 199806 163 1000 103.22 0
1000 399616 168 1003 105.127 0
1000 599420 164 1000 103.722 0
1000 799226 161 1000 101.319 0
1000 999034 162 1000 101.719 0
1000 1198840 162 1000 101.676 0
200 1206806 6 200 3.74445 0
200 1214776 5 200 3.55614 0
200 1222742 6 201 3.79321 0
200 1230714 6 200 3.73611 0
200 1238676 6 201 3.63313 0
200 1246646 6 200 3.55999 0
400 1278572 24 401 15.339 0
400 1310496 24 401 14.8184 0
400 1342426 25 400 15.1799 0
400 1374352 25 401 15.5658 0
400 1406280 24 400 14.9708 0
400 1438206 24 400 15.2563 0
600 1510090 57 600 36.1526 0
600 1581978 57 600 35.5011 0
600 1653864 56 600 35.35 0
600 1725746 56 600 35.1498 0
600 1797636 56 600 35.0478 0
600 1869532 56 600 35.1129 0
800 1997382 104 802 65.654 0
800 2125230 102 802 63.8292 0
800 2253082 103 800 64.6001 0
800 2380934 101 800 63.7413 0
800 2508782 102 802 63.7032 0
800 2636632 100 800 62.7016 0
1100 2878416 195 1100 123.913 0
1100 3120208 196 1100 123.778 0
1100 3362006 197 1100 123.95 0
1100 3603794 197 1100 124.635 0
1100 3845584 198 1100 125.947 0
1100 4087378 196 1103 123.816 0
1200 4375144 234 1200 147.594 0
1200 4662914 235 1201 148.83 0
1200 4950678 237 1201 150.442 0
1200 5238444 233 1200 147.572 0
1200 5526212 232 1201 146.487 0
1200 5813986 232 1201 146.571 0
1300 6151734 279 1300 177.364 0
1300 6489484 278 1300 176.077 0
1300 6827226 275 1300 174.13 0
1300 7164976 276 1300 174.985 0
1300 7502722 279 1300 177.714 0
1300 7840468 276 1300 174.659 0
1400 8232196 323 1400 206.395 0
1400 8623926 320 1400 203.058 0
1400 9015648 322 1401 204.495 0
1400 9407376 321 1400 204.451 0
1400 9799100 322 1401 205.143 0
1400 10190828 321 1400 203.132 0
1500 10640538 370 1500 235.653 0
1500 11090246 372 1500 237.092 0
1500 11539950 370 1501 235.948 0
1500 11989658 369 1500 234.876 0
1500 12439360 373 1500 239.094 0
1500 12889066 370 1500 236.129 0
1600 13400752 424 1600 270.905 0
1600 13912442 424 1600 269.943 0
1600 14424130 424 1600 271.325 0
1600 14935818 425 1600 271.917 0
1600 15447502 421 1600 268.434 0
1600 15959192 425 1600 270.502 0
1700 16536856 474 1700 301.857 0
1700 17114528 476 1700 304.299 0
1700 17692196 484 1700 310.288 0
1700 18269866 477 1700 304.18 0
1700 18847534 480 1700 307.498 0
1700 19425204 478 1700 305.437 0
1800 20072854 539 1801 345.426 0
1800 20720506 535 1802 341.611 0
1800 21368154 538 1800 342.91 0
1800 22015800 536 1800 343.23 0
1800 22663446 539 1800 344.63 0
1800 23311096 533 1802 340.129 0
1900 24032726 597 1900 382.612 0
1900 24754350 599 1901 383.999 0
1900 25475982 598 1900 383.701 0
1900 26197612 606 1900 389.223 0
1900 26919238 599 1900 383.355 0
1900 27640870 598 1900 382.23 0
2000 28440480 664 2000 424.481 0
2000 29240090 667 2000 427.971 0
2000 30039698 668 2000 429.309 0
2000 30839306 669 2000 430.174 0
2000 31638912 661 2000 423.528 0
2000 32438526 670 2000 430.478 0
2100 33320112 740 2100 476.724 0
2100 34201702 738 2100 474.234 0
2100 35083294 737 2100 473.86 0
2100 35964878 737 2101 472.883 0
2100 36846466 741 2100 477.281 0
2100 37728058 742 2100 478.607 0
2200 38695624 811 2200 522.413 0
2200 39663198 808 2200 520.328 0
2200 40630766 801 2200 514.104 0
2200 41598328 813 2200 524.303 0
2200 42565896 814 2200 524.226 0
2200 43533466 806 2200 517.073 0
2300 44591012 883 2301 568.823 0
2300 45648560 895 2300 577.279 0
2300 46706110 896 2303 578.578 0
2300 47763658 887 2300 571.969 0
2300 48821212 886 2301 569.761 0
2300 49878764 894 2300 576.503 0
2400 51030294 971 2401 627.282 0
2400 52181822 995 2400 649.018 0
2400 53333356 977 2400 631.148 0
2400 54484888 977 2401 630.592 0
2400 55636414 967 2400 623.357 0
2400 56787942 969 2400 624.901 0
2500 58037450 1058 2500 682.123 0
2500 59286960 1054 2500 681.385 0
2500 60536466 1057 2500 684.056 0
2500 61785972 1052 2500 680.15 0
2500 63035478 1053 2502 680.647 0
2500 64284986 1063 2500 688.825 0
2600 65636476 1142 2600 738.945 0
2600 66987968 1143 2603 740.474 0
2600 68339460 1138 2600 735.485 0
2600 69690948 1143 2600 738.965 0
2600 71042436 1140 2600 736.942 0
2600 72393920 1138 2600 735.273 0
2700 73851394 1234 2700 798.015 0
2700 75308860 1267 2700 826.21 0
2700 76766328 1219 2702 787.396 0
2700 78223800 1238 2701 802.256 0
2700 79681270 1234 2700 798.212 0
2700 81138742 1228 2700 793.981 0
