1024 3968 415 31315 108.291 0
1024 7936 428 34704 101.26 0
1024 11904 336 28852 69.5794 0
1024 15872 313 26345 72.9539 0
1024 19840 23 2109 5.08703 0
1024 23808 17 1637 3.58084 0
196 24536 1 255 0.484097 0
196 25264 1 211 0.456187 0
196 25992 9 1622 3.75408 0
196 26720 1 225 0.394592 0
196 27448 2 433 0.908844 0
196 28176 2 475 0.851741 0
400 29696 37 5573 10.5552 0
400 31216 61 7891 21.2614 0
400 32736 2 477 0.892804 0
400 34256 2 408 0.741384 0
400 35776 18 2543 6.27978 0
400 37296 4 615 1.39005 0
576 39504 171 18326 55.8534 0
576 41712 75 8631 20.7061 0
576 43920 106 13173 27.6551 0
576 46128 78 9631 20.324 0
576 48336 8 1018 2.59949 0
576 50544 62 7731 17.4284 0
784 53568 90 9685 20.3119 0
784 56592 30 2835 9.10801 0
784 59616 336 31493 92.1558 0
784 62640 65 7227 15.7959 0
784 65664 52 5392 12.2153 0
784 68688 7 843 1.89725 0
1089 72912 1584 127198 331.807 0
1089 77136 17 1559 3.67644 0
1089 81360 15 1381 3.31329 0
1089 85584 15 1439 3.23597 0
1089 89808 70 6487 13.2394 0
1089 94032 343 25954 82.274 0
1225 98792 21 1776 3.96485 0
1225 103552 967 73737 191.653 0
1225 108312 1427 106162 296.332 0
1225 113072 361 29279 68.1303 0
1225 117832 86 5926 21.111 0
1225 122592 144 11241 26.2702 0
1296 127632 331 21870 75.0305 0
1296 132672 156 12786 27.9002 0
1296 137712 368 27385 72.3768 0
1296 142752 106 9166 17.7075 0
1296 147792 16 1316 3.33607 0
1296 152832 1533 106207 307.721 0
1369 158160 208 15922 32.7755 0
1369 163488 337 22388 68.0809 0
1369 168816 321 23553 54.9715 0
1369 174144 818 51738 170.035 0
1369 179472 381 28737 60.3363 0
1369 184800 19 1476 3.78744 0
1521 190728 1258 80071 250.657 0
1521 196656 614 40918 95.5172 0
1521 202584 955 60246 172.095 0
1521 208512 210 15937 37.7897 0
1521 214440 20 1560 3.73515 0
1521 220368 2626 163663 471.995 0
1600 226608 1275 69040 282.136 0
1600 232848 40 2764 6.88226 0
1600 239088 1932 111554 373.086 0
1600 245328 2237 119254 518.838 0
1600 251568 8021 436241 1714.86 0
1600 257808 37 2571 6.56338 0
1681 264368 248 15234 45.0338 0
1681 270928 852 48451 152.859 0
1681 277488 481 27528 91.1648 0
1681 284048 2570 158586 395.736 0
1681 290608 442 24649 90.6637 0
1681 297168 100 6970 15.6845 0
1764 304056 944 56962 151.09 0
1764 310944 6797 367464 1238.41 0
1764 317832 1214 72501 172.498 0
1764 324720 2598 148732 429.076 0
1764 331608 802 49453 111.423 0
1764 338496 180 9914 33.105 0
1936 346064 49 3037 7.51553 0
1936 353632 713 40930 94.0871 0
1936 361200 125 6862 20.6529 0
1936 368768 4803 258764 735.344 0
1936 376336 241 14794 34.0068 0
1936 383904 6464 333494 1121.7 0
2025 391824 7910 388518 1390.22 0
2025 399744 866 44673 144.758 0
2025 407664 44 2545 7.13923 0
2025 415584 12453 586648 2449.97 0
2025 423504 1907 92372 349.964 0
2025 431424 4076 200949 689.414 0
2116 439704 70 3909 9.89399 0
2116 447984 3760 177710 655.487 0
2116 456264 2220 104874 352.403 0
2116 464544 3924 191479 661.394 0
2116 472824 11107 511047 1857.03 0
2116 481104 1482 67899 272.938 0
2209 489752 14229 612990 2613.64 0
2209 498400 576 24163 109.284 0
2209 507048 246 10924 46.8862 0
2209 515696 494 26086 63.8745 0
2209 524344 128 6254 20.299 0
2209 532992 230 12631 31.0159 0
2304 542016 628 27286 106.065 0
2304 551040 1308 55145 238.597 0
2304 560064 2839 122291 495.504 0
2304 569088 2421 117575 308.981 0
2304 578112 1554 73916 196.096 0
2304 587136 228 11163 33.6382 0
2401 596544 1441 67418 195.133 0
2401 605952 1964 90531 262.091 0
2401 615360 9252 392599 1479.39 0
2401 624768 10684 471618 1569.21 0
2401 634176 60 2995 9.15646 0
2401 643584 17153 705281 3016.2 0
2500 653384 14218 584859 2365.27 0
2500 663184 463 23655 48.7247 0
2500 672984 2782 127932 287.328 0
2500 682784 1323 65946 160.092 0
2500 692584 103 5150 13.3651 0
2500 702384 2993 135088 367.574 0
2601 712584 437 20729 47.3642 0
2601 722784 636 27915 78.433 0
2601 732984 16004 656260 2280.55 0
2601 743184 1546 64118 205.233 0
2601 753384 4929 198123 727.659 0
2601 763584 1633 75656 208.892 0
2704 774192 31696 1184814 4824.32 0
2704 784800 292 12875 37.449 0
2704 795408 805 36142 88.5185 0
2704 806016 5417 214200 778.633 0
2704 816624 348 15523 38.0261 0
2704 827232 4921 206512 641.169 0
