1024 4786 12 1038 4.07039 0
1024 9572 14 1171 4.85155 0
1024 14358 16 1373 5.13643 0
1024 19144 13 1227 4.43354 0
1024 23930 18 1480 6.12355 0
1024 28716 20 1820 6.55247 0
196 29600 1 272 0.686526 0
196 30484 1 256 0.638084 0
196 31368 1 206 0.452016 0
196 32252 1 274 0.654766 0
196 33136 1 279 0.639367 0
196 34020 2 428 1.35541 0
400 35860 3 536 1.64285 0
400 37700 3 441 1.36792 0
400 39540 2 411 0.887992 0
400 41380 5 730 2.14202 0
400 43220 4 671 1.6714 0
400 45060 3 567 1.41925 0
576 47728 5 722 1.96718 0
576 50396 7 1005 2.82342 0
576 53064 4 593 1.62392 0
576 55732 4 606 1.68295 0
576 58400 5 594 2.00696 0
576 61068 7 978 2.60655 0
784 64718 11 1032 4.47782 0
784 68368 12 1202 4.03318 0
784 72018 8 1057 3.05632 0
784 75668 7 838 2.59212 0
784 79318 11 1273 4.01585 0
784 82968 9 1063 2.88662 0
1089 88072 16 1537 5.40142 0
1089 93176 22 1712 9.0477 0
1089 98280 15 1342 5.58909 0
1089 103384 15 1396 5.55252 0
1089 108488 13 1156 4.2895 0
1089 113592 13 1092 4.58208 0
1225 119312 34 1946 14.5399 0
1225 125032 19 1435 6.79596 0
1225 130752 15 1248 4.9587 0
1225 136472 38 2626 14.0372 0
1225 142192 24 2055 7.71186 0
1225 147912 26 1968 8.86163 0
1296 153992 18 1537 5.50375 0
1296 160072 21 1772 6.98652 0
1296 166152 27 2229 7.59605 0
1296 172232 18 1380 5.76778 0
1296 178312 20 1720 6.09853 0
1296 184392 22 1634 8.20591 0
1369 190840 23 1661 6.70389 0
1369 197288 20 1475 5.78029 0
1369 203736 22 1597 7.33941 0
1369 210184 44 2318 18.832 0
1369 216632 39 2234 15.708 0
1369 223080 22 1710 7.44527 0
1521 230208 31 1887 10.7566 0
1521 237336 24 1575 7.90563 0
1521 244464 32 2016 10.1769 0
1521 251592 36 2071 12.4142 0
1521 258720 25 1910 7.11901 0
1521 265848 31 2132 9.12887 0
1600 273368 35 2017 11.7585 0
1600 280888 37 2519 10.7999 0
1600 288408 30 2075 9.78556 0
1600 295928 28 1838 8.71952 0
1600 303448 45 2617 17.0948 0
1600 310968 26 1612 8.15811 0
1681 318888 60 3731 18.209 0
1681 326808 33 1920 10.9032 0
1681 334728 53 3502 14.0808 0
1681 342648 43 2697 11.4355 0
1681 350568 48 2281 19.3045 0
1681 358488 33 2012 10.3168 0
1764 366816 64 3328 21.1248 0
1764 375144 33 1964 10.8856 0
1764 383472 31 1896 9.56613 0
1764 391800 38 2029 12.712 0
1764 400128 32 1839 10.5234 0
1764 408456 35 1974 11.4031 0
1936 417544 35 2676 9.44711 0
1936 426632 40 2298 11.4355 0
1936 435720 58 3571 15.6111 0
1936 444808 95 4218 34.4982 0
1936 453896 61 2795 22.6422 0
1936 462984 65 3183 23.5321 0
2025 472504 44 2308 13.9079 0
2025 482024 46 2375 13.8678 0
2025 491544 38 2121 10.6915 0
2025 501064 44 2477 11.8936 0
2025 510584 163 6165 61.2869 0
2025 520104 48 2797 14.025 0
2116 530064 72 2862 27.9442 0
2116 540024 115 4734 41.9971 0
2116 549984 68 3984 16.4843 0
2116 559944 51 2887 14.1068 0
2116 569904 42 2535 11.1721 0
2116 579864 57 2935 16.9594 0
2209 590272 64 2811 22.5222 0
2209 600680 71 3081 21.1784 0
2209 611088 260 8509 104.498 0
2209 621496 68 3278 18.1275 0
2209 631904 55 2824 14.9724 0
2209 642312 59 3370 15.1995 0
2304 653176 54 2603 14.964 0
2304 664040 84 3300 31.3136 0
2304 674904 49 2458 13.2692 0
2304 685768 80 3522 25.9786 0
2304 696632 57 2812 13.9015 0
2304 707496 95 3735 37.3188 0
2401 718824 84 3819 26.9349 0
2401 730152 63 2986 17.4127 0
2401 741480 68 3057 18.3482 0
2401 752808 66 2848 20.2849 0
2401 764136 70 2725 25.3017 0
2401 775464 66 3138 17.654 0
2500 787264 54 2529 12.6885 0
2500 799064 136 4840 48.8248 0
2500 810864 78 3676 20.7183 0
2500 822664 166 4455 76.2197 0
2500 834464 103 3604 37.7557 0
2500 846264 135 4356 50.665 0
2601 858544 60 2877 14.6204 0
2601 870824 93 4391 22.7564 0
2601 883104 70 2969 20.6381 0
2601 895384 79 3425 23.1747 0
2601 907664 321 7162 149.518 0
2601 919944 78 3511 21.8482 0
2704 932712 250 6407 106.514 0
2704 945480 181 6198 57.9193 0
2704 958248 141 4673 42.8411 0
2704 971016 71 2788 21.4632 0
2704 983784 142 4161 60.1416 0
2704 996552 70 2835 20.4588 0
