1024 4376 38 3288 11.2571 0
1024 8752 12 1128 3.66906 0
1024 13128 19 1776 5.87814 0
1024 17504 12 1146 3.67099 0
1024 21880 38 2734 13.017 0
1024 26256 27 2625 6.9384 0
196 27062 1 248 0.512969 0
196 27868 1 220 0.430201 0
196 28674 1 275 0.601833 0
196 29480 1 207 0.394592 0
196 30286 1 209 0.53318 0
196 31092 1 208 0.740742 0
400 32772 3 512 1.46191 0
400 34452 3 481 1.36503 0
400 36132 3 424 1.18089 0
400 37812 7 1094 2.47759 0
400 39492 2 475 0.977497 0
400 41172 3 574 1.40224 0
576 43610 10 1336 3.79418 0
576 46048 7 957 2.53982 0
576 48486 7 1001 2.75958 0
576 50924 5 629 1.88474 0
576 53362 6 772 2.53212 0
576 55800 11 1562 3.66521 0
784 59136 15 1722 4.66068 0
784 62472 9 975 3.27319 0
784 65808 17 2034 5.41617 0
784 69144 12 1301 3.87534 0
784 72480 17 1773 5.29844 0
784 75816 9 1002 3.31874 0
1089 80480 19 1486 6.96984 0
1089 85144 16 1391 4.87209 0
1089 89808 34 2909 10.6742 0
1089 94472 19 1533 6.58551 0
1089 99136 23 1849 7.44752 0
1089 103800 24 2177 7.27364 0
1225 109040 34 2368 11.1252 0
1225 114280 27 2186 8.81095 0
1225 119520 28 2136 9.28702 0
1225 124760 38 3239 9.12053 0
1225 130000 51 3479 16.0878 0
1225 135240 20 1633 5.83162 0
1296 140800 21 1740 5.16979 0
1296 146360 33 2704 8.7917 0
1296 151920 19 1401 6.32759 0
1296 157480 23 1957 6.74303 0
1296 163040 33 2193 12.2497 0
1296 168600 24 1885 6.47933 0
1369 174488 27 2183 8.19564 0
1369 180376 41 3267 10.4933 0
1369 186264 19 1389 5.66448 0
1369 192152 26 1721 8.73909 0
1369 198040 33 1991 11.1118 0
1369 203928 50 3899 11.9901 0
1521 210456 22 1613 5.60288 0
1521 216984 38 2214 12.2343 0
1521 223512 41 2711 11.4666 0
1521 230040 24 1850 6.13991 0
1521 236568 38 2162 12.1521 0
1521 243096 35 2185 11.2581 0
1600 249976 50 3360 11.1599 0
1600 256856 69 4519 16.5806 0
1600 263736 61 3383 20.2904 0
1600 270616 74 5084 14.9271 0
1600 277496 33 2067 9.69413 0
1600 284376 96 6158 22.8931 0
1681 291616 84 5042 21.7285 0
1681 298856 58 3150 18.9828 0
1681 306096 66 3176 23.2655 0
1681 313336 30 1900 8.0378 0
1681 320576 40 2415 10.7236 0
1681 327816 56 2899 17.8205 0
1764 335424 51 2990 15.2816 0
1764 343032 67 2964 25.1464 0
1764 350640 49 2780 15.4536 0
1764 358248 75 4308 20.8617 0
1764 365856 74 4709 14.1043 0
1764 373464 40 2410 11.0768 0
1936 381792 90 5327 16.1779 0
1936 390120 176 8062 50.0734 0
1936 398448 43 2665 11.5615 0
1936 406776 112 7004 20.6817 0
1936 415104 88 4130 29.1927 0
1936 423432 98 4666 27.7857 0
2025 432152 114 6096 26.0222 0
2025 440872 80 3365 28.324 0
2025 449592 584 17565 236.425 0
2025 458312 53 2760 13.5031 0
2025 467032 75 3919 19.035 0
2025 475752 68 3357 20.1675 0
2116 484872 121 4615 44.783 0
2116 493992 123 6754 25.2577 0
2116 503112 148 6945 41.1129 0
2116 512232 96 3852 35.6711 0
2116 521352 124 5051 39.943 0
2116 530472 62 3108 17.6825 0
2209 540000 166 5588 67.2577 0
2209 549528 163 5287 66.9404 0
2209 559056 135 6954 34.9204 0
2209 568584 144 8034 25.8381 0
2209 578112 243 8230 82.1059 0
2209 587640 64 2746 19.677 0
2304 597584 64 3167 14.5832 0
2304 607528 65 2855 19.1335 0
2304 617472 87 4560 20.6279 0
2304 627416 130 6126 32.8182 0
2304 637360 73 3207 23.758 0
2304 647304 105 5469 19.5734 0
2401 657672 160 5245 56.4809 0
2401 668040 157 5782 51.2007 0
2401 678408 292 10401 82.0636 0
2401 688776 196 6013 79.2802 0
2401 699144 65 2817 19.368 0
2401 709512 136 7069 21.7917 0
2500 720312 340 11073 101.904 0
2500 731112 84 3385 23.6053 0
2500 741912 86 3422 26.9994 0
2500 752712 255 10154 70.5251 0
2500 763512 203 6252 63.2005 0
2500 774312 157 7018 26.7498 0
2601 785552 62 2741 15.5864 0
2601 796792 100 4316 25.0864 0
2601 808032 116 5412 23.1221 0
2601 819272 117 4361 36.3769 0
2601 830512 364 10383 142.356 0
2601 841752 81 3418 20.685 0
2704 853440 169 5883 54.6542 0
2704 865128 170 6996 37.9504 0
2704 876816 115 4956 26.335 0
2704 888504 216 8919 47.812 0
2704 900192 140 5870 35.6586 0
2704 911880 346 11119 105.079 0
