1024 5196 15 1215 6.20536 0
1024 10392 15 1212 5.6972 0
1024 15588 19 1560 7.44816 0
1024 20784 18 1408 7.36828 0
1024 25980 18 1387 6.82291 0
1024 31176 15 1087 6.68111 0
196 32138 1 290 0.865215 0
196 33100 1 232 0.66022 0
196 34062 1 234 0.604399 0
196 35024 1 200 0.519706 0
196 35986 1 205 0.522273 0
196 36948 1 199 0.503345 0
400 38948 3 418 1.3769 0
400 40948 4 545 1.99991 0
400 42948 4 544 2.00312 0
400 44948 3 433 1.59794 0
400 46948 3 444 1.65889 0
400 48948 3 447 1.41155 0
576 51846 5 633 2.50454 0
576 54744 4 587 1.75128 0
576 57642 5 588 2.29473 0
576 60540 7 813 3.16411 0
576 63438 6 609 2.88084 0
576 66336 5 601 2.20939 0
784 70300 12 954 5.37383 0
784 74264 14 1291 5.95449 0
784 78228 12 1059 5.37928 0
784 82192 17 1425 7.07603 0
784 86156 10 797 4.55545 0
784 90120 10 988 4.2725 0
1089 95664 15 1127 6.40201 0
1089 101208 20 1531 8.44298 0
1089 106752 19 1244 8.01888 0
1089 112296 16 1179 6.75009 0
1089 117840 18 1367 7.58418 0
1089 123384 16 1295 5.84894 0
1225 129584 19 1269 7.46035 0
1225 135784 26 1488 11.3059 0
1225 141984 19 1480 6.25476 0
1225 148184 24 1571 10.2892 0
1225 154384 36 2110 13.7806 0
1225 160584 22 1555 8.77983 0
1296 167184 22 1526 8.77277 0
1296 173784 22 1329 8.7702 0
1296 180384 22 1306 9.07401 0
1296 186984 34 1968 13.7911 0
1296 193584 22 1569 8.54981 0
1296 200184 24 1456 9.44935 0
1369 207192 25 1614 9.76599 0
1369 214200 27 1519 11.6071 0
1369 221208 33 1850 13.5441 0
1369 228216 24 1620 9.37075 0
1369 235224 26 1546 10.952 0
1369 242232 28 2018 10.4817 0
1521 249960 30 1808 12.2776 0
1521 257688 27 1601 9.78171 0
1521 265416 31 2000 11.694 0
1521 273144 32 1878 12.5949 0
1521 280872 31 1600 13.3484 0
1521 288600 34 1738 14.5675 0
1600 296760 33 1717 14.0455 0
1600 304920 36 1613 16.1876 0
1600 313080 44 2209 18.5474 0
1600 321240 43 2362 17.9642 0
1600 329400 41 2336 15.0449 0
1600 337560 35 1885 13.8932 0
1681 346160 36 1715 15.1565 0
1681 354760 52 2130 23.2742 0
1681 363360 37 1846 15.0445 0
1681 371960 38 2213 13.0998 0
1681 380560 39 2017 15.1469 0
1681 389160 38 2230 12.8512 0
1764 398208 49 2710 18.9497 0
1764 407256 53 2909 20.6064 0
1764 416304 48 2444 17.167 0
1764 425352 43 2395 16.1818 0
1764 434400 48 2085 21.5402 0
1764 443448 37 1829 14.2861 0
1936 453296 49 2514 16.6476 0
1936 463144 53 2380 20.095 0
1936 472992 53 2366 21.385 0
1936 482840 55 2680 19.0601 0
1936 492688 55 2600 19.7328 0
1936 502536 66 3335 24.389 0
2025 512856 88 3472 36.9489 0
2025 523176 81 3044 36.4552 0
2025 533496 48 2246 17.2982 0
2025 543816 55 2141 23.5007 0
2025 554136 51 2164 20.3706 0
2025 564456 48 2272 17.3072 0
2116 575256 60 2389 25.3559 0
2116 586056 53 2339 19.9391 0
2116 596856 58 2681 20.402 0
2116 607656 87 3202 35.6082 0
2116 618456 61 2689 20.6747 0
2116 629256 62 2487 24.073 0
2209 640544 61 2771 23.0082 0
2209 651832 79 3103 29.7436 0
2209 663120 63 2507 25.2468 0
2209 674408 78 3253 30.8795 0
2209 685696 82 3294 29.9858 0
2209 696984 64 2460 25.0332 0
2304 708768 85 2949 32.7393 0
2304 720552 72 2878 28.2229 0
2304 732336 67 2560 27.4678 0
2304 744120 124 3650 58.381 0
2304 755904 68 2543 27.3058 0
2304 767688 104 3125 49.0186 0
2401 779976 96 3921 36.6419 0
2401 792264 90 2924 38.3774 0
2401 804552 73 2795 28.7702 0
2401 816840 72 2690 28.538 0
2401 829128 105 3639 43.014 0
2401 841416 72 3106 28.8992 0
2500 854216 113 4047 37.7073 0
2500 867016 91 3912 32.9584 0
2500 879816 91 2927 38.0852 0
2500 892616 86 3243 31.1657 0
2500 905416 129 4207 53.5814 0
2500 918216 77 2673 30.1827 0
2601 931536 84 2835 32.8153 0
2601 944856 86 3069 31.9924 0
2601 958176 93 2932 39.1663 0
2601 971496 102 3412 41.1745 0
2601 984816 81 2669 31.6501 0
2601 998136 121 4218 42.6454 0
2704 1011984 93 3090 36.5431 0
2704 1025832 91 3005 34.6856 0
2704 1039680 95 3209 34.7514 0
2704 1053528 183 4806 88.0652 0
2704 1067376 86 2822 33.5377 0
2704 1081224 122 4544 46.4925 0
