1000 5400 31 2479 9.41567 0
1000 10800 19 1534 5.61732 0
1000 16200 28 2178 8.11287 0
1000 21600 24 1963 7.58194 0
1000 27000 15 1242 4.40531 0
1000 32400 40 3238 11.6565 0
216 33480 2 315 1.07438 0
216 34560 1 264 0.70834 0
216 35640 1 224 0.520348 0
216 36720 7 981 3.40921 0
216 37800 1 222 0.50527 0
216 38880 1 286 0.80747 0
343 40644 3 443 1.21393 0
343 42408 2 351 1.04775 0
343 44172 15 1676 6.90568 0
343 45936 2 373 1.06861 0
343 47700 4 570 1.65857 0
343 49464 3 491 1.37177 0
512 52152 4 550 1.77598 0
512 54840 10 1297 3.33478 0
512 57528 13 1314 5.70682 0
512 60216 4 555 1.65183 0
512 62904 12 1353 4.89069 0
512 65592 4 547 1.69931 0
729 69480 38 3260 14.6846 0
729 73368 32 2947 11.7611 0
729 77256 10 956 3.56544 0
729 81144 11 1164 3.94175 0
729 85032 13 1261 4.47012 0
729 88920 14 1337 4.62218 0
1000 94320 12 1031 3.93629 0
1000 99720 21 1730 6.25412 0
1000 105120 49 3890 14.2704 0
1000 110520 389 27611 120.498 0
1000 115920 15 1320 4.56219 0
1000 121320 15 1253 4.81595 0
1000 126720 13 1031 4.05531 0
1000 132120 22 1730 6.62369 0
1000 137520 48 3890 13.8746 0
1000 142920 388 27611 120.13 0
1000 148320 16 1320 4.6719 0
1000 153720 15 1253 4.75724 0
1000 159120 13 1031 4.01008 0
1000 164520 21 1730 6.12131 0
1000 169920 49 3890 13.9394 0
1000 175320 388 27611 120.024 0
1000 180720 15 1320 4.58176 0
1000 186120 15 1253 4.97282 0
1331 193380 61 3990 17.1458 0
1331 200640 67 4426 17.9642 0
1331 207900 58 3904 15.2595 0
1331 215160 24 1623 6.72121 0
1331 222420 99 6419 24.8535 0
1331 229680 337 20740 85.7878 0
1331 236940 61 3990 17.2963 0
1331 244200 66 4426 17.5545 0
1331 251460 59 3904 15.3336 0
1331 258720 24 1623 6.60155 0
1331 265980 98 6419 24.8246 0
1331 273240 335 20740 85.3685 0
1331 280500 60 3990 16.8988 0
1331 287760 67 4426 18.047 0
1331 295020 59 3904 15.46 0
1331 302280 24 1623 6.65256 0
1331 309540 98 6419 24.876 0
1331 316800 340 20740 86.3973 0
1331 324060 61 3990 17.2985 0
1331 331320 67 4426 17.7833 0
1331 338580 265 14924 82.7417 0
1331 345840 24 1623 6.48029 0
1331 353100 98 6419 24.8747 0
1331 360360 338 20740 86.1125 0
1728 369864 31 1824 7.7356 0
1728 379368 37 2080 9.86159 0
1728 388872 31 1769 7.50494 0
1728 398376 85 4871 21.8938 0
1728 407880 86 4467 22.2373 0
1728 417384 245 12889 57.3541 0
1728 426888 32 1824 8.0131 0
1728 436392 219 12089 49.7879 0
1728 445896 31 1769 7.72053 0
1728 455400 84 4871 21.802 0
1728 464904 86 4467 22.279 0
1728 474408 245 12889 57.3506 0
1728 483912 32 1824 7.81099 0
1728 493416 220 12089 50.0548 0
1728 502920 31 1769 7.52772 0
1728 512424 84 4871 21.5563 0
1728 521928 85 4467 22.1366 0
1728 531432 245 12889 57.2216 0
1728 540936 43 2512 9.96681 0
1728 550440 218 12089 49.7449 0
1728 559944 32 1769 7.7911 0
1728 569448 86 4871 22.3778 0
1728 578952 85 4467 22.0551 0
1728 588456 143 7858 30.8969 0
2197 600624 118 5486 25.4339 0
2197 612792 91 4139 21.9839 0
2197 624960 253 11328 58.1895 0
2197 637128 52 2583 12.3315 0
2197 649296 7595 302864 2047.47 0
2197 661464 825 36611 189.963 0
2197 673632 118 5486 25.3559 0
2197 685800 89 4139 20.6776 0
2197 697968 254 11328 58.3781 0
2197 710136 103 4857 22.1812 0
2197 722304 7621 302864 2060.06 0
2197 734472 827 36611 190.155 0
2197 746640 117 5486 25.2423 0
2197 758808 90 4139 21.0006 0
2197 770976 2058 84083 509.356 0
2197 783144 105 4857 22.7035 0
2197 795312 7599 302864 2047.13 0
2197 807480 824 36611 190.505 0
2197 819648 119 5486 25.5333 0
2197 831816 53 2458 12.4746 0
2197 843984 2058 84083 509.07 0
2197 856152 104 4857 22.2739 0
2197 868320 7591 302864 2049.09 0
2197 880488 828 36611 191.233 0
2197 892656 105 4903 23.0095 0
2197 904824 53 2458 12.6735 0
2197 916992 2060 84083 509.589 0
2197 929160 104 4857 22.3217 0
2197 941328 7596 302864 2048.9 0
2197 953496 101 5038 23.8667 0
2197 965664 105 4903 22.9287 0
2197 977832 52 2458 12.4829 0
2197 990000 2060 84083 510.32 0
2197 1002168 104 4857 22.6239 0
2197 1014336 205 10398 41.0449 0
2197 1026504 101 5038 23.8295 0
