1000 5800 15 1467 5.762 0
1000 11600 40 3334 14.2752 0
1000 17400 14 1095 6.07768 0
1000 23200 34 2362 14.1286 0
1000 29000 13 1024 4.96801 0
1000 34800 15 1077 6.90664 0
216 35966 1 310 0.788863 0
216 37132 1 258 0.74395 0
216 38298 2 328 1.04583 0
216 39464 1 247 0.642254 0
216 40630 2 353 0.935471 0
216 41796 1 259 0.662786 0
343 43696 2 396 1.19436 0
343 45596 2 374 1.21008 0
343 47496 2 375 1.00412 0
343 49396 4 575 1.91971 0
343 51296 2 356 1.06732 0
343 53196 3 396 1.42149 0
512 56088 5 803 2.14844 0
512 58980 4 560 1.75609 0
512 61872 6 707 3.13203 0
512 64764 10 1143 4.0505 0
512 67656 6 625 2.82759 0
512 70548 4 563 1.91586 0
729 74726 11 1137 4.94363 0
729 78904 15 1318 6.43345 0
729 83082 9 1126 3.55999 0
729 87260 10 839 4.48744 0
729 91438 9 1002 3.70178 0
729 95616 10 1022 4.16343 0
1000 101456 13 1028 4.7659 0
1000 107296 14 1145 5.361 0
1000 113136 14 1356 4.98373 0
1000 118976 13 1016 4.88492 0
1000 124816 13 1053 5.23781 0
1000 130656 18 1465 5.94037 0
1000 136536 19 1271 8.9274 0
1000 142416 13 1012 5.53776 0
1000 148296 14 1240 4.90481 0
1000 154176 14 1171 5.45371 0
1000 160056 22 1466 10.1654 0
1000 165936 19 1393 7.67786 0
1000 171856 23 1573 10.953 0
1000 177776 20 1721 7.77025 0
1000 183696 16 1329 6.91851 0
1000 189616 13 1096 4.46787 0
1000 195536 11 1023 3.87053 0
1000 201456 27 1826 11.5577 0
1331 209276 24 1383 10.7156 0
1331 217096 25 1532 10.5779 0
1331 224916 24 1438 9.76406 0
1331 232736 22 1579 7.28166 0
1331 240556 41 2071 18.5647 0
1331 248376 41 2590 15.6557 0
1331 256236 23 1380 8.99573 0
1331 264096 29 1828 10.4827 0
1331 271956 42 2426 16.4064 0
1331 279816 35 1868 15.9037 0
1331 287676 23 1447 9.30756 0
1331 295536 26 1613 9.95687 0
1331 303436 28 1456 13.4363 0
1331 311336 76 3845 32.3431 0
1331 319236 22 1359 8.6499 0
1331 327136 23 1619 7.35834 0
1331 335036 48 3199 16.8122 0
1331 342936 33 1631 16.8375 0
1331 350876 25 1441 10.834 0
1331 358816 22 1780 7.92648 0
1331 366756 27 1384 12.2157 0
1331 374696 34 2095 13.6821 0
1331 382636 25 1704 8.68134 0
1331 390576 34 1575 16.9934 0
1728 400800 42 2643 11.8512 0
1728 411024 32 2064 8.96654 0
1728 421248 59 3108 20.9795 0
1728 431472 80 3279 32.3937 0
1728 441696 48 2088 20.0915 0
1728 451920 53 2750 18.6443 0
1728 462184 29 1738 9.04738 0
1728 472448 50 2736 17.0801 0
1728 482712 34 2067 11.2921 0
1728 492976 45 2333 16.1436 0
1728 503240 36 2126 11.097 0
1728 513504 43 1839 18.8281 0
1728 523808 41 1743 18.1551 0
1728 534112 42 2530 12.5641 0
1728 544416 66 2407 31.7954 0
1728 554720 37 2413 14.0488 0
1728 565024 56 2782 21.9204 0
1728 575328 46 2445 16.9257 0
1728 585672 71 4308 22.5402 0
1728 596016 35 1974 11.1012 0
1728 606360 57 2097 26.5352 0
1728 616704 42 2202 16.5786 0
1728 627048 42 2652 16.2302 0
1728 637392 74 4262 24.3992 0
2197 650440 63 2294 26.8412 0
2197 663488 55 2412 19.1695 0
2197 676536 126 6280 33.1926 0
2197 689584 73 4087 20.1867 0
2197 702632 71 2552 31.141 0
2197 715680 160 5865 55.222 0
2197 728768 100 4187 37.8645 0
2197 741856 51 3244 15.5488 0
2197 754944 72 2332 33.8345 0
2197 768032 83 2368 41.9255 0
2197 781120 80 2654 37.9543 0
2197 794208 125 6273 39.7056 0
2197 807336 71 3417 25.8204 0
2197 820464 67 3442 17.5311 0
2197 833592 63 2649 24.0425 0
2197 846720 68 3397 21.8004 0
2197 859848 64 3199 20.5079 0
2197 872976 67 2790 23.5129 0
2197 886144 62 2309 25.3495 0
2197 899312 66 2632 26.6763 0
2197 912480 79 2927 35.0375 0
2197 925648 97 4730 30.7974 0
2197 938816 60 2762 20.3888 0
2197 951984 70 2374 31.8914 0
2197 965192 62 2310 24.7101 0
2197 978400 70 2930 26.3818 0
2197 991608 89 3622 35.0795 0
2197 1004816 108 3612 43.6884 0
2197 1018024 60 2236 24.2077 0
2197 1031232 106 4201 40.275 0
2197 1044480 76 2910 30.3294 0
2197 1057728 59 2738 20.1999 0
2197 1070976 68 2340 30.4856 0
2197 1084224 69 2715 26.5435 0
2197 1097472 69 2778 27.419 0
2197 1110720 68 2782 27.1954 0
