1000 6200 17 1012 8.11191 0
1000 12400 22 1298 10.9045 0
1000 18600 20 1016 10.79 0
1000 24800 20 1176 10.5064 0
1000 31000 21 1071 11.5529 0
1000 37200 14 1086 6.08987 0
216 38452 1 306 0.865536 0
216 39704 1 247 0.874197 0
216 40956 2 270 1.01022 0
216 42208 1 266 0.883501 0
216 43460 1 250 0.699358 0
216 44712 2 282 1.02626 0
343 46750 3 386 1.62424 0
343 48788 3 345 1.59184 0
343 50826 3 344 1.50779 0
343 52864 3 409 1.62777 0
343 54902 3 457 1.55655 0
343 56940 2 357 1.11801 0
512 60036 4 517 1.81673 0
512 63132 6 564 3.03194 0
512 66228 6 681 2.98061 0
512 69324 8 872 3.5077 0
512 72420 4 516 1.84849 0
512 75516 8 817 3.8609 0
729 79986 12 781 6.82676 0
729 84456 10 900 4.86631 0
729 88926 10 786 5.3456 0
729 93396 12 738 6.67887 0
729 97866 15 1070 8.5296 0
729 102336 13 894 6.54253 0
1000 108616 23 1118 12.7726 0
1000 114896 24 1522 12.1788 0
1000 121176 20 1059 10.5638 0
1000 127456 22 1217 11.584 0
1000 133736 24 1164 13.7549 0
1000 140016 23 1112 13.4238 0
1000 146376 24 1301 12.6138 0
1000 152736 25 1598 12.6388 0
1000 159096 24 1132 13.4687 0
1000 165456 19 1104 9.59179 0
1000 171816 22 1193 11.4332 0
1000 178176 24 1182 13.7854 0
1000 184616 24 1239 13.6516 0
1000 191056 24 1007 14.3272 0
1000 197496 26 1177 15.2001 0
1000 203936 27 1030 16.3765 0
1000 210376 24 1014 14.4109 0
1000 216816 27 1175 16.4551 0
1331 225196 32 1406 16.262 0
1331 233576 32 1372 17.2257 0
1331 241956 51 2584 24.8253 0
1331 250336 39 1862 20.4921 0
1331 258716 48 2422 23.2399 0
1331 267096 40 1699 21.3753 0
1331 275556 34 1366 18.6899 0
1331 284016 41 1756 22.1796 0
1331 292476 43 2311 19.5394 0
1331 300936 34 1509 17.9703 0
1331 309396 40 1731 21.2573 0
1331 317856 32 1601 16.5767 0
1331 326396 38 1776 20.0866 0
1331 334936 50 2238 25.0778 0
1331 343476 36 1619 19.6933 0
1331 352016 38 1608 20.5717 0
1331 360556 40 1558 22.9187 0
1331 369096 39 1512 21.3978 0
1331 377716 38 1711 19.7344 0
1331 386336 43 1592 25.4569 0
1331 394956 35 1475 17.9363 0
1331 403576 40 1580 21.9675 0
1331 412196 40 1721 21.5367 0
1331 420816 40 1510 22.4064 0
1728 431760 76 3087 36.3272 0
1728 442704 60 1742 33.4498 0
1728 453648 58 2365 30.2613 0
1728 464592 65 2070 35.5206 0
1728 475536 65 2425 33.4668 0
1728 486480 59 2192 31.1715 0
1728 497504 66 2366 34.8014 0
1728 508528 62 2057 33.6513 0
1728 519552 52 1760 27.3003 0
1728 530576 64 1921 35.2585 0
1728 541600 52 2040 25.6693 0
1728 552624 55 1939 29.3063 0
1728 563728 55 1991 28.0305 0
1728 574832 62 2290 31.9228 0
1728 585936 72 2407 39.8134 0
1728 597040 58 1756 32.2401 0
1728 608144 64 1804 36.9656 0
1728 619248 66 2189 33.744 0
1728 630432 56 1926 30.0345 0
1728 641616 58 1761 31.696 0
1728 652800 61 2064 33.6677 0
1728 663984 53 2158 26.3231 0
1728 675168 66 2119 36.5453 0
1728 686352 69 1970 39.4794 0
2197 700280 118 3711 55.4876 0
2197 714208 122 3706 57.9293 0
2197 728136 85 2267 45.0342 0
2197 742064 90 2806 44.7255 0
2197 755992 87 2615 45.2266 0
2197 769920 81 2489 39.9189 0
2197 783928 98 2820 51.662 0
2197 797936 90 2393 48.1495 0
2197 811944 74 2231 36.34 0
2197 825952 85 2554 42.2271 0
2197 839960 92 2412 48.9403 0
2197 853968 78 2246 39.4534 0
2197 868056 107 2456 61.0726 0
2197 882144 118 3426 60.626 0
2197 896232 111 3277 57.7342 0
2197 910320 98 3085 48.1447 0
2197 924408 95 2508 52.15 0
2197 938496 119 3439 62.0388 0
2197 952664 101 2793 55.3388 0
2197 966832 121 3236 63.4837 0
2197 981000 80 2210 41.0741 0
2197 995168 96 2485 52.4095 0
2197 1009336 82 2251 42.4055 0
2197 1023504 88 2367 47.6609 0
2197 1037752 96 2537 52.8185 0
2197 1052000 92 2205 50.2107 0
2197 1066248 119 3816 58.9276 0
2197 1080496 97 2485 53.0126 0
2197 1094744 105 2551 57.3852 0
2197 1108992 103 2276 59.4743 0
2197 1123320 108 2713 60.072 0
2197 1137648 108 2450 61.0934 0
2197 1151976 88 2512 46.4515 0
2197 1166304 119 3720 62.051 0
2197 1180632 104 3058 54.7148 0
2197 1194960 97 2280 54.5454 0
