1000 6600 24 1015 14.2852 0
1000 13200 23 1017 13.2095 0
1000 19800 23 1097 13.461 0
1000 26400 25 1053 14.5168 0
1000 33000 26 1346 14.4693 0
1000 39600 24 1045 14.1386 0
216 40938 1 244 0.866177 0
216 42276 1 231 0.95472 0
216 43614 1 231 0.852383 0
216 44952 2 227 1.16549 0
216 46290 1 224 0.858478 0
216 47628 1 237 0.909486 0
343 49802 4 359 2.21773 0
343 51976 4 399 2.4885 0
343 54150 4 360 2.3621 0
343 56324 3 403 2.01627 0
343 58498 5 433 2.7445 0
343 60672 4 373 2.1741 0
512 63974 6 521 3.1901 0
512 67276 8 634 4.81819 0
512 70578 6 563 3.36333 0
512 73880 7 561 3.92057 0
512 77182 8 624 4.91219 0
512 80484 8 648 4.80087 0
729 85246 15 920 8.47891 0
729 90008 13 747 7.7895 0
729 94770 12 829 6.67791 0
729 99532 13 797 7.59317 0
729 104294 15 966 8.1257 0
729 109056 15 798 9.03808 0
1000 115776 25 1109 14.5566 0
1000 122496 27 1103 15.9758 0
1000 129216 26 1162 15.1536 0
1000 135936 26 1076 15.3634 0
1000 142656 29 1248 17.0566 0
1000 149376 25 1147 14.7523 0
1000 156216 28 1125 17.0207 0
1000 163056 25 1089 14.8825 0
1000 169896 26 1003 16.2062 0
1000 176736 31 1336 18.5259 0
1000 183576 27 1103 16.0785 0
1000 190416 25 1354 13.9509 0
1000 197376 28 1160 16.8334 0
1000 204336 28 1079 17.5404 0
1000 211296 30 1169 18.1422 0
1000 218256 28 1025 17.6896 0
1000 225216 27 1119 15.6149 0
1000 232176 30 1112 18.0887 0
1331 241116 46 1729 26.9619 0
1331 250056 38 1339 21.8383 0
1331 258996 43 1529 24.7573 0
1331 267936 46 1818 26.207 0
1331 276876 47 1755 26.5769 0
1331 285816 43 1410 25.157 0
1331 294876 49 1415 30.3502 0
1331 303936 48 1623 28.794 0
1331 312996 44 1641 25.4611 0
1331 322056 45 1514 27.3837 0
1331 331116 46 1353 27.958 0
1331 340176 44 1552 26.1525 0
1331 349356 47 1811 26.3504 0
1331 358536 47 1740 27.283 0
1331 367716 46 1340 28.2829 0
1331 376896 51 1748 29.5193 0
1331 386076 48 1477 29.0291 0
1331 395256 44 1405 25.9317 0
1331 404556 45 1389 27.044 0
1331 413856 48 1709 28.2977 0
1331 423156 46 1496 27.2849 0
1331 432456 50 1713 30.0041 0
1331 441756 50 1780 29.4083 0
1331 451056 47 1532 28.794 0
1728 462720 72 2401 40.7046 0
1728 474384 75 2386 42.4809 0
1728 486048 70 1734 41.5858 0
1728 497712 70 1998 41.086 0
1728 509376 79 2301 46.6658 0
1728 521040 72 1760 43.7185 0
1728 532824 67 1783 38.9854 0
1728 544608 79 2216 46.8544 0
1728 556392 79 2248 46.6497 0
1728 568176 85 2682 48.9002 0
1728 579960 72 2337 40.668 0
1728 591744 71 1981 41.3009 0
1728 603648 77 2226 45.4262 0
1728 615552 81 2230 48.8781 0
1728 627456 77 2468 42.9701 0
1728 639360 77 2267 44.9026 0
1728 651264 72 1743 43.2906 0
1728 663168 73 1753 44.2123 0
1728 675192 76 1925 45.9937 0
1728 687216 77 1907 47.335 0
1728 699240 75 1809 45.4672 0
1728 711264 77 1853 46.6683 0
1728 723288 75 2195 43.1783 0
1728 735312 78 1935 47.1993 0
2197 750120 113 2488 66.3928 0
2197 764928 120 2593 71.1103 0
2197 779736 119 2606 70.8398 0
2197 794544 130 2924 75.6102 0
2197 809352 115 2984 63.4863 0
2197 824160 128 2978 73.9334 0
2197 839088 107 2201 63.0567 0
2197 854016 170 3604 94.2853 0
2197 868944 126 2581 75.0299 0
2197 883872 110 2440 64.4782 0
2197 898800 116 2385 70.5928 0
2197 913728 122 3252 66.4566 0
2197 928776 110 2422 65.5731 0
2197 943824 115 2206 69.8633 0
2197 958872 128 3177 72.9844 0
2197 973920 129 2766 76.8043 0
2197 988968 119 2968 68.8133 0
2197 1004016 115 2591 66.3052 0
2197 1019184 123 2262 76.3638 0
2197 1034352 122 3131 68.6862 0
2197 1049520 118 2360 70.9422 0
2197 1064688 119 2682 70.1735 0
2197 1079856 117 2441 70.2033 0
2197 1095024 123 2252 75.9182 0
2197 1110312 131 3288 75.478 0
2197 1125600 114 2282 67.9712 0
2197 1140888 127 2996 75.3244 0
2197 1156176 126 2462 78.1741 0
2197 1171464 120 2458 72.6312 0
2197 1186752 126 2504 76.7115 0
2197 1202160 132 2781 77.4253 0
2197 1217568 126 2503 76.8716 0
2197 1232976 121 2356 73.2593 0
2197 1248384 128 2756 77.1049 0
2197 1263792 132 2814 78.6454 0
2197 1279200 140 2857 83.1546 0
