1296 7200 39 2743 11.3835 0
1296 14400 21 1543 5.49894 0
1296 21600 32 2253 7.73464 0
1296 28800 22 1651 5.58267 0
1296 36000 30 1996 7.37213 0
1296 43200 24 1811 6.32598 0
256 44544 1 303 0.759349 0
256 45888 1 269 0.772502 0
256 47232 2 328 1.02241 0
256 48576 1 289 0.782126 0
256 49920 1 299 0.7956 0
256 51264 2 309 0.974289 0
625 54664 7 826 2.60751 0
625 58064 7 706 2.59949 0
625 61464 7 790 2.31366 0
625 64864 6 709 2.13978 0
625 68264 6 699 2.12021 0
625 71664 7 792 2.34798 0
625 74664 6 796 2.01851 0
625 77664 6 763 1.90367 0
625 80664 6 780 1.83597 0
625 83664 7 848 2.26329 0
625 86664 5 696 1.72113 0
625 89664 8 878 2.48657 0
625 92664 6 796 1.98034 0
625 95664 6 763 1.90142 0
625 98664 6 780 1.89372 0
625 101664 6 848 2.14427 0
625 104664 5 696 1.75289 0
625 107664 7 878 2.41471 0
1296 114144 20 1536 4.57406 0
1296 120624 21 1681 4.8076 0
1296 127104 19 1457 4.17594 0
1296 133584 29 2204 6.51718 0
1296 140064 18 1437 4.13776 0
1296 146544 27 1987 5.99715 0
1296 153024 20 1536 4.4945 0
1296 159504 21 1681 4.79253 0
1296 165984 19 1457 4.31517 0
1296 172464 30 2204 6.71127 0
1296 178944 18 1437 4.04537 0
1296 185424 27 1987 5.8544 0
1296 191904 42 3030 10.6104 0
1296 198384 21 1681 4.59844 0
1296 204864 19 1457 4.106 0
1296 211344 31 2204 6.96214 0
1296 217824 18 1437 4.11178 0
1296 224304 28 1987 6.21594 0
1296 230784 42 3030 10.61 0
1296 237264 21 1681 4.66035 0
1296 243744 18 1457 4.05275 0
1296 250224 30 2204 6.70261 0
1296 256704 18 1437 4.17369 0
1296 263184 27 1987 6.06099 0
1296 269664 42 3030 10.5022 0
1296 276144 21 1681 4.78739 0
1296 282624 19 1457 4.21796 0
1296 289104 29 2204 6.51911 0
1296 295584 18 1437 3.97736 0
1296 302064 34 2344 7.62461 0
1296 308544 43 3030 10.7576 0
1296 315024 22 1681 4.84899 0
1296 321504 19 1457 4.37772 0
1296 327984 29 2204 6.60252 0
1296 334464 18 1437 3.88368 0
1296 340944 33 2344 7.33075 0
1296 347424 43 3030 10.5491 0
1296 353904 21 1681 4.74986 0
1296 360384 19 1457 4.26865 0
1296 366864 30 2021 6.55055 0
1296 373344 18 1437 4.05916 0
1296 379824 33 2344 7.4456 0
1296 386304 43 3030 10.5914 0
1296 392784 21 1681 4.7752 0
1296 399264 19 1457 4.21347 0
1296 405744 29 2021 6.45687 0
1296 412224 18 1437 4.05275 0
1296 418704 33 2344 7.53478 0
1296 425184 43 3030 10.688 0
1296 431664 41 2629 9.01209 0
1296 438144 19 1457 4.17112 0
1296 444624 29 2021 6.54605 0
1296 451104 18 1437 4.14129 0
1296 457584 33 2344 7.55082 0
1296 464064 42 3030 10.584 0
1296 470544 41 2629 8.90591 0
1296 477024 19 1457 4.25678 0
1296 483504 30 2021 6.68913 0
1296 489984 18 1437 4.02067 0
1296 496464 33 2344 7.60664 0
1296 502944 42 3030 10.5994 0
1296 509424 41 2629 8.96461 0
1296 515904 19 1457 4.12236 0
1296 522384 30 2021 6.90824 0
1296 528864 19 1437 4.44862 0
1296 535344 33 2344 7.42795 0
1296 541824 43 3030 10.8898 0
1296 548304 40 2629 8.64734 0
1296 554784 19 1457 4.17722 0
1296 561264 29 2021 6.65385 0
1296 567744 18 1437 4.14546 0
1296 574224 33 2344 7.37309 0
2401 586572 66 3112 10.0252 0
2401 598920 127 5220 16.9405 0
2401 611268 134 5354 21.503 0
2401 623616 62 3008 9.65242 0
2401 635964 80 3690 12.5657 0
2401 648312 72 3345 10.9735 0
2401 660660 65 3112 10.1359 0
2401 673008 127 5220 16.5372 0
2401 685356 246 9185 37.3069 0
2401 697704 63 3008 9.71594 0
2401 710052 79 3690 12.3356 0
2401 722400 71 3345 11.0162 0
2401 734748 72 3402 10.6735 0
2401 747096 126 5220 16.4275 0
2401 759444 244 9185 37.0307 0
2401 771792 63 3008 9.66044 0
2401 784140 80 3690 12.6966 0
2401 796488 83 3863 12.531 0
