1296 7718 29 2027 8.78143 0
1296 15436 23 1718 8.6329 0
1296 23154 23 1494 8.33551 0
1296 30872 21 1510 7.68556 0
1296 38590 21 1899 6.59097 0
1296 46308 25 1746 9.42208 0
256 47754 2 315 1.10774 0
256 49200 2 312 0.976214 0
256 50646 1 266 0.834417 0
256 52092 1 271 0.756141 0
256 53538 2 345 1.02369 0
256 54984 1 267 0.788221 0
625 58634 7 744 3.05761 0
625 62284 6 640 2.11187 0
625 65934 6 634 2.65628 0
625 69584 6 655 2.42337 0
625 73234 7 713 3.60266 0
625 76884 6 649 2.50839 0
625 80324 7 841 2.97099 0
625 83764 7 732 3.32291 0
625 87204 6 641 2.35376 0
625 90644 8 994 3.16764 0
625 94084 6 683 2.66558 0
625 97524 7 798 3.25298 0
625 101004 6 697 2.36498 0
625 104484 6 739 2.84427 0
625 107964 8 835 3.82369 0
625 111444 7 667 2.94179 0
625 114924 5 659 2.04674 0
625 118404 7 778 3.00916 0
1296 125404 20 1562 6.20536 0
1296 132404 20 1503 5.81879 0
1296 139404 23 1905 7.30572 0
1296 146404 23 1746 7.40389 0
1296 153404 19 1547 5.50343 0
1296 160404 28 2164 8.51484 0
1296 167444 25 1714 8.57676 0
1296 174484 19 1353 5.97085 0
1296 181524 37 3014 10.1571 0
1296 188564 25 1769 7.44142 0
1296 195604 33 2452 10.6334 0
1296 202644 22 1817 6.63813 0
1296 209724 23 1824 6.8335 0
1296 216804 22 1652 7.3609 0
1296 223884 27 2171 8.90238 0
1296 230964 21 1738 6.62369 0
1296 238044 22 1554 6.62978 0
1296 245124 18 1386 5.28176 0
1296 252244 25 2039 7.20531 0
1296 259364 22 1631 7.845 0
1296 266484 25 1908 8.2813 0
1296 273604 22 1984 6.87103 0
1296 280724 22 1539 7.38881 0
1296 287844 27 1835 10.1019 0
1296 295004 20 1445 7.52483 0
1296 302164 18 1361 5.73858 0
1296 309324 18 1368 5.4566 0
1296 316484 20 1464 6.50435 0
1296 323644 19 1453 6.74463 0
1296 330804 19 1622 5.93139 0
1296 338004 19 1324 6.66732 0
1296 345204 36 2401 13.2474 0
1296 352404 18 1322 5.84638 0
1296 359604 17 1329 5.09922 0
1296 366804 19 1471 6.29486 0
1296 374004 34 2031 12.2275 0
1296 381244 20 1409 6.94193 0
1296 388484 20 1751 6.46681 0
1296 395724 28 2077 9.26008 0
1296 402964 19 1482 6.35967 0
1296 410204 20 1589 6.92011 0
1296 417444 21 1653 6.7857 0
1296 424724 18 1313 6.04303 0
1296 432004 25 1890 7.44367 0
1296 439284 22 1643 7.38015 0
1296 446564 20 1327 7.49243 0
1296 453844 21 1554 6.90087 0
1296 461124 21 1586 6.53162 0
1296 468444 21 1517 6.96374 0
1296 475764 21 1671 6.69427 0
1296 483084 21 1676 7.65027 0
1296 490404 27 1924 10.1654 0
1296 497724 19 1389 6.50916 0
1296 505044 27 1955 9.41888 0
1296 512404 20 1416 7.29706 0
1296 519764 19 1369 6.58583 0
1296 527124 20 1608 6.56979 0
1296 534484 21 1690 7.25664 0
1296 541844 18 1299 5.69624 0
1296 549204 20 1473 7.08918 0
1296 556604 20 1319 6.86205 0
1296 564004 19 1336 6.8752 0
1296 571404 30 1892 13.2519 0
1296 578804 20 1345 6.77575 0
1296 586204 23 1629 8.15233 0
1296 593604 17 1304 5.93524 0
1296 601044 24 1649 9.87506 0
1296 608484 23 1665 8.01695 0
1296 615924 22 1620 8.34257 0
1296 623364 20 1334 7.79592 0
1296 630804 21 1692 7.17612 0
1296 638244 22 1682 7.45939 0
2401 651592 65 2974 16.459 0
2401 664940 69 2829 21.2351 0
2401 678288 90 4163 20.9843 0
2401 691636 120 4861 35.4642 0
2401 704984 66 3316 17.2424 0
2401 718332 154 6917 37.1497 0
2401 731720 65 3567 17.3867 0
2401 745108 79 3785 21.1222 0
2401 758496 90 4147 25.0088 0
2401 771884 77 3873 17.2982 0
2401 785272 54 2526 14.4466 0
2401 798660 159 6136 43.8728 0
2401 812088 52 2587 12.0819 0
2401 825516 85 3515 21.214 0
2401 838944 56 2643 14.7728 0
2401 852372 68 3687 15.5392 0
2401 865800 78 3272 24.0008 0
2401 879228 70 3108 20.6984 0
