1296 8754 41 1670 22.4382 0
1296 17508 35 1313 19.857 0
1296 26262 37 1305 21.2852 0
1296 35016 38 1399 21.1264 0
1296 43770 38 1319 22.5177 0
1296 52524 35 1534 19.0129 0
256 54174 2 273 1.16004 0
256 55824 2 266 1.17704 0
256 57474 2 267 1.24697 0
256 59124 2 298 1.29477 0
256 60774 2 284 1.34418 0
256 62424 2 284 1.12475 0
625 66574 10 648 5.95192 0
625 70724 10 651 5.43125 0
625 74874 10 632 6.22332 0
625 79024 8 714 4.34308 0
625 83174 10 631 5.64331 0
625 87324 11 713 6.4944 0
625 91644 12 685 7.02245 0
625 95964 12 629 7.384 0
625 100284 11 751 6.68143 0
625 104604 11 626 6.38918 0
625 108924 12 721 7.04619 0
625 113244 12 632 7.80907 0
625 117684 12 641 7.43501 0
625 122124 12 654 7.0648 0
625 126564 11 635 6.31989 0
625 131004 12 676 7.42153 0
625 135444 12 688 7.42282 0
625 139884 12 714 7.66535 0
1296 147924 31 1455 15.8004 0
1296 155964 32 1385 17.3232 0
1296 164004 30 1340 15.4776 0
1296 172044 33 1620 16.5286 0
1296 180084 33 1546 17.518 0
1296 188124 31 1547 15.7051 0
1296 196284 31 1390 16.0246 0
1296 204444 36 1521 18.9892 0
1296 212604 36 1746 19.2243 0
1296 220764 29 1333 15.0224 0
1296 228924 37 1653 19.7761 0
1296 237084 33 1506 17.3537 0
1296 245364 38 1526 21.7086 0
1296 253644 35 1575 18.9507 0
1296 261924 36 1462 19.6577 0
1296 270204 32 1301 17.1125 0
1296 278484 38 1351 22.5684 0
1296 286764 37 1546 20.1396 0
1296 295164 37 1585 19.9471 0
1296 303564 35 1301 19.6414 0
1296 311964 40 1552 22.8299 0
1296 320364 35 1638 18.5442 0
1296 328764 40 1637 22.1113 0
1296 337164 35 1522 18.9998 0
1296 345684 39 1434 22.3474 0
1296 354204 38 1511 21.5681 0
1296 362724 40 1459 23.1471 0
1296 371244 35 1461 19.7405 0
1296 379764 37 1312 21.3949 0
1296 388284 35 1329 19.7427 0
1296 396924 40 1574 22.9822 0
1296 405564 44 1500 26.1541 0
1296 414204 41 1652 23.2135 0
1296 422844 38 1377 22.3361 0
1296 431484 41 1623 23.8927 0
1296 440124 39 1436 23.3287 0
1296 448884 42 1296 25.7948 0
1296 457644 42 1385 25.3575 0
1296 466404 40 1337 23.8266 0
1296 475164 40 1323 24.1676 0
1296 483924 40 1369 23.3653 0
1296 492684 42 1298 25.6071 0
1296 501564 44 1661 25.5336 0
1296 510444 41 1451 24.2267 0
1296 519324 49 1648 29.5081 0
1296 528204 41 1498 23.5013 0
1296 537084 44 1579 26.0347 0
1296 545964 50 1704 29.9049 0
1296 554964 47 1330 29.5238 0
1296 563964 44 1394 26.8175 0
1296 572964 45 1332 27.7745 0
1296 581964 44 1411 26.5339 0
1296 590964 41 1346 24.7525 0
1296 599964 45 1305 28.2752 0
1296 609084 49 1577 30.0945 0
1296 618204 45 1495 27.1155 0
1296 627324 47 1518 29.0371 0
1296 636444 47 1362 29.2829 0
1296 645564 45 1373 27.5114 0
1296 654684 48 1392 30.0846 0
1296 663924 47 1369 29.4959 0
1296 673164 47 1353 29.7731 0
1296 682404 49 1487 30.09 0
1296 691644 46 1301 28.9165 0
1296 700884 48 1408 30.0493 0
1296 710124 50 1530 31.355 0
1296 719484 50 1377 31.3213 0
1296 728844 49 1438 30.681 0
1296 738204 46 1387 28.5919 0
1296 747564 50 1399 32.0672 0
1296 756924 51 1596 31.4964 0
1296 766284 48 1311 30.6454 0
2401 781632 119 3249 61.318 0
2401 796980 114 2897 62.7837 0
2401 812328 113 2785 61.9384 0
2401 827676 111 2512 60.9423 0
2401 843024 106 2891 54.2612 0
2401 858372 107 2660 57.3688 0
2401 873840 141 3539 73.0351 0
2401 889308 126 3033 69.9708 0
2401 904776 125 2935 67.6626 0
2401 920244 117 2920 64.0769 0
2401 935712 114 2549 62.4883 0
2401 951180 118 2567 65.4419 0
2401 966768 122 3109 66.5789 0
2401 982356 121 2514 68.036 0
2401 997944 116 2925 61.6494 0
2401 1013532 124 2611 70.5668 0
2401 1029120 114 2719 62.9566 0
2401 1044708 118 2557 66.3335 0
