1296 8236 32 1374 16.4587 0
1296 16472 22 1328 8.71663 0
1296 24708 34 1663 17.3543 0
1296 32944 25 1351 11.8079 0
1296 41180 31 1460 15.768 0
1296 49416 32 1613 16.398 0
256 50964 1 270 0.841154 0
256 52512 2 272 1.24088 0
256 54060 1 262 0.896654 0
256 55608 1 261 0.888634 0
256 57156 1 275 0.875481 0
256 58704 1 261 0.693904 0
625 62604 7 708 3.30174 0
625 66504 6 629 2.91549 0
625 70404 8 735 4.16407 0
625 74304 8 694 4.19294 0
625 78204 7 816 3.1099 0
625 82104 7 667 3.01366 0
625 85984 10 749 5.47296 0
625 89864 8 696 4.38318 0
625 93744 10 743 5.49766 0
625 97624 8 656 4.46723 0
625 101504 10 826 5.2054 0
625 105384 9 686 5.0065 0
625 109344 9 701 4.90449 0
625 113304 9 701 5.01452 0
625 117264 9 631 5.21214 0
625 121224 10 680 5.68565 0
625 125184 8 636 4.1676 0
625 129144 9 626 5.40463 0
1296 136664 30 1615 14.0757 0
1296 144184 22 1310 9.50646 0
1296 151704 25 1827 10.4086 0
1296 159224 21 1712 7.26081 0
1296 166744 24 1454 10.7217 0
1296 174264 20 1588 7.59958 0
1296 181864 23 1431 9.31718 0
1296 189464 28 1594 11.6125 0
1296 197064 28 1498 12.9603 0
1296 204664 28 1880 11.6764 0
1296 212264 27 1472 12.7886 0
1296 219864 23 1306 9.80641 0
1296 227544 26 1546 11.5076 0
1296 235224 24 1373 11.0364 0
1296 242904 28 1435 13.7286 0
1296 250584 24 1397 10.7351 0
1296 258264 25 1392 11.1801 0
1296 265944 29 1482 13.845 0
1296 273704 28 1362 14.1238 0
1296 281464 31 1703 16.0746 0
1296 289224 27 1323 12.4101 0
1296 296984 27 1337 12.9307 0
1296 304744 28 1338 14.325 0
1296 312504 26 1398 11.8923 0
1296 320344 28 1663 12.3931 0
1296 328184 30 1465 15.1703 0
1296 336024 29 1748 13.0135 0
1296 343864 30 1411 15.1645 0
1296 351704 29 1548 13.8069 0
1296 359544 26 1325 12.1034 0
1296 367464 28 1315 14.2127 0
1296 375384 40 2079 19.4832 0
1296 383304 37 1763 19.2798 0
1296 391224 29 1486 13.9156 0
1296 399144 28 1327 14.1059 0
1296 407064 35 1698 17.9478 0
1296 415064 32 1559 15.7837 0
1296 423064 32 1618 15.7991 0
1296 431064 33 1556 17.1554 0
1296 439064 30 1592 14.777 0
1296 447064 32 1407 17.1269 0
1296 455064 32 1545 15.7442 0
1296 463144 32 1516 16.3233 0
1296 471224 33 1620 16.3364 0
1296 479304 32 1654 15.5472 0
1296 487384 36 1522 18.9343 0
1296 495464 39 1412 22.3778 0
1296 503544 36 1510 19.9044 0
1296 511704 31 1306 16.8266 0
1296 519864 33 1363 18.2542 0
1296 528024 34 1609 17.5462 0
1296 536184 31 1328 17.0502 0
1296 544344 32 1340 17.1599 0
1296 552504 38 1407 21.3814 0
1296 560744 38 1379 20.9358 0
1296 568984 35 1335 19.5608 0
1296 577224 33 1299 18.4393 0
1296 585464 34 1539 18.0588 0
1296 593704 32 1592 16.3335 0
1296 601944 39 1531 21.2172 0
1296 610264 34 1458 18.9946 0
1296 618584 38 1402 21.2621 0
1296 626904 40 1736 22.1167 0
1296 635224 32 1300 17.3601 0
1296 643544 36 1525 19.9442 0
1296 651864 42 1470 24.9337 0
1296 660264 42 1643 24.3736 0
1296 668664 38 1360 21.9884 0
1296 677064 35 1400 19.1499 0
1296 685464 40 1716 22.0731 0
1296 693864 37 1584 19.9288 0
1296 702264 37 1397 20.4379 0
2401 716612 86 3075 37.2674 0
2401 730960 92 3657 34.5967 0
2401 745308 64 2414 23.194 0
2401 759656 73 3067 25.5535 0
2401 774004 94 3154 41.1707 0
2401 788352 82 2476 37.8003 0
2401 802780 94 2956 44.1478 0
2401 817208 103 3185 46.7537 0
2401 831636 95 3076 38.3219 0
2401 846064 78 2906 31.3755 0
2401 860492 85 2647 38.7788 0
2401 874920 81 2573 36.1725 0
2401 889428 93 3724 36.1789 0
2401 903936 101 3212 46.951 0
2401 918444 76 2978 27.5005 0
2401 932952 78 2438 34.6878 0
2401 947460 95 3144 43.2765 0
2401 961968 82 2456 38.0784 0
