1000 20094 75 1025 54.9962 0
1000 40170 69 1028 50.5369 0
1000 60264 68 1021 49.8459 0
1000 80354 72 1037 52.6661 0
1000 100442 73 1077 53.9776 0
1000 120518 73 1028 53.4027 0
200 121404 1 204 0.679468 0
200 122292 1 206 0.654766 0
200 123176 1 203 0.705132 0
200 124074 1 224 0.657974 0
200 124948 1 220 0.661824 0
200 125850 1 208 0.642254 0
400 129120 7 409 5.07163 0
400 132424 7 423 4.77809 0
400 135730 6 405 4.21828 0
400 139024 7 402 4.71361 0
400 142302 8 415 5.41265 0
400 145592 6 400 4.42456 0
600 152870 20 610 14.3356 0
600 160152 21 600 14.4902 0
600 167442 21 603 14.7719 0
600 174728 21 624 14.5264 0
600 182030 21 642 14.8546 0
600 189324 21 617 14.6942 0
800 202184 43 832 30.8972 0
800 215062 42 860 30.3066 0
800 227940 40 806 28.5601 0
800 240818 42 826 30.2023 0
800 253692 42 804 30.8058 0
800 266564 43 803 31.0464 0
1100 290832 87 1109 63.7497 0
1100 315106 91 1159 66.8342 0
1100 339384 89 1117 65.2446 0
1100 363652 90 1173 66.5163 0
1100 387940 88 1132 65.0088 0
1100 412202 90 1187 65.893 0
1200 441064 111 1223 82.5043 0
1200 469924 107 1248 79.0736 0
1200 498782 111 1216 82.5063 0
1200 527654 110 1260 81.285 0
1200 556540 110 1222 81.9894 0
1200 585412 110 1231 80.8191 0
1300 619276 130 1318 96.7315 0
1300 653152 134 1340 98.7971 0
1300 687016 133 1325 99.3816 0
1300 720876 130 1319 96.6108 0
1300 754750 129 1319 96.0433 0
1300 788628 127 1308 94.2349 0
1400 827898 151 1419 112.476 0
1400 867174 157 1416 116.157 0
1400 906426 150 1400 111.727 0
1400 945686 156 1405 116.214 0
1400 984962 150 1402 111.1 0
1400 1024236 160 1482 119.467 0
1500 1069308 177 1525 131.996 0
1500 1114388 179 1539 133.767 0
1500 1159436 181 1512 135.566 0
1500 1204492 182 1501 136.284 0
1500 1249558 182 1582 136.168 0
1500 1294638 176 1534 131.241 0
1600 1345906 204 1613 152.269 0
1600 1397170 203 1606 151.636 0
1600 1448416 212 1615 159.53 0
1600 1499664 205 1611 153.48 0
1600 1550938 208 1651 155.958 0
1600 1602210 209 1685 156.957 0
1700 1660080 232 1710 174.086 0
1700 1717944 234 1760 175.755 0
1700 1775796 236 1737 178.255 0
1700 1833650 237 1712 178.383 0
1700 1891520 236 1720 176.712 0
1700 1949388 231 1713 173.558 0
1800 2014246 265 1838 198.826 0
1800 2079130 259 1812 193.547 0
1800 2143992 263 1807 196.997 0
1800 2208848 255 1801 190.39 0
1800 2273706 267 1836 201.178 0
1800 2338580 272 1846 206.198 0
1900 2410854 298 1939 224.085 0
1900 2483124 291 1915 217.763 0
1900 2555372 292 1901 219.962 0
1900 2627626 299 1900 226.271 0
1900 2699888 298 1951 224.398 0
1900 2772166 285 1901 212.809 0
2000 2852246 332 2012 249.52 0
2000 2932314 335 2068 252.695 0
2000 3012366 338 2006 255.853 0
2000 3092426 334 2010 251.387 0
2000 3172492 333 2024 251 0
2000 3252564 334 2022 251.237 0
2100 3340832 373 2109 281.347 0
2100 3429104 377 2110 285.517 0
2100 3517362 363 2100 271.948 0
2100 3605620 368 2119 277.032 0
2100 3693890 371 2101 279.853 0
2100 3782168 373 2225 281.831 0
2200 3879022 414 2205 313.41 0
2200 3975876 402 2216 304.066 0
2200 4072726 411 2269 311.809 0
2200 4169594 404 2233 304.229 0
2200 4266456 399 2206 300.55 0
2200 4363320 409 2310 308.203 0
2300 4469180 452 2323 341.829 0
2300 4575014 464 2324 353.153 0
2300 4680862 449 2330 339.589 0
2300 4786712 436 2301 328.228 0
2300 4892562 450 2317 341.652 0
2300 4998422 460 2367 348.679 0
2400 5113676 488 2400 369.232 0
2400 5228914 488 2401 367.852 0
2400 5344168 489 2470 369.572 0
2400 5459408 484 2402 365.396 0
2400 5574662 489 2405 370.027 0
2400 5689914 488 2432 368.643 0
2500 5814966 529 2506 401.087 0
2500 5940024 540 2521 409.452 0
2500 6065070 542 2517 411.33 0
2500 6190128 535 2568 405.932 0
2500 6315172 547 2564 415.872 0
2500 6440224 554 2618 422.151 0
2600 6575482 581 2604 441.172 0
2600 6710732 593 2638 451.607 0
2600 6845972 568 2608 428.822 0
2600 6981234 577 2602 436.591 0
2600 7116472 583 2617 442.529 0
2600 7251728 591 2609 450.432 0
2700 7397586 637 2751 484.429 0
2700 7543424 635 2767 482.42 0
2700 7689252 631 2756 477.72 0
2700 7835098 639 2800 485.102 0
2700 7980932 639 2726 485.345 0
2700 8126790 638 2706 486.042 0
