1000 99916 138 1012 99.9915 0
1000 199830 146 1019 108.035 0
1000 299748 142 1012 104.567 0
1000 399660 134 1006 96.3738 0
1000 499580 143 1006 104.524 0
1000 599490 140 1011 101.466 0
200 603494 4 213 3.22442 0
200 607488 5 212 3.40857 0
200 611482 4 200 3.1285 0
200 615484 4 202 3.11599 0
200 619488 4 200 3.21801 0
200 623488 5 202 3.54876 0
400 639468 22 418 15.7339 0
400 655452 20 404 14.444 0
400 671432 20 409 14.3757 0
400 687402 21 404 14.9428 0
400 703384 21 407 15.0651 0
400 719362 21 407 15.0301 0
600 755316 51 629 37.3977 0
600 791274 48 613 33.8688 0
600 827228 47 601 33.5047 0
600 863192 47 607 33.7206 0
600 899150 47 606 33.2157 0
600 935116 50 619 36.3057 0
800 999060 88 811 63.7186 0
800 1063004 89 838 64.6681 0
800 1126940 89 813 64.8048 0
800 1190876 91 809 66.8362 0
800 1254820 89 817 63.7359 0
800 1318758 89 812 64.3955 0
1100 1439672 171 1133 125.483 0
1100 1560580 176 1133 128.927 0
1100 1681482 176 1143 128.796 0
1100 1802386 179 1140 132.2 0
1100 1923290 168 1111 121.377 0
1100 2044200 173 1106 127.031 0
1200 2188102 205 1229 148.915 0
1200 2331992 213 1217 157.212 0
1200 2475882 193 1200 139.013 0
1200 2619774 207 1234 151.458 0
1200 2763672 212 1245 156.585 0
1200 2907570 199 1200 144.602 0
1300 3076462 251 1322 185.876 0
1300 3245344 247 1317 181.417 0
1300 3414230 247 1346 181.151 0
1300 3583128 241 1318 176.158 0
1300 3752012 236 1305 171.222 0
1300 3920904 235 1309 169.602 0
1400 4116786 272 1408 198.683 0
1400 4312658 277 1416 202.149 0
1400 4508530 277 1421 201.002 0
1400 4704416 281 1419 205.618 0
1400 4900294 288 1446 212.497 0
1400 5096168 280 1420 205.413 0
1500 5321038 335 1525 247.743 0
1500 5545910 328 1530 240.921 0
1500 5770774 328 1507 241.918 0
1500 5995644 333 1549 246.139 0
1500 6220512 313 1503 226.698 0
1500 6445382 325 1528 238.925 0
1600 6701244 368 1611 269.942 0
1600 6957106 381 1638 281.67 0
1600 7212958 367 1608 268.594 0
1600 7468820 365 1616 267.929 0
1600 7724676 374 1636 274.663 0
1600 7980544 373 1634 275.339 0
1700 8269390 411 1702 300.099 0
1700 8558240 434 1743 322.09 0
1700 8847086 424 1708 313.875 0
1700 9135932 419 1724 307.836 0
1700 9424780 434 1749 321.811 0
1700 9713632 423 1711 311.456 0
1800 10037474 486 1848 359.766 0
1800 10361314 460 1804 335.348 0
1800 10685156 477 1819 351.067 0
1800 11008998 469 1824 345.37 0
1800 11332840 464 1817 340.646 0
1800 11656680 441 1804 319.099 0
1900 12017516 547 1947 407.46 0
1900 12378344 506 1900 368.003 0
1900 12739172 548 1926 408.061 0
1900 13100004 539 1941 399.475 0
1900 13460832 527 1921 387.578 0
1900 13821656 544 1908 405.561 0
2000 14221474 555 2000 402.949 0
2000 14621296 604 2033 448.435 0
2000 15021116 588 2007 434.994 0
2000 15420932 580 2027 426.712 0
2000 15820752 599 2042 445.161 0
2000 16220574 603 2004 450.275 0
2100 16661384 729 2120 550.718 0
2100 17102196 683 2125 508.331 0
2100 17543004 635 2100 464.951 0
2100 17983810 664 2120 493.041 0
2100 18424616 672 2162 500.919 0
2100 18865424 637 2105 466.734 0
2200 19349224 720 2237 532.616 0
2200 19833022 741 2254 553.303 0
2200 20316818 745 2261 555.667 0
2200 20800610 723 2223 536.469 0
2200 21284410 710 2221 524.038 0
2200 21768212 718 2224 531.689 0
2300 22296994 778 2310 573.197 0
2300 22825778 771 2320 566.836 0
2300 23354562 772 2318 566.675 0
2300 23883344 802 2346 596.704 0
2300 24412134 767 2315 565.131 0
2300 24940916 779 2314 574.725 0
2400 25516696 863 2436 640.786 0
2400 26092478 864 2432 641.773 0
2400 26668254 824 2406 602.991 0
2400 27244026 871 2429 650.159 0
2400 27819806 874 2450 651.145 0
2400 28395574 866 2412 643.627 0
2500 29020342 906 2509 665.443 0
2500 29645108 891 2509 652.421 0
2500 30269874 918 2533 677.457 0
2500 30894644 925 2541 682.953 0
2500 31519412 924 2524 682.112 0
2500 32144182 937 2515 695.534 0
2600 32819942 984 2603 722.391 0
2600 33495704 986 2620 727.51 0
2600 34171464 1001 2639 740.824 0
2600 34847228 1022 2647 761.62 0
2600 35522992 1033 2654 768.362 0
2600 36198754 1038 2654 775.366 0
2700 36927502 1119 2725 837.925 0
2700 37656260 1095 2733 812.961 0
2700 38385006 1126 2753 841.39 0
2700 39113758 1053 2703 771.417 0
2700 39842508 1116 2758 831.404 0
2700 40571252 1091 2705 810.073 0
