1000 199806 198 1000 138.597 0
1000 399616 221 1014 160.277 0
1000 599420 203 1001 142.668 0
1000 799226 214 1020 154.136 0
1000 999034 206 1009 146.933 0
1000 1198840 199 1001 139.096 0
200 1206806 7 204 5.36003 0
200 1214776 7 202 4.9956 0
200 1222742 7 208 5.17685 0
200 1230714 7 202 5.32539 0
200 1238676 7 203 5.24647 0
200 1246646 7 201 4.89679 0
400 1278572 31 408 22.0696 0
400 1310496 30 407 20.9592 0
400 1342426 35 409 24.5927 0
400 1374352 31 406 21.6897 0
400 1406280 31 406 22.0994 0
400 1438206 30 407 19.9635 0
600 1510090 76 612 53.8753 0
600 1581978 70 604 48.5707 0
600 1653864 70 604 48.4174 0
600 1725746 77 614 55.5014 0
600 1797636 71 606 50.0496 0
600 1869532 72 610 50.7009 0
800 1997382 138 819 99.7079 0
800 2125230 133 809 95.1505 0
800 2253082 134 815 95.7097 0
800 2380934 130 815 91.9938 0
800 2508782 131 803 93.0935 0
800 2636632 124 800 86.6514 0
1100 2878416 256 1108 183.622 0
1100 3120208 261 1105 188.238 0
1100 3362006 239 1100 167.637 0
1100 3603794 243 1106 170.787 0
1100 3845584 256 1121 183.569 0
1100 4087378 264 1131 191.425 0
1200 4375144 318 1218 231.364 0
1200 4662914 318 1212 232.272 0
1200 4950678 320 1226 233.541 0
1200 5238444 294 1207 208.879 0
1200 5526212 298 1216 212.057 0
1200 5813986 310 1224 223.743 0
1300 6151734 349 1306 248.111 0
1300 6489484 371 1316 269.927 0
1300 6827226 368 1328 267.478 0
1300 7164976 336 1303 236.093 0
1300 7502722 355 1308 254.486 0
1300 7840468 348 1308 247.597 0
1400 8232196 426 1417 308.78 0
1400 8623926 437 1436 319.031 0
1400 9015648 428 1422 311.356 0
1400 9407376 431 1417 313.543 0
1400 9799100 406 1410 289.166 0
1400 10190828 399 1404 283.351 0
1500 10640538 459 1500 326.945 0
1500 11090246 462 1503 328.381 0
1500 11539950 477 1513 343.691 0
1500 11989658 487 1529 352.151 0
1500 12439360 466 1502 333.176 0
1500 12889066 473 1507 338.79 0
1600 13400752 520 1600 369.094 0
1600 13912442 571 1630 417.084 0
1600 14424130 549 1616 395.633 0
1600 14935818 553 1616 400.657 0
1600 15447502 555 1611 401.953 0
1600 15959192 534 1602 382.273 0
1700 16536856 597 1706 426.659 0
1700 17114528 641 1725 468.763 0
1700 17692196 616 1712 443.243 0
1700 18269866 620 1721 449.104 0
1700 18847534 641 1710 469.078 0
1700 19425204 589 1710 419.24 0
1800 20072854 726 1836 531.504 0
1800 20720506 717 1828 524.88 0
1800 21368154 687 1813 495.085 0
1800 22015800 676 1809 484.394 0
1800 22663446 703 1814 510.351 0
1800 23311096 691 1811 500.076 0
1900 24032726 796 1920 582.173 0
1900 24754350 795 1935 580.124 0
1900 25475982 746 1905 533.708 0
1900 26197612 753 1901 537.582 0
1900 26919238 763 1911 547.93 0
1900 27640870 749 1901 535.659 0
2000 28440480 887 2012 649.795 0
2000 29240090 870 2000 633.679 0
2000 30039698 889 2015 649.861 0
2000 30839306 871 2023 631.768 0
2000 31638912 812 2002 578.217 0
2000 32438526 892 2016 653.982 0
2100 33320112 965 2117 702.468 0
2100 34201702 978 2101 717.598 0
2100 35083294 936 2114 674.697 0
2100 35964878 942 2116 679.679 0
2100 36846466 963 2101 700.929 0
2100 37728058 963 2111 699.253 0
2200 38695624 1088 2227 798.216 0
2200 39663198 1022 2207 734.325 0
2200 40630766 1023 2213 735.307 0
2200 41598328 1039 2208 751.423 0
2200 42565896 1076 2216 787.144 0
2200 43533466 990 2200 705.247 0
2300 44591012 1104 2302 792.194 0
2300 45648560 1141 2306 826.757 0
2300 46706110 1185 2329 868.316 0
2300 47763658 1145 2320 830.928 0
2300 48821212 1134 2312 820.195 0
2300 49878764 1213 2307 898.155 0
2400 51030294 1279 2418 935.63 0
2400 52181822 1318 2400 975.273 0
2400 53333356 1227 2404 884.327 0
2400 54484888 1277 2430 931.216 0
2400 55636414 1226 2404 885.442 0
2400 56787942 1317 2408 975.008 0
2500 58037450 1399 2515 1026.05 0
2500 59286960 1309 2501 940.994 0
2500 60536466 1402 2523 1028.55 0
2500 61785972 1303 2500 934.642 0
2500 63035478 1437 2529 1064.93 0
2500 64284986 1461 2548 1082.98 0
2600 65636476 1423 2603 1024.94 0
2600 66987968 1469 2622 1067.48 0
2600 68339460 1459 2612 1059.55 0
2600 69690948 1460 2620 1056.99 0
2600 71042436 1430 2604 1030.05 0
2600 72393920 1428 2604 1029.01 0
2700 73851394 1634 2720 1200.47 0
2700 75308860 1636 2708 1201.99 0
2700 76766328 1550 2710 1119.37 0
2700 78223800 1562 2709 1129.42 0
2700 79681270 1643 2704 1212.39 0
2700 81138742 1541 2707 1111.11 0
