1024 3968 435 31315 127.228 0
1024 7936 445 34704 118.178 0
1024 11904 345 28852 77.2592 0
1024 15872 322 26345 82.9628 0
1024 19840 24 2109 5.64106 0
1024 23808 17 1637 4.13391 0
196 24536 1 255 0.478964 0
196 25264 1 208 0.416407 0
196 25992 9 1622 4.0967 0
196 26720 1 216 0.409028 0
196 27448 2 433 1.07791 0
196 28176 2 475 0.770256 0
400 29696 38 5573 11.1009 0
400 31216 64 7891 24.1015 0
400 32736 2 466 0.956324 0
400 34256 2 408 0.849495 0
400 35776 19 2543 6.97786 0
400 37296 4 613 1.64189 0
576 39504 179 18326 63.9592 0
576 41712 78 8631 23.5934 0
576 43920 109 13173 30.7586 0
576 46128 79 9631 21.8142 0
576 48336 7 1018 2.4022 0
576 50544 62 7731 18.0091 0
784 53568 91 9685 21.8427 0
784 56592 30 2815 9.90361 0
784 59616 348 31493 105.041 0
784 62640 66 7227 16.8985 0
784 65664 53 5392 13.3856 0
784 68688 7 833 2.08428 0
1089 72912 1630 127198 380.202 0
1089 77136 17 1559 3.86443 0
1089 81360 15 1381 3.79386 0
1089 85584 16 1430 3.81407 0
1089 89808 72 6487 14.6361 0
1089 94032 356 25954 95.6872 0
1225 98792 21 1776 4.17754 0
1225 103552 985 73737 213.717 0
1225 108312 1468 106162 340.294 0
1225 113072 367 29279 73.3376 0
1225 117832 89 5906 24.0826 0
1225 122592 147 11241 28.845 0
1296 127632 342 21870 87.2978 0
1296 132672 157 12786 30.3483 0
1296 137712 377 27385 80.1018 0
1296 142752 107 9166 18.6209 0
1296 147792 16 1316 3.7098 0
1296 152832 1583 106207 356.007 0
1369 158160 210 15922 34.376 0
1369 163488 347 22388 78.5915 0
1369 168816 322 23553 57.3762 0
1369 174144 848 51738 200.399 0
1369 179472 384 28737 64.8603 0
1369 184800 19 1460 4.36938 0
1521 190728 1293 80071 289.459 0
1521 196656 625 40918 105.348 0
1521 202584 971 60246 193.985 0
1521 208512 210 15937 37.9424 0
1521 214440 22 1559 4.32062 0
1521 220368 2685 163663 541.298 0
1600 226608 1320 69040 334.968 0
1600 232848 40 2764 7.52002 0
1600 239088 1971 111554 429.06 0
1600 245328 2314 119254 608.593 0
1600 251568 8255 436241 2004.7 0
1600 257808 37 2571 7.10233 0
1681 264368 252 15234 50.8693 0
1681 270928 871 48451 176.722 0
1681 277488 494 27528 105.721 0
1681 284048 2610 158586 447.656 0
1681 290608 454 24649 105.796 0
1681 297168 96 6970 12.821 0
1764 304056 965 56962 172.939 0
1764 310944 6917 367464 1420.31 0
1764 317832 1225 72501 190.862 0
1764 324720 2641 148732 486.137 0
1764 331608 813 49453 122.301 0
1764 338496 183 9892 37.2463 0
1936 346064 49 2974 8.12089 0
1936 353632 720 40930 102.437 0
1936 361200 127 6862 23.7223 0
1936 368768 4901 258764 840.862 0
1936 376336 243 14794 36.3788 0
1936 383904 6662 333494 1311.08 0
2025 391824 8161 388518 1640.73 0
2025 399744 888 44673 167.784 0
2025 407664 45 2544 8.19404 0
2025 415584 12891 586648 2908.79 0
2025 423504 1957 92372 409.75 0
2025 431424 4201 200949 811.215 0
2116 439704 71 3909 10.8834 0
2116 447984 3870 177710 771.964 0
2116 456264 2264 104874 408.323 0
2116 464544 4030 191479 771.219 0
2116 472824 11407 511047 2178.19 0
2116 481104 1522 67899 319.54 0
2209 489752 14648 612990 3092.64 0
2209 498400 595 24126 127.461 0
2209 507048 253 10924 55.0083 0
2209 515696 507 26086 73.2173 0
2209 524344 130 6254 23.6473 0
2209 532992 234 12631 34.2685 0
2304 542016 644 27286 125 0
2304 551040 1342 55145 281.605 0
2304 560064 2903 122291 578.138 0
2304 569088 2461 117575 348.06 0
2304 578112 1596 73916 228.079 0
2304 587136 231 11163 38.7832 0
2401 596544 1458 67418 219.902 0
2401 605952 1991 90531 299.486 0
2401 615360 9397 392599 1711.02 0
2401 624768 10897 471618 1821.53 0
2401 634176 60 2995 10.3649 0
2401 643584 17552 705281 3524.87 0
2500 653384 14531 584859 2767.49 0
2500 663184 460 23655 48.0276 0
2500 672984 2799 127932 319.797 0
2500 682784 1335 65946 177.907 0
2500 692584 104 5150 14.3327 0
2500 702384 3035 135088 415.878 0
2601 712584 441 20729 50.7346 0
2601 722784 647 27915 90.0751 0
2601 732984 16349 656260 2664.66 0
2601 743184 1582 64118 241.286 0
2601 753384 5038 198123 850.887 0
2601 763584 1650 75656 229.533 0
2704 774192 32540 1184814 5730.43 0
2704 784800 298 12875 42.5155 0
2704 795408 815 36142 99.0249 0
2704 806016 5550 214200 916.539 0
2704 816624 353 15523 42.3586 0
2704 827232 5006 206512 739.184 0
