1024 4786 11 1031 3.25362 0
1024 9572 13 1149 3.81439 0
1024 14358 14 1305 4.03286 0
1024 19144 12 1187 3.37328 0
1024 23930 17 1454 5.11365 0
1024 28716 18 1652 4.72227 0
196 29600 1 265 0.472548 0
196 30484 1 224 0.458112 0
196 31368 1 200 0.406462 0
196 32252 1 237 0.433089 0
196 33136 1 267 0.470302 0
196 34020 2 408 0.960815 0
400 35860 3 492 1.24665 0
400 37700 3 412 1.2242 0
400 39540 2 410 0.950228 0
400 41380 4 654 1.50779 0
400 43220 3 598 1.2505 0
400 45060 3 486 1.07887 0
576 47728 5 677 1.61494 0
576 50396 7 912 2.25014 0
576 53064 4 581 1.4555 0
576 55732 4 586 1.38973 0
576 58400 4 581 1.72658 0
576 61068 7 944 2.12085 0
784 64718 10 1013 3.62222 0
784 68368 11 1183 3.17695 0
784 72018 7 791 2.4253 0
784 75668 7 816 2.20041 0
784 79318 10 1150 3.10861 0
784 82968 8 1042 2.35279 0
1089 88072 14 1305 4.02484 0
1089 93176 19 1570 6.46938 0
1089 98280 14 1233 4.52914 0
1089 103384 14 1231 4.37195 0
1089 108488 12 1119 3.54972 0
1089 113592 12 1090 3.7884 0
1225 119312 30 1915 10.6193 0
1225 125032 18 1402 5.28978 0
1225 130752 14 1233 3.88208 0
1225 136472 33 2548 9.83336 0
1225 142192 23 1886 5.79665 0
1225 147912 25 1868 6.92846 0
1296 153992 17 1414 4.31709 0
1296 160072 20 1562 5.5368 0
1296 166152 25 2133 5.80756 0
1296 172232 17 1348 4.80504 0
1296 178312 18 1501 4.76943 0
1296 184392 21 1465 7.0478 0
1369 190840 21 1637 5.22177 0
1369 197288 18 1453 4.85958 0
1369 203736 19 1446 5.35394 0
1369 210184 38 2239 13.7055 0
1369 216632 35 2220 11.7543 0
1369 223080 21 1544 5.92497 0
1521 230208 29 1873 8.14271 0
1521 237336 23 1556 6.71704 0
1521 244464 28 1954 7.5351 0
1521 251592 34 2061 9.77305 0
1521 258720 23 1720 5.58203 0
1521 265848 29 2082 7.06287 0
1600 273368 32 1947 9.5257 0
1600 280888 35 2469 8.70316 0
1600 288408 28 1841 7.49821 0
1600 295928 26 1740 6.76613 0
1600 303448 39 2367 12.6032 0
1600 310968 24 1607 6.76132 0
1681 318888 54 3644 13.1466 0
1681 326808 30 1853 8.34161 0
1681 334728 49 3355 10.2148 0
1681 342648 40 2668 8.8703 0
1681 350568 43 2226 14.6416 0
1681 358488 30 1982 7.734 0
1764 366816 57 3238 14.6224 0
1764 375144 31 1864 9.03487 0
1764 383472 29 1847 7.52708 0
1764 391800 35 2002 10.0797 0
1764 400128 30 1819 8.34 0
1764 408456 32 1940 8.76892 0
1936 417544 32 1955 7.35288 0
1936 426632 36 2156 9.12245 0
1936 435720 53 3284 11.2003 0
1936 444808 85 4172 24.2664 0
1936 453896 55 2782 16.4657 0
1936 462984 57 2931 16.3323 0
2025 472504 40 2185 10.4759 0
2025 482024 43 2316 11.1111 0
2025 491544 36 2059 8.26397 0
2025 501064 41 2301 9.25783 0
2025 510584 142 6016 43.2591 0
2025 520104 44 2498 10.4734 0
2116 530064 64 2779 20.2143 0
2116 540024 101 4596 29.4526 0
2116 549984 63 3835 12.3074 0
2116 559944 46 2433 10.3707 0
2116 569904 38 2144 8.80421 0
2116 579864 53 2830 12.6956 0
2209 590272 56 2642 15.7817 0
2209 600680 66 3057 16.1555 0
2209 611088 227 8274 73.662 0
2209 621496 64 3167 13.5659 0
2209 631904 51 2755 11.4271 0
2209 642312 54 2913 11.2484 0
2304 653176 51 2570 11.7919 0
2304 664040 76 3132 22.8308 0
2304 674904 46 2421 9.81988 0
2304 685768 74 3384 19.2795 0
2304 696632 54 2757 10.5953 0
2304 707496 84 3286 26.8987 0
2401 718824 76 3399 18.6982 0
2401 730152 58 2940 13.1604 0
2401 741480 64 3024 14.4674 0
2401 752808 62 2831 16.0746 0
2401 764136 63 2680 17.9356 0
2401 775464 61 2972 13.4681 0
2500 787264 51 2519 10.9058 0
2500 799064 123 4577 34.7331 0
2500 810864 73 3404 16.0134 0
2500 822664 139 4377 51.2495 0
2500 834464 92 3495 27.479 0
2500 846264 121 4266 37.9905 0
2601 858544 56 2692 11.0521 0
2601 870824 87 4252 16.886 0
2601 883104 65 2842 16.4718 0
2601 895384 70 3096 16.1998 0
2601 907664 274 7101 103.271 0
2601 919944 71 3237 16.3874 0
2704 932712 217 6244 75.9599 0
2704 945480 163 5997 40.0912 0
2704 958248 130 4635 31.8503 0
2704 971016 66 2751 16.7397 0
2704 983784 122 4035 40.3664 0
2704 996552 66 2784 16.7782 0
