1024 4376 36 3214 9.46828 0
1024 8752 11 1093 3.17823 0
1024 13128 17 1719 4.59812 0
1024 17504 12 1141 3.27287 0
1024 21880 36 2622 11.4175 0
1024 26256 25 2564 5.41682 0
196 27062 1 245 0.401329 0
196 27868 1 218 0.384647 0
196 28674 1 274 0.493721 0
196 29480 0 204 0.372456 0
196 30286 1 205 0.443354 0
196 31092 1 203 0.368607 0
400 32772 3 472 1.15875 0
400 34452 2 433 0.913336 0
400 36132 2 421 1.00444 0
400 37812 6 1059 1.96462 0
400 39492 2 445 0.819019 0
400 41172 3 520 1.04807 0
576 43610 10 1287 3.06242 0
576 46048 6 897 1.93927 0
576 48486 7 971 2.25046 0
576 50924 4 617 1.54372 0
576 53362 6 732 2.11315 0
576 55800 10 1490 2.84331 0
784 59136 13 1579 3.49871 0
784 62472 8 902 2.70023 0
784 65808 17 1945 4.53524 0
784 69144 11 1268 3.04092 0
784 72480 15 1712 4.26769 0
784 75816 8 983 2.71306 0
1089 80480 17 1474 5.53968 0
1089 85144 16 1388 4.5099 0
1089 89808 32 2725 8.64413 0
1089 94472 17 1455 5.21792 0
1089 99136 21 1678 6.02057 0
1089 103800 23 2149 6.00421 0
1225 109040 32 2292 9.30178 0
1225 114280 26 2051 7.13345 0
1225 119520 25 1970 7.34133 0
1225 124760 36 3180 7.6554 0
1225 130000 47 3428 12.5458 0
1225 135240 20 1608 5.28849 0
1296 140800 19 1653 4.22117 0
1296 146360 31 2518 6.9955 0
1296 151920 18 1353 5.284 0
1296 157480 21 1846 5.56054 0
1296 163040 31 2151 9.87185 0
1296 168600 23 1878 5.73826 0
1369 174488 25 2039 6.53066 0
1369 180376 38 3135 8.10646 0
1369 186264 18 1380 4.99592 0
1369 192152 25 1702 7.72021 0
1369 198040 31 1987 9.76727 0
1369 203928 48 3861 9.44871 0
1521 210456 21 1611 5.16595 0
1521 216984 37 2171 10.8808 0
1521 223512 40 2695 9.52153 0
1521 230040 23 1762 5.38089 0
1521 236568 36 2149 10.9315 0
1521 243096 31 2091 9.06888 0
1600 249976 48 3344 9.39257 0
1600 256856 65 4369 12.985 0
1600 263736 57 3141 16.3929 0
1600 270616 70 4922 12.0087 0
1600 277496 32 2057 8.2505 0
1600 284376 92 6126 19.1188 0
1681 291616 79 4927 17.8221 0
1681 298856 56 3019 16.7009 0
1681 306096 63 3173 19.5509 0
1681 313336 28 1860 7.09239 0
1681 320576 38 2327 9.45641 0
1681 327816 54 2804 15.178 0
1764 335424 48 2817 12.2388 0
1764 343032 64 2952 20.9057 0
1764 350640 45 2541 12.2795 0
1764 358248 71 4073 16.9989 0
1764 365856 72 4654 12.693 0
1764 373464 37 2256 9.09422 0
1936 381792 88 5025 12.9003 0
1936 390120 167 7984 41.1495 0
1936 398448 40 2445 9.07112 0
1936 406776 108 6775 16.7256 0
1936 415104 81 3961 23.2504 0
1936 423432 92 4568 21.7856 0
2025 432152 108 5957 20.7645 0
2025 440872 73 3312 22.7561 0
2025 449592 539 17534 192.88 0
2025 458312 50 2719 11.6857 0
2025 467032 70 3689 14.8902 0
2025 475752 65 3313 16.8933 0
2116 484872 112 4446 37.0964 0
2116 493992 116 6514 19.3652 0
2116 503112 137 6825 32.3267 0
2116 512232 88 3635 27.9772 0
2116 521352 117 4942 32.5243 0
2116 530472 59 2928 14.6836 0
2209 540000 149 5162 52.2491 0
2209 549528 146 5269 52.3694 0
2209 559056 126 6678 27.0558 0
2209 568584 140 7969 22.016 0
2209 578112 228 7925 67.8489 0
2209 587640 61 2738 17.0794 0
2304 597584 62 3102 12.5166 0
2304 607528 62 2848 15.9723 0
2304 617472 81 4248 16.1183 0
2304 627416 122 6010 25.3049 0
2304 637360 71 3104 20.1797 0
2304 647304 103 5415 16.4433 0
2401 657672 151 5142 47.0084 0
2401 668040 150 5586 42.6355 0
2401 678408 277 10356 66.8217 0
2401 688776 181 5701 64.5292 0
2401 699144 62 2780 16.3868 0
2401 709512 131 7026 17.9389 0
2500 720312 322 10668 85.9357 0
2500 731112 80 3301 19.4912 0
2500 741912 81 3265 22.0526 0
2500 752712 240 9844 56.2572 0
2500 763512 174 6025 47.2654 0
2500 774312 152 6842 22.008 0
2601 785552 61 2716 13.8537 0
2601 796792 96 4094 21.1771 0
2601 808032 111 5340 18.9131 0
2601 819272 108 4152 28.2521 0
2601 830512 335 9889 114.997 0
2601 841752 77 3366 17.0765 0
2704 853440 157 5492 42.2496 0
2704 865128 160 6756 29.4301 0
2704 876816 107 4675 20.7831 0
2704 888504 207 8549 38.4332 0
2704 900192 133 5755 29.1549 0
2704 911880 324 10949 83.0629 0
