1024 5196 14 1162 4.99656 0
1024 10392 13 1096 4.41847 0
1024 15588 15 1318 5.22465 0
1024 20784 15 1239 5.50921 0
1024 25980 16 1352 4.90834 0
1024 31176 13 1060 5.01452 0
196 32138 1 244 0.625893 0
196 33100 1 228 0.509441 0
196 34062 1 230 0.54088 0
196 35024 1 196 0.459395 0
196 35986 1 197 0.468057 0
196 36948 1 198 0.455224 0
400 38948 2 403 1.18121 0
400 40948 3 538 1.40257 0
400 42948 3 487 1.40577 0
400 44948 3 407 1.41829 0
400 46948 3 421 1.4324 0
400 48948 3 427 1.1209 0
576 51846 5 618 2.07305 0
576 54744 4 578 1.57644 0
576 57642 5 577 1.84015 0
576 60540 6 692 2.27516 0
576 63438 5 593 2.23891 0
576 66336 5 598 1.77598 0
784 70300 10 941 3.73964 0
784 74264 11 1165 4.28918 0
784 78228 10 1037 3.94688 0
784 82192 14 1364 5.13322 0
784 86156 9 791 3.63859 0
784 90120 9 895 3.10444 0
1089 95664 14 1109 5.1499 0
1089 101208 17 1295 6.07832 0
1089 106752 17 1234 6.35678 0
1089 112296 14 1128 5.02896 0
1089 117840 16 1318 5.85792 0
1089 123384 15 1269 4.80279 0
1225 129584 17 1249 6.00165 0
1225 135784 23 1478 8.68551 0
1225 141984 18 1456 5.20123 0
1225 148184 22 1416 8.06988 0
1225 154384 32 2088 10.5054 0
1225 160584 19 1465 6.58712 0
1296 167184 20 1417 6.74367 0
1296 173784 19 1310 7.09207 0
1296 180384 20 1301 7.0186 0
1296 186984 32 1885 11.2937 0
1296 193584 19 1416 6.40169 0
1296 200184 21 1449 7.41576 0
1369 207192 23 1481 7.81869 0
1369 214200 24 1453 9.2142 0
1369 221208 29 1764 9.81154 0
1369 228216 21 1473 7.10907 0
1369 235224 24 1498 8.67236 0
1369 242232 23 1663 7.55018 0
1521 249960 27 1598 9.16448 0
1521 257688 25 1541 8.20109 0
1521 265416 27 1725 8.59761 0
1521 273144 29 1711 9.89463 0
1521 280872 29 1587 10.8038 0
1521 288600 31 1714 11.5404 0
1600 296760 30 1645 11.3014 0
1600 304920 32 1610 12.9214 0
1600 313080 40 2084 14.1097 0
1600 321240 38 2043 13.1983 0
1600 329400 37 2146 11.4483 0
1600 337560 31 1759 10.7679 0
1681 346160 32 1695 12.0299 0
1681 354760 46 2101 17.174 0
1681 363360 34 1785 12.0886 0
1681 371960 35 2066 10.2231 0
1681 380560 34 1883 11.6995 0
1681 389160 36 2039 10.4917 0
1764 398208 44 2467 14.2412 0
1764 407256 45 2425 14.5325 0
1764 416304 43 2300 12.5689 0
1764 425352 37 2045 12.3504 0
1764 434400 43 2000 16.3865 0
1764 443448 34 1793 11.6998 0
1936 453296 45 2346 13.1264 0
1936 463144 49 2336 16.4599 0
1936 472992 47 2240 16.0458 0
1936 482840 52 2473 15.1761 0
1936 492688 50 2564 15.1594 0
1936 502536 59 2949 17.4153 0
2025 512856 77 3255 26.0742 0
2025 523176 69 2805 25.6921 0
2025 533496 43 2145 13.4427 0
2025 543816 49 2108 18.2327 0
2025 554136 46 2124 16.0147 0
2025 564456 44 2162 13.2859 0
2116 575256 54 2243 19.9615 0
2116 586056 48 2231 15.5665 0
2116 596856 52 2571 15.1456 0
2116 607656 78 3106 26.0646 0
2116 618456 55 2646 15.3208 0
2116 629256 56 2411 18.8333 0
2209 640544 57 2490 18.3357 0
2209 651832 72 2909 23.4638 0
2209 663120 57 2382 20.0786 0
2209 674408 69 2791 23.6925 0
2209 685696 74 3258 22.4484 0
2209 696984 57 2426 18.8182 0
2304 708768 78 2924 25.9863 0
2304 720552 66 2633 22.7038 0
2304 732336 61 2366 21.4504 0
2304 744120 103 3610 38.4762 0
2304 755904 61 2409 20.991 0
2304 767688 89 3089 34.5794 0
2401 779976 85 3581 25.8535 0
2401 792264 80 2877 28.7009 0
2401 804552 67 2594 22.8632 0
2401 816840 65 2527 22.3971 0
2401 829128 92 3300 30.7599 0
2401 841416 63 2428 21.989 0
2500 854216 104 3803 30.1256 0
2500 867016 80 3271 23.1292 0
2500 879816 82 2902 29.2797 0
2500 892616 77 3180 23.654 0
2500 905416 113 4043 37.8128 0
2500 918216 69 2597 23.517 0
2601 931536 75 2783 24.6046 0
2601 944856 79 2907 24.9109 0
2601 958176 84 2813 31.2799 0
2601 971496 88 3137 29.0503 0
2601 984816 74 2633 25.8349 0
2601 998136 108 3956 30.7448 0
2704 1011984 83 2948 27.2438 0
2704 1025832 84 2936 28.2659 0
2704 1039680 85 3190 26.5387 0
2704 1053528 152 4415 58.1336 0
2704 1067376 80 2768 27.6362 0
2704 1081224 108 3888 34.0103 0
