1000 5400 31 2479 9.45128 0
1000 10800 19 1534 5.4643 0
1000 16200 27 2178 7.52804 0
1000 21600 25 1963 7.79816 0
1000 27000 15 1232 4.23657 0
1000 32400 39 3238 10.4002 0
216 33480 2 315 0.835701 0
216 34560 1 264 0.663748 0
216 35640 1 221 0.516819 0
216 36720 6 981 3.07461 0
216 37800 1 218 0.503987 0
216 38880 1 286 0.735288 0
343 40644 3 429 1.30985 0
343 42408 2 350 1.0407 0
343 44172 15 1676 6.75362 0
343 45936 3 371 1.32493 0
343 47700 3 544 1.37081 0
343 49464 3 478 1.30697 0
512 52152 4 545 1.77791 0
512 54840 10 1265 3.29276 0
512 57528 13 1306 5.45692 0
512 60216 4 554 1.76187 0
512 62904 12 1353 4.50316 0
512 65592 4 541 1.79876 0
729 69480 38 3260 14.7949 0
729 73368 33 2947 11.9779 0
729 77256 10 956 3.69986 0
729 81144 11 1164 3.57827 0
729 85032 13 1261 4.44092 0
729 88920 13 1337 3.89074 0
1000 94320 12 1031 3.94239 0
1000 99720 21 1721 6.10142 0
1000 105120 47 3890 12.2619 0
1000 110520 406 27611 129.762 0
1000 115920 15 1320 4.55096 0
1000 121320 15 1202 4.51952 0
1000 126720 13 1031 4.11178 0
1000 132120 21 1721 6.13157 0
1000 137520 48 3890 12.8554 0
1000 142920 396 27611 127.255 0
1000 148320 15 1320 4.56187 0
1000 153720 15 1202 4.87465 0
1000 159120 12 1031 3.93084 0
1000 164520 21 1721 6.13735 0
1000 169920 47 3890 12.4056 0
1000 175320 395 27611 127.03 0
1000 180720 15 1320 4.55834 0
1000 186120 15 1202 4.60389 0
1331 193380 58 3990 15.6319 0
1331 200640 65 4360 16.5196 0
1331 207900 55 3904 12.7668 0
1331 215160 23 1623 6.22172 0
1331 222420 95 6419 21.3516 0
1331 229680 336 20740 85.3034 0
1331 236940 59 3990 15.8514 0
1331 244200 65 4360 16.4757 0
1331 251460 56 3904 12.9824 0
1331 258720 24 1623 6.63588 0
1331 265980 94 6419 21.3426 0
1331 273240 334 20740 84.596 0
1331 280500 58 3990 15.6897 0
1331 287760 64 4360 16.2322 0
1331 295020 56 3904 13.0116 0
1331 302280 24 1623 6.41228 0
1331 309540 94 6419 21.2092 0
1331 316800 334 20740 84.6512 0
1331 324060 57 3990 15.4356 0
1331 331320 65 4360 16.3884 0
1331 338580 265 14817 82.9519 0
1331 345840 24 1623 6.4851 0
1331 353100 95 6419 21.6102 0
1331 360360 335 20740 84.5418 0
1728 369864 32 1799 8.00091 0
1728 379368 38 2059 9.63895 0
1728 388872 31 1767 7.96306 0
1728 398376 82 4871 19.2513 0
1728 407880 86 4460 23.0746 0
1728 417384 236 12889 48.7244 0
1728 426888 32 1799 8.15907 0
1728 436392 218 12089 49.8892 0
1728 445896 31 1767 7.74074 0
1728 455400 83 4871 19.3934 0
1728 464904 87 4460 23.2989 0
1728 474408 236 12889 48.9236 0
1728 483912 32 1799 8.11768 0
1728 493416 219 12089 50.202 0
1728 502920 31 1767 7.88093 0
1728 512424 83 4871 19.3911 0
1728 521928 87 4460 23.2751 0
1728 531432 236 12889 48.7395 0
1728 540936 44 2471 10.4208 0
1728 550440 221 12089 50.6162 0
1728 559944 31 1767 7.7433 0
1728 569448 82 4871 19.1053 0
1728 578952 87 4460 23.3579 0
1728 588456 141 7858 29.0878 0
2197 600624 115 5412 23.0608 0
2197 612792 89 4123 20.6349 0
2197 624960 258 11328 63.0359 0
2197 637128 52 2459 12.0424 0
2197 649296 7856 302864 2312.68 0
2197 661464 842 36611 206.308 0
2197 673632 116 5412 23.2979 0
2197 685800 89 4123 20.3029 0
2197 697968 259 11328 63.5229 0
2197 710136 102 4808 20.9365 0
2197 722304 7832 302864 2307.4 0
2197 734472 842 36611 206.696 0
2197 746640 114 5412 23.0227 0
2197 758808 89 4123 20.3571 0
2197 770976 2119 84083 571.251 0
2197 783144 102 4808 20.8165 0
2197 795312 7854 302864 2314.9 0
2197 807480 874 36611 222.34 0
2197 819648 116 5412 23.6611 0
2197 831816 53 2435 13.0225 0
2197 843984 2116 84083 569.879 0
2197 856152 102 4808 20.8357 0
2197 868320 7859 302864 2317.76 0
2197 880488 848 36611 208.992 0
2197 892656 103 4816 21.417 0
2197 904824 53 2435 13.062 0
2197 916992 2118 84083 570.581 0
2197 929160 103 4808 21.0888 0
2197 941328 7837 302864 2307.33 0
2197 953496 101 5038 22.8623 0
2197 965664 103 4816 21.2367 0
2197 977832 53 2435 13.0838 0
2197 990000 2116 84083 569.862 0
2197 1002168 101 4808 20.5566 0
2197 1014336 197 10398 33.259 0
2197 1026504 101 5038 23.1061 0
