1000 6200 15 1012 6.76549 0
1000 12400 19 1192 8.37882 0
1000 18600 18 1007 9.24724 0
1000 24800 19 1120 8.81383 0
1000 31000 18 1022 9.42144 0
1000 37200 14 1019 5.25096 0
216 38452 1 234 0.614344 0
216 39704 1 223 0.693583 0
216 40956 1 244 0.715077 0
216 42208 1 239 0.656691 0
216 43460 1 228 0.623968 0
216 44712 1 260 0.773143 0
343 46750 2 345 1.34193 0
343 48788 2 343 1.30697 0
343 50826 3 343 1.39711 0
343 52864 2 372 1.30664 0
343 54902 3 406 1.22484 0
343 56940 2 352 0.974289 0
512 60036 4 515 1.54019 0
512 63132 5 542 2.66815 0
512 66228 5 549 2.32713 0
512 69324 6 800 2.1802 0
512 72420 4 513 1.70765 0
512 75516 6 753 2.74642 0
729 79986 11 765 5.56952 0
729 84456 9 838 4.02387 0
729 88926 9 759 4.41109 0
729 93396 11 733 5.59903 0
729 97866 13 952 6.16494 0
729 102336 10 810 4.66741 0
1000 108616 20 1013 10.3867 0
1000 114896 20 1329 8.57836 0
1000 121176 18 1039 8.86003 0
1000 127456 19 1099 9.05027 0
1000 133736 21 1105 10.902 0
1000 140016 20 1053 10.3152 0
1000 146376 20 1215 9.50613 0
1000 152736 21 1424 9.08652 0
1000 159096 20 1052 10.1359 0
1000 165456 17 1045 7.87483 0
1000 171816 19 1144 8.65824 0
1000 178176 22 1101 11.2516 0
1000 184616 21 1101 10.3803 0
1000 191056 21 1002 11.4878 0
1000 197496 23 1111 12.1906 0
1000 203936 23 1007 12.9596 0
1000 210376 21 1005 11.2285 0
1000 216816 23 1006 12.8213 0
1331 225196 29 1378 13.5464 0
1331 233576 30 1351 14.4087 0
1331 241956 44 2310 18.4008 0
1331 250336 34 1744 15.3766 0
1331 258716 42 2228 17.5686 0
1331 267096 35 1501 16.9918 0
1331 275556 31 1365 15.689 0
1331 284016 36 1595 17.5369 0
1331 292476 39 2178 15.1305 0
1331 300936 30 1415 14.7026 0
1331 309396 34 1635 16.0657 0
1331 317856 28 1342 13.2843 0
1331 326396 34 1537 15.8251 0
1331 334936 42 2099 18.2767 0
1331 343476 31 1336 15.3583 0
1331 352016 34 1490 16.7451 0
1331 360556 35 1448 17.9985 0
1331 369096 34 1409 17.3669 0
1331 377716 33 1494 15.0574 0
1331 386336 38 1344 20.6166 0
1331 394956 30 1426 14.1238 0
1331 403576 35 1499 17.5439 0
1331 412196 35 1611 17.0669 0
1331 420816 35 1448 18.0887 0
1728 431760 66 2818 27.2503 0
1728 442704 53 1734 27.3122 0
1728 453648 49 1839 23.7596 0
1728 464592 57 1914 28.6981 0
1728 475536 57 2255 25.8929 0
1728 486480 51 1923 24.4233 0
1728 497504 56 2039 26.9218 0
1728 508528 54 1979 26.9218 0
1728 519552 46 1736 21.818 0
1728 530576 57 1903 28.869 0
1728 541600 47 1902 20.8652 0
1728 552624 51 1825 24.1432 0
1728 563728 48 1857 22.2062 0
1728 574832 54 2100 25.2654 0
1728 585936 62 2077 31.0804 0
1728 597040 53 1752 27.2079 0
1728 608144 55 1766 28.9852 0
1728 619248 59 2131 27.5537 0
1728 630432 48 1742 23.1452 0
1728 641616 52 1746 25.9619 0
1728 652800 54 1790 27.1887 0
1728 663984 47 1914 21.0176 0
1728 675168 57 1919 28.7314 0
1728 686352 59 1869 30.7464 0
2197 700280 105 3595 44.4612 0
2197 714208 110 3486 46.5304 0
2197 728136 76 2233 37.3034 0
2197 742064 81 2591 36.16 0
2197 755992 78 2282 37.3582 0
2197 769920 73 2357 32.941 0
2197 783928 87 2531 41.9791 0
2197 797936 80 2310 39.1929 0
2197 811944 68 2213 30.534 0
2197 825952 77 2440 34.863 0
2197 839960 82 2351 39.7912 0
2197 853968 68 2214 31.1824 0
2197 868056 95 2361 50.1764 0
2197 882144 104 3122 48.6025 0
2197 896232 98 2770 45.8057 0
2197 910320 87 2850 38.2109 0
2197 924408 85 2331 42.0189 0
2197 938496 103 3123 48.5759 0
2197 952664 90 2461 44.9854 0
2197 966832 104 2917 49.3397 0
2197 981000 72 2204 33.7402 0
2197 995168 85 2358 42.0365 0
2197 1009336 74 2222 34.9743 0
2197 1023504 79 2200 38.9424 0
2197 1037752 85 2349 43.1068 0
2197 1052000 80 2204 40.4489 0
2197 1066248 102 3306 44.7852 0
2197 1080496 85 2328 42.5056 0
2197 1094744 92 2525 45.7178 0
2197 1108992 90 2239 48.4777 0
2197 1123320 96 2511 48.7831 0
2197 1137648 94 2394 48.5155 0
2197 1151976 77 2232 37.399 0
2197 1166304 102 3201 47.8569 0
2197 1180632 90 2655 42.7494 0
2197 1194960 86 2240 44.551 0
