1000 6600 21 1010 11.4117 0
1000 13200 19 1005 10.1593 0
1000 19800 21 1037 10.8737 0
1000 26400 22 1040 11.6944 0
1000 33000 22 1262 10.9899 0
1000 39600 20 1018 10.8295 0
216 40938 1 223 0.662786 0
216 42276 1 220 0.846287 0
216 43614 1 222 0.695829 0
216 44952 1 222 0.946379 0
216 46290 1 221 0.674014 0
216 47628 1 218 0.77186 0
343 49802 3 347 1.95628 0
343 51976 4 347 2.11379 0
343 54150 3 346 1.8286 0
343 56324 3 376 1.75609 0
343 58498 4 390 2.04225 0
343 60672 3 355 1.70059 0
512 63974 5 519 2.68387 0
512 67276 7 588 3.92667 0
512 70578 5 545 2.76439 0
512 73880 6 521 3.25362 0
512 77182 6 531 3.62255 0
512 80484 6 584 3.37713 0
729 85246 12 766 6.50146 0
729 90008 12 737 6.08185 0
729 94770 11 745 5.35843 0
729 99532 11 766 5.9208 0
729 104294 12 870 6.06741 0
729 109056 12 765 6.7533 0
1000 115776 21 1065 11.301 0
1000 122496 23 1032 12.5439 0
1000 129216 22 1047 11.4409 0
1000 135936 23 1028 12.3931 0
1000 142656 24 1111 12.9333 0
1000 149376 21 1056 11.3415 0
1000 156216 24 1019 13.154 0
1000 163056 22 1061 11.6716 0
1000 169896 22 1000 12.3517 0
1000 176736 25 1133 13.8482 0
1000 183576 24 1054 12.8563 0
1000 190416 21 1164 10.3973 0
1000 197376 23 1010 12.5942 0
1000 204336 25 1040 13.9714 0
1000 211296 25 1071 13.6943 0
1000 218256 24 1015 13.5817 0
1000 225216 23 1080 11.8782 0
1000 232176 25 1057 13.7251 0
1331 241116 39 1512 20.1938 0
1331 250056 34 1331 17.6132 0
1331 258996 37 1461 19.0658 0
1331 267936 40 1565 20.5059 0
1331 276876 41 1647 20.615 0
1331 285816 37 1384 19.6872 0
1331 294876 42 1346 24.1153 0
1331 303936 41 1474 22.1081 0
1331 312996 38 1502 19.6446 0
1331 322056 39 1363 21.5662 0
1331 331116 39 1338 22.0198 0
1331 340176 37 1427 19.8159 0
1331 349356 39 1621 19.6404 0
1331 358536 40 1537 20.9695 0
1331 367716 40 1334 22.0108 0
1331 376896 43 1643 21.914 0
1331 386076 41 1411 22.9745 0
1331 395256 38 1377 20.5371 0
1331 404556 39 1375 21.229 0
1331 413856 40 1510 21.1248 0
1331 423156 40 1435 21.3833 0
1331 432456 42 1567 22.3872 0
1331 441756 43 1599 22.3984 0
1331 451056 41 1422 22.2434 0
1728 462720 61 1910 31.0656 0
1728 474384 64 2086 32.2972 0
1728 486048 61 1732 33.19 0
1728 497712 60 1782 31.7759 0
1728 509376 67 2066 35.453 0
1728 521040 63 1734 34.9272 0
1728 532824 58 1739 31.0929 0
1728 544608 68 1966 36.3849 0
1728 556392 66 1950 35.0754 0
1728 568176 72 2298 36.8173 0
1728 579960 63 2026 31.7855 0
1728 591744 61 1894 32.2417 0
1728 603648 66 1999 34.9981 0
1728 615552 70 1959 38.0884 0
1728 627456 65 2236 32.174 0
1728 639360 65 1999 33.9936 0
1728 651264 63 1736 34.6519 0
1728 663168 64 1743 35.2326 0
1728 675192 64 1797 35.1078 0
1728 687216 65 1803 36.0112 0
1728 699240 65 1797 35.4443 0
1728 711264 67 1821 36.3416 0
1728 723288 65 2065 32.7251 0
1728 735312 66 1836 35.9909 0
2197 750120 99 2389 52.6876 0
2197 764928 103 2384 55.1046 0
2197 779736 101 2330 55.1277 0
2197 794544 111 2738 57.6842 0
2197 809352 99 2794 49.4289 0
2197 824160 108 2677 56.2309 0
2197 839088 92 2199 49.4844 0
2197 854016 146 3500 72.0608 0
2197 868944 106 2379 57.8417 0
2197 883872 96 2317 50.4831 0
2197 898800 99 2256 54.1232 0
2197 913728 106 3024 51.3556 0
2197 928776 95 2210 51.4031 0
2197 943824 99 2200 55.1511 0
2197 958872 109 2774 55.7661 0
2197 973920 110 2551 59.2982 0
2197 988968 103 2536 54.1274 0
2197 1004016 99 2470 51.7117 0
2197 1019184 105 2217 58.8766 0
2197 1034352 106 2878 52.8493 0
2197 1049520 102 2299 55.7959 0
2197 1064688 103 2489 54.5775 0
2197 1079856 101 2306 54.6093 0
2197 1095024 105 2229 58.9244 0
2197 1110312 110 2895 55.887 0
2197 1125600 100 2258 54.0533 0
2197 1140888 108 2520 58.0429 0
2197 1156176 109 2310 60.5217 0
2197 1171464 102 2316 55.247 0
2197 1186752 108 2406 59.5847 0
2197 1202160 113 2644 59.6876 0
2197 1217568 107 2356 59.5654 0
2197 1232976 104 2285 56.8382 0
2197 1248384 109 2397 59.4323 0
2197 1263792 113 2549 60.5211 0
2197 1279200 120 2649 64.1905 0
