1000 5800 13 1116 4.64913 0
1000 11600 38 3235 11.3116 0
1000 17400 13 1042 4.77969 0
1000 23200 31 2288 11.4942 0
1000 29000 12 1016 4.58978 0
1000 34800 14 1008 5.71805 0
216 35966 1 272 0.616911 0
216 37132 1 240 0.617231 0
216 38298 1 299 0.723418 0
216 39464 1 230 0.515536 0
216 40630 1 274 0.657332 0
216 41796 1 223 0.536709 0
343 43696 2 381 1.17447 0
343 45596 2 356 0.929055 0
343 47496 2 352 1.00733 0
343 49396 3 533 1.27809 0
343 51296 2 349 0.916544 0
343 53196 2 371 1.09812 0
512 56088 5 722 1.87704 0
512 58980 4 555 1.66274 0
512 61872 5 644 2.03969 0
512 64764 9 1090 3.1253 0
512 67656 5 617 2.07658 0
512 70548 4 539 1.62841 0
729 74726 10 1057 3.69441 0
729 78904 12 1244 4.5054 0
729 83082 8 883 2.68836 0
729 87260 8 793 3.55261 0
729 91438 8 918 2.80417 0
729 95616 9 932 3.49294 0
1000 101456 11 1020 3.83139 0
1000 107296 13 1136 4.58817 0
1000 113136 12 1065 3.92859 0
1000 118976 12 1016 4.36072 0
1000 124816 12 1028 4.56892 0
1000 130656 15 1375 4.2802 0
1000 136536 17 1171 7.12286 0
1000 142416 12 1004 4.72804 0
1000 148296 13 1130 3.9934 0
1000 154176 13 1092 4.57181 0
1000 160056 20 1347 8.11608 0
1000 165936 18 1364 6.3016 0
1000 171856 20 1369 8.3291 0
1000 177776 17 1515 5.68854 0
1000 183696 15 1171 5.67699 0
1000 189616 12 1072 3.64147 0
1000 195536 11 1012 3.34088 0
1000 201456 23 1702 8.62167 0
1331 209276 23 1352 9.12405 0
1331 217096 24 1455 8.98675 0
1331 224916 23 1416 8.801 0
1331 232736 21 1541 6.14954 0
1331 240556 38 1951 14.999 0
1331 248376 37 2322 11.2921 0
1331 256236 22 1377 7.92488 0
1331 264096 27 1780 8.7192 0
1331 271956 39 2365 13.7902 0
1331 279816 32 1797 12.5506 0
1331 287676 22 1405 8.00155 0
1331 295536 23 1538 8.07117 0
1331 303436 27 1439 11.7771 0
1331 311336 68 3705 24.6745 0
1331 319236 21 1346 7.46196 0
1331 327136 21 1600 5.90316 0
1331 335036 44 3069 13.3125 0
1331 342936 30 1468 13.7565 0
1331 350876 23 1397 9.12855 0
1331 358816 19 1360 6.30192 0
1331 366756 24 1368 9.87859 0
1331 374696 30 1882 10.9103 0
1331 382636 22 1575 7.15462 0
1331 390576 31 1530 14.0038 0
1728 400800 39 2487 8.84976 0
1728 411024 31 2001 7.43437 0
1728 421248 54 2964 17.1461 0
1728 431472 74 3216 27.1024 0
1728 441696 44 2075 16.8818 0
1728 451920 49 2581 14.9108 0
1728 462184 28 1733 7.76063 0
1728 472448 44 2470 13.0931 0
1728 482712 33 1943 9.66718 0
1728 492976 41 2201 13.1348 0
1728 503240 33 1999 9.21452 0
1728 513504 40 1823 16.3778 0
1728 523808 39 1733 16.5071 0
1728 534112 38 2376 9.37653 0
1728 544416 59 2331 25.6193 0
1728 554720 33 1809 11.3168 0
1728 565024 52 2616 17.9177 0
1728 575328 43 2358 14.1155 0
1728 585672 64 4031 16.5616 0
1728 596016 33 1913 9.72845 0
1728 606360 50 2097 20.9855 0
1728 616704 38 2027 13.0822 0
1728 627048 36 1906 12.9275 0
1728 637392 65 3834 17.4207 0
2197 650440 59 2247 22.749 0
2197 663488 51 2366 15.8568 0
2197 676536 114 5737 23.5222 0
2197 689584 67 3598 14.6612 0
2197 702632 66 2392 26.7203 0
2197 715680 147 5743 42.785 0
2197 728768 92 3512 30.9289 0
2197 741856 45 2264 12.3799 0
2197 754944 67 2262 29.535 0
2197 768032 76 2294 36.0763 0
2197 781120 74 2459 32.4297 0
2197 794208 112 6033 27.6067 0
2197 807336 63 2667 20.1633 0
2197 820464 62 3242 13.4354 0
2197 833592 59 2545 20.4989 0
2197 846720 64 3064 18.0582 0
2197 859848 58 2924 15.4051 0
2197 872976 62 2770 19.873 0
2197 886144 57 2271 21.4315 0
2197 899312 61 2500 22.7262 0
2197 912480 75 2683 30.3278 0
2197 925648 87 4566 21.9204 0
2197 938816 56 2559 16.9071 0
2197 951984 63 2312 26.2436 0
2197 965192 58 2304 21.5405 0
2197 978400 65 2774 22.6926 0
2197 991608 81 3419 27.8835 0
2197 1004816 98 3574 35.485 0
2197 1018024 56 2227 21.2557 0
2197 1031232 98 4102 33.5156 0
2197 1044480 70 2842 25.7986 0
2197 1057728 55 2476 16.7945 0
2197 1070976 64 2318 26.8759 0
2197 1084224 63 2635 21.2672 0
2197 1097472 64 2615 23.0515 0
2197 1110720 63 2685 22.1639 0
