1296 7200 36 2538 8.67204 0
1296 14400 19 1483 4.74344 0
1296 21600 30 2177 6.28748 0
1296 28800 21 1616 5.06585 0
1296 36000 30 1972 6.67245 0
1296 43200 22 1704 5.10243 0
256 44544 1 282 0.649312 0
256 45888 1 261 0.706095 0
256 47232 1 265 0.743308 0
256 48576 1 281 0.659257 0
256 49920 1 276 0.64835 0
256 51264 1 297 0.725664 0
625 54664 7 778 2.20394 0
625 58064 6 676 1.99894 0
625 61464 6 748 1.98419 0
625 64864 6 673 1.9104 0
625 68264 6 677 1.8873 0
625 71664 6 771 1.99959 0
625 74664 6 766 1.82667 0
625 77664 6 747 1.82571 0
625 80664 6 739 1.69129 0
625 83664 6 797 1.86517 0
625 86664 5 675 1.639 0
625 89664 7 852 2.2187 0
625 92664 6 766 1.89115 0
625 95664 6 747 1.7901 0
625 98664 6 739 1.91104 0
625 101664 6 797 1.88762 0
625 104664 5 675 1.5819 0
625 107664 7 852 2.10321 0
1296 114144 20 1505 4.25518 0
1296 120624 21 1607 4.37067 0
1296 127104 19 1442 3.95105 0
1296 133584 29 2169 6.17167 0
1296 140064 18 1403 3.79193 0
1296 146544 26 1926 5.43189 0
1296 153024 19 1505 4.00976 0
1296 159504 21 1607 4.47878 0
1296 165984 19 1442 4.06045 0
1296 172464 29 2169 6.25572 0
1296 178944 17 1403 3.79674 0
1296 185424 26 1926 5.53006 0
1296 191904 40 3024 8.64477 0
1296 198384 21 1607 4.21443 0
1296 204864 19 1442 4.01393 0
1296 211344 30 2169 6.54349 0
1296 217824 18 1403 4.01361 0
1296 224304 27 1926 5.66352 0
1296 230784 40 3024 8.85811 0
1296 237264 21 1607 4.30715 0
1296 243744 19 1442 3.91705 0
1296 250224 29 2169 6.2522 0
1296 256704 18 1403 3.83171 0
1296 263184 26 1926 5.48675 0
1296 269664 40 3024 8.70733 0
1296 276144 21 1607 4.25518 0
1296 282624 19 1442 3.95875 0
1296 289104 29 2169 6.30064 0
1296 295584 18 1403 3.90935 0
1296 302064 31 2338 6.10077 0
1296 308544 40 3024 8.79266 0
1296 315024 20 1607 4.21892 0
1296 321504 19 1442 3.89299 0
1296 327984 29 2169 6.06773 0
1296 334464 18 1403 3.89395 0
1296 340944 31 2338 6.04014 0
1296 347424 40 3024 8.73075 0
1296 353904 20 1607 4.27859 0
1296 360384 19 1442 4.07135 0
1296 366864 29 2014 6.44596 0
1296 373344 18 1403 3.87887 0
1296 379824 31 2338 6.04592 0
1296 386304 41 3024 8.8488 0
1296 392784 21 1607 4.39152 0
1296 399264 18 1442 3.95105 0
1296 405744 29 2014 6.46361 0
1296 412224 18 1403 3.94528 0
1296 418704 31 2338 6.03661 0
1296 425184 40 3024 8.81095 0
1296 431664 39 2611 8.0779 0
1296 438144 18 1442 3.86475 0
1296 444624 29 2014 6.28748 0
1296 451104 18 1403 3.97543 0
1296 457584 31 2338 6.04463 0
1296 464064 40 3024 8.89596 0
1296 470544 40 2611 8.17062 0
1296 477024 18 1442 3.91288 0
1296 483504 29 2014 6.27658 0
1296 489984 19 1403 4.21155 0
1296 496464 31 2338 6.15082 0
1296 502944 40 3024 8.71663 0
1296 509424 40 2611 8.57772 0
1296 515904 19 1442 4.0505 0
1296 522384 29 2014 6.16141 0
1296 528864 18 1403 4.05403 0
1296 535344 31 2338 6.00774 0
1296 541824 39 3024 8.54115 0
1296 548304 39 2611 8.13854 0
1296 554784 19 1442 4.0351 0
1296 561264 29 2014 6.48895 0
1296 567744 18 1403 3.82562 0
1296 574224 32 2338 6.38726 0
2401 586572 64 3032 9.1757 0
2401 598920 122 5106 14.4244 0
2401 611268 133 5343 20.3946 0
2401 623616 61 2941 8.80806 0
2401 635964 78 3679 11.8641 0
2401 648312 71 3306 10.3008 0
2401 660660 64 3032 9.48304 0
2401 673008 122 5106 14.2592 0
2401 685356 241 9181 35.536 0
2401 697704 61 2941 8.85105 0
2401 710052 78 3679 12.1448 0
2401 722400 70 3306 10.2924 0
2401 734748 72 3338 10.3579 0
2401 747096 125 5106 14.9756 0
2401 759444 241 9181 35.7385 0
2401 771792 61 2941 8.85746 0
2401 784140 79 3679 11.899 0
2401 796488 84 3839 11.8098 0
