1296 8754 33 1509 15.9021 0
1296 17508 31 1299 15.4812 0
1296 26262 32 1301 16.5844 0
1296 35016 32 1359 15.792 0
1296 43770 33 1304 17.1766 0
1296 52524 29 1363 13.8636 0
256 54174 2 258 0.909486 0
256 55824 2 256 0.953757 0
256 57474 2 256 0.9945 0
256 59124 2 279 1.01311 0
256 60774 2 259 0.988084 0
256 62424 2 265 0.921677 0
625 66574 9 632 4.68217 0
625 70724 8 641 4.17947 0
625 74874 9 627 4.76013 0
625 79024 7 625 3.39734 0
625 83174 9 628 4.4637 0
625 87324 9 645 4.66741 0
625 91644 10 644 5.25866 0
625 95964 10 625 5.73217 0
625 100284 10 689 5.06297 0
625 104604 9 625 5.15343 0
625 108924 9 655 5.07034 0
625 113244 10 627 5.96443 0
625 117684 10 631 5.63978 0
625 122124 10 629 5.38217 0
625 126564 9 626 5.15536 0
625 131004 10 632 5.68629 0
625 135444 10 650 5.62951 0
625 139884 10 655 5.62406 0
1296 147924 26 1341 12.2182 0
1296 155964 28 1346 13.4655 0
1296 164004 26 1311 11.8772 0
1296 172044 28 1467 12.2301 0
1296 180084 28 1374 13.1406 0
1296 188124 26 1322 11.951 0
1296 196284 26 1313 12.2866 0
1296 204444 31 1459 14.4841 0
1296 212604 31 1529 14.0122 0
1296 220764 26 1318 11.6889 0
1296 228924 32 1465 15.1449 0
1296 237084 28 1440 12.7812 0
1296 245364 32 1385 15.9848 0
1296 253644 30 1444 14.3041 0
1296 261924 30 1365 14.5611 0
1296 270204 28 1299 13.7007 0
1296 278484 32 1316 16.8892 0
1296 286764 31 1431 14.7824 0
1296 295164 31 1424 15.1077 0
1296 303564 31 1300 15.4067 0
1296 311964 35 1423 17.424 0
1296 320364 30 1482 14.1572 0
1296 328764 32 1375 16.5283 0
1296 337164 30 1396 14.289 0
1296 345684 33 1349 17.397 0
1296 354204 31 1392 15.5966 0
1296 362724 34 1349 17.5494 0
1296 371244 31 1350 15.0205 0
1296 379764 33 1307 17.0861 0
1296 388284 30 1305 14.6955 0
1296 396924 34 1424 17.2145 0
1296 405564 36 1382 19.3119 0
1296 414204 35 1475 17.5709 0
1296 422844 32 1297 16.3544 0
1296 431484 34 1359 17.8243 0
1296 440124 33 1340 16.7493 0
1296 448884 35 1296 18.5917 0
1296 457644 36 1301 19.2577 0
1296 466404 34 1307 17.8112 0
1296 475164 34 1301 18.4983 0
1296 483924 33 1326 17.4079 0
1296 492684 35 1296 18.7691 0
1296 501564 37 1490 19.1557 0
1296 510444 36 1353 18.7848 0
1296 519324 40 1443 21.7128 0
1296 528204 33 1411 17.039 0
1296 537084 37 1416 19.4874 0
1296 545964 41 1463 21.9255 0
1296 554964 39 1308 21.8405 0
1296 563964 37 1328 20.3911 0
1296 572964 38 1305 20.6262 0
1296 581964 38 1368 20.2413 0
1296 590964 35 1319 18.566 0
1296 599964 38 1297 21.1206 0
1296 609084 39 1413 21.2563 0
1296 618204 37 1401 20.2224 0
1296 627324 39 1389 21.4719 0
1296 636444 39 1315 21.7962 0
1296 645564 37 1304 20.1694 0
1296 654684 41 1332 22.7259 0
1296 663924 39 1302 21.8607 0
1296 673164 39 1312 21.9634 0
1296 682404 40 1357 22.3798 0
1296 691644 39 1298 21.9743 0
1296 700884 39 1351 21.8761 0
1296 710124 41 1364 22.6711 0
1296 719484 41 1338 23.3313 0
1296 728844 40 1367 22.152 0
1296 738204 38 1308 20.9207 0
1296 747564 42 1334 24.1022 0
1296 756924 40 1385 22.356 0
1296 766284 41 1301 23.1757 0
2401 781632 102 2952 46.0293 0
2401 796980 97 2485 47.8075 0
2401 812328 97 2470 47.3408 0
2401 827676 94 2461 45.7839 0
2401 843024 89 2648 40.2371 0
2401 858372 91 2411 43.5819 0
2401 873840 121 3277 54.2727 0
2401 889308 107 2686 52.9225 0
2401 904776 107 2731 51.3133 0
2401 920244 99 2613 47.9554 0
2401 935712 98 2471 47.871 0
2401 951180 100 2481 49.699 0
2401 966768 102 2673 49.461 0
2401 982356 104 2497 52.0402 0
2401 997944 97 2708 45.3444 0
2401 1013532 104 2477 53.3196 0
2401 1029120 99 2532 48.4661 0
2401 1044708 102 2479 50.9976 0
