1296 8236 28 1369 12.5025 0
1296 16472 19 1301 6.90311 0
1296 24708 28 1505 12.0642 0
1296 32944 22 1326 9.23922 0
1296 41180 28 1404 12.4322 0
1296 49416 28 1447 12.2558 0
256 50964 1 264 0.727268 0
256 52512 2 265 1.02786 0
256 54060 1 257 0.727589 0
256 55608 1 258 0.730476 0
256 57156 1 256 0.69615 0
256 58704 1 259 0.642896 0
625 62604 6 667 2.46636 0
625 66504 6 626 2.43107 0
625 70404 7 700 3.12337 0
625 74304 7 651 3.16411 0
625 78204 7 730 2.43267 0
625 82104 5 634 2.16641 0
625 85984 8 684 3.8516 0
625 89864 7 638 3.53497 0
625 93744 8 673 4.0598 0
625 97624 8 635 3.79289 0
625 101504 8 723 3.87085 0
625 105384 8 660 3.91737 0
625 109344 7 655 3.55197 0
625 113304 8 654 3.89684 0
625 117264 8 626 3.9857 0
625 121224 9 647 4.44606 0
625 125184 7 631 3.17438 0
625 129144 8 625 4.32158 0
1296 136664 27 1518 11.1381 0
1296 144184 20 1306 7.34807 0
1296 151704 22 1496 8.07983 0
1296 159224 19 1520 5.46526 0
1296 166744 21 1354 8.12057 0
1296 174264 18 1318 5.81526 0
1296 181864 21 1354 7.51168 0
1296 189464 24 1539 8.57002 0
1296 197064 25 1459 10.0881 0
1296 204664 24 1627 8.43432 0
1296 212264 24 1398 9.73359 0
1296 219864 21 1300 7.96241 0
1296 227544 23 1409 8.86388 0
1296 235224 22 1315 8.94504 0
1296 242904 25 1368 10.3547 0
1296 250584 21 1335 8.02305 0
1296 258264 22 1341 8.63194 0
1296 265944 26 1431 11.2141 0
1296 273704 26 1322 11.7098 0
1296 281464 26 1352 11.9051 0
1296 289224 23 1309 9.88276 0
1296 296984 24 1314 10.3755 0
1296 304744 25 1309 11.3508 0
1296 312504 23 1325 9.19431 0
1296 320344 24 1499 8.72818 0
1296 328184 25 1351 11.4185 0
1296 336024 25 1515 9.60591 0
1296 343864 26 1350 11.5535 0
1296 351704 25 1348 10.6052 0
1296 359544 24 1305 10.0217 0
1296 367464 25 1309 11.4541 0
1296 375384 32 1750 13.5974 0
1296 383304 31 1597 13.1794 0
1296 391224 25 1413 10.405 0
1296 399144 25 1315 11.0383 0
1296 407064 30 1488 13.6789 0
1296 415064 28 1466 12.3029 0
1296 423064 27 1479 11.6296 0
1296 431064 29 1435 13.3141 0
1296 439064 26 1460 11.1878 0
1296 447064 28 1308 13.6015 0
1296 455064 27 1455 11.653 0
1296 463144 28 1439 12.515 0
1296 471224 29 1509 12.3584 0
1296 479304 27 1459 11.4714 0
1296 487384 30 1428 14.2239 0
1296 495464 32 1376 16.6165 0
1296 503544 30 1449 14.5425 0
1296 511704 28 1298 13.7706 0
1296 519864 29 1312 14.3975 0
1296 528024 30 1525 13.0202 0
1296 536184 28 1306 13.5823 0
1296 544344 28 1301 13.658 0
1296 552504 32 1371 16.415 0
1296 560744 32 1341 16.1314 0
1296 568984 30 1317 14.6686 0
1296 577224 29 1298 13.957 0
1296 585464 29 1402 13.4274 0
1296 593704 28 1458 12.172 0
1296 601944 33 1518 15.6987 0
1296 610264 29 1355 14.3651 0
1296 618584 32 1344 16.2944 0
1296 626904 34 1560 15.929 0
1296 635224 28 1297 13.3706 0
1296 643544 31 1383 15.203 0
1296 651864 35 1347 18.2455 0
1296 660264 35 1418 17.8548 0
1296 668664 33 1331 17.3537 0
1296 677064 30 1334 14.6307 0
1296 685464 33 1491 15.8315 0
1296 693864 31 1459 14.4119 0
1296 702264 32 1367 16.0166 0
2401 716612 75 2652 27.7658 0
2401 730960 82 3326 25.4008 0
2401 745308 58 2408 18.105 0
2401 759656 65 2806 19.36 0
2401 774004 82 2959 30.3326 0
2401 788352 72 2456 28.8957 0
2401 802780 81 2647 33.2926 0
2401 817208 89 3009 33.8794 0
2401 831636 84 3058 28.171 0
2401 846064 68 2736 23.7063 0
2401 860492 75 2509 30.261 0
2401 874920 71 2460 27.7777 0
2401 889428 81 3246 26.3449 0
2401 903936 87 2771 35.2585 0
2401 918444 68 2844 20.8425 0
2401 932952 71 2429 27.6692 0
2401 947460 82 2645 33.103 0
2401 961968 74 2430 30.8346 0
