1296 7718 26 1927 6.71127 0
1296 15436 20 1523 5.9423 0
1296 23154 20 1435 6.3555 0
1296 30872 19 1441 5.66576 0
1296 38590 20 1534 5.17397 0
1296 46308 22 1533 7.11388 0
256 47754 1 285 0.733043 0
256 49200 1 263 0.703849 0
256 50646 1 266 0.845004 0
256 52092 1 258 0.710265 0
256 53538 1 296 0.765444 0
256 54984 1 259 0.756782 0
625 58634 6 726 2.33098 0
625 62284 5 630 1.81031 0
625 65934 6 628 2.38038 0
625 69584 5 632 1.90046 0
625 73234 6 665 2.73872 0
625 76884 5 636 1.88859 0
625 80324 6 749 2.04674 0
625 83764 6 680 2.47085 0
625 87204 5 633 1.96077 0
625 90644 7 898 2.29986 0
625 94084 5 654 1.91489 0
625 97524 6 728 2.4917 0
625 101004 5 657 1.85651 0
625 104484 6 687 2.23153 0
625 107964 8 779 3.11375 0
625 111444 5 635 2.06792 0
625 114924 5 650 1.79619 0
625 118404 6 664 2.22479 0
1296 125404 18 1415 4.82044 0
1296 132404 19 1468 4.81434 0
1296 139404 20 1543 5.13226 0
1296 146404 20 1628 5.34078 0
1296 153404 17 1359 4.3357 0
1296 160404 26 1949 6.49697 0
1296 167444 23 1624 6.6362 0
1296 174484 17 1331 4.73221 0
1296 181524 34 2771 7.16874 0
1296 188564 23 1736 6.05682 0
1296 195604 29 2257 7.14083 0
1296 202644 19 1557 4.70463 0
1296 209724 21 1743 5.10628 0
1296 216804 20 1509 5.45884 0
1296 223884 24 1879 6.18066 0
1296 230964 19 1549 5.01003 0
1296 238044 20 1526 5.51177 0
1296 245124 17 1328 4.28661 0
1296 252244 23 1804 5.37768 0
1296 259364 19 1417 6.00967 0
1296 266484 23 1729 6.21851 0
1296 273604 19 1570 4.80375 0
1296 280724 20 1510 5.49894 0
1296 287844 24 1696 7.20403 0
1296 295004 17 1367 5.18648 0
1296 302164 17 1330 4.66388 0
1296 309324 16 1340 4.48167 0
1296 316484 18 1391 4.91443 0
1296 323644 18 1403 5.07804 0
1296 330804 17 1440 4.5346 0
1296 338004 17 1307 5.14477 0
1296 345204 31 2137 8.87415 0
1296 352404 16 1306 4.46402 0
1296 359604 16 1315 4.41205 0
1296 366804 17 1306 4.78451 0
1296 374004 31 2015 9.03391 0
1296 381244 17 1363 4.97571 0
1296 388484 17 1361 4.80343 0
1296 395724 25 1852 6.87841 0
1296 402964 18 1387 5.31448 0
1296 410204 17 1340 5.28111 0
1296 417444 19 1539 4.96705 0
1296 424724 17 1300 4.87626 0
1296 432004 22 1677 5.53134 0
1296 439284 19 1513 5.28464 0
1296 446564 19 1322 6.35934 0
1296 453844 19 1431 5.44761 0
1296 461124 18 1517 4.86856 0
1296 468444 18 1430 5.03089 0
1296 475764 18 1423 4.90481 0
1296 483084 19 1389 5.65646 0
1296 490404 24 1761 7.42571 0
1296 497724 17 1324 5.02222 0
1296 505044 24 1703 7.47383 0
1296 512404 19 1373 5.77516 0
1296 519764 17 1319 4.70334 0
1296 527124 18 1416 4.85348 0
1296 534484 18 1417 5.34848 0
1296 541844 17 1297 4.78611 0
1296 549204 18 1380 5.36869 0
1296 556604 18 1308 5.46365 0
1296 564004 18 1314 5.56824 0
1296 571404 26 1643 9.17987 0
1296 578804 18 1322 5.74308 0
1296 586204 21 1545 5.99106 0
1296 593604 17 1298 5.02287 0
1296 601044 21 1389 7.56718 0
1296 608484 21 1589 6.08794 0
1296 615924 19 1337 6.48735 0
1296 623364 18 1301 6.35165 0
1296 630804 19 1514 5.50151 0
1296 638244 20 1506 5.64908 0
2401 651592 61 2884 12.7431 0
2401 664940 62 2812 15.5828 0
2401 678288 84 4033 15.7538 0
2401 691636 111 4695 26.3267 0
2401 704984 60 2897 12.4572 0
2401 718332 143 6595 27.2855 0
2401 731720 57 2920 12.1499 0
2401 745108 70 3517 14.5928 0
2401 758496 80 3680 17.1619 0
2401 771884 72 3563 12.9449 0
2401 785272 50 2492 11.0524 0
2401 798660 146 6037 31.7085 0
2401 812088 48 2477 9.57703 0
2401 825516 80 3474 17.2321 0
2401 838944 54 2610 11.8621 0
2401 852372 63 3277 11.1843 0
2401 865800 71 3167 17.0791 0
2401 879228 64 2930 15.3054 0
