1000 20094 59 1005 39.0139 0
1000 40170 54 1003 34.94 0
1000 60264 53 1002 34.35 0
1000 80354 54 1003 35.3814 0
1000 100442 57 1011 37.0329 0
1000 120518 56 1002 36.9312 0
200 121404 1 201 0.482814 0
200 122292 1 203 0.508157 0
200 123176 1 203 0.538634 0
200 124074 1 202 0.470944 0
200 124948 1 214 0.508157 0
200 125850 1 207 0.474152 0
400 129120 6 402 3.29372 0
400 132424 6 412 3.48075 0
400 135730 6 402 3.40889 0
400 139024 5 401 3.06146 0
400 142302 6 400 3.68414 0
400 145592 5 400 3.24816 0
600 152870 16 602 10.2093 0
600 160152 16 600 10.1455 0
600 167442 16 601 10.2745 0
600 174728 16 603 9.86865 0
600 182030 17 609 10.6142 0
600 189324 16 607 10.1038 0
800 202184 33 805 21.2691 0
800 215062 31 817 20.2063 0
800 227940 32 800 20.3593 0
800 240818 33 805 21.0863 0
800 253692 33 800 21.4924 0
800 266564 33 800 21.6368 0
1100 290832 68 1102 44.6675 0
1100 315106 68 1102 44.646 0
1100 339384 68 1102 44.9831 0
1100 363652 68 1107 44.1102 0
1100 387940 68 1103 44.6854 0
1100 412202 67 1116 43.7436 0
1200 441064 85 1201 55.6516 0
1200 469924 82 1211 53.4627 0
1200 498782 83 1202 54.5284 0
1200 527654 82 1208 54.3286 0
1200 556540 83 1202 54.531 0
1200 585412 84 1205 55.6612 0
1300 619276 98 1306 64.3733 0
1300 653152 99 1303 65.7098 0
1300 687016 100 1301 66.6219 0
1300 720876 99 1301 65.5879 0
1300 754750 99 1302 65.5735 0
1300 788628 98 1300 65.2623 0
1400 827898 117 1403 77.7433 0
1400 867174 116 1401 77.298 0
1400 906426 117 1400 77.8802 0
1400 945686 116 1400 77.1016 0
1400 984962 114 1400 75.8624 0
1400 1024236 119 1411 79.414 0
1500 1069308 136 1501 90.8142 0
1500 1114388 133 1501 88.8332 0
1500 1159436 137 1500 91.6525 0
1500 1204492 139 1500 93.2565 0
1500 1249558 135 1505 89.6522 0
1500 1294638 134 1501 89.3744 0
1600 1345906 156 1602 104.635 0
1600 1397170 155 1600 104.039 0
1600 1448416 157 1601 105.056 0
1600 1499664 155 1600 103.322 0
1600 1550938 157 1609 105.026 0
1600 1602210 156 1613 104.749 0
1700 1660080 178 1700 119.34 0
1700 1717944 173 1701 116.074 0
1700 1775796 177 1705 118.513 0
1700 1833650 178 1700 119.453 0
1700 1891520 179 1700 120.374 0
1700 1949388 176 1702 118.104 0
1800 2014246 199 1803 133.399 0
1800 2079130 196 1802 131.359 0
1800 2143992 199 1800 133.844 0
1800 2208848 194 1800 129.713 0
1800 2273706 199 1801 133.133 0
1800 2338580 201 1805 135.525 0
1900 2410854 223 1901 150.198 0
1900 2483124 222 1903 149.208 0
1900 2555372 218 1900 146.019 0
1900 2627626 223 1900 149.443 0
1900 2699888 220 1905 147.108 0
1900 2772166 218 1900 145.965 0
2000 2852246 252 2000 169.206 0
2000 2932314 248 2008 167.012 0
2000 3012366 250 2001 168.081 0
2000 3092426 252 2001 170.075 0
2000 3172492 251 2004 169.164 0
2000 3252564 251 2003 168.9 0
2100 3340832 281 2100 189.579 0
2100 3429104 282 2101 190.67 0
2100 3517362 274 2100 184.253 0
2100 3605620 279 2103 188.352 0
2100 3693890 280 2101 189.201 0
2100 3782168 274 2123 184.547 0
2200 3879022 310 2200 209.543 0
2200 3975876 301 2202 203.157 0
2200 4072726 302 2213 203.833 0
2200 4169594 302 2203 203.806 0
2200 4266456 297 2200 199.775 0
2200 4363320 303 2205 204.03 0
2300 4469180 334 2301 225.101 0
2300 4575014 341 2303 231.133 0
2300 4680862 337 2301 227.768 0
2300 4786712 331 2300 223.493 0
2300 4892562 335 2302 226.16 0
2300 4998422 339 2312 228.984 0
2400 5113676 364 2400 246.214 0
2400 5228914 369 2400 249.295 0
2400 5344168 362 2407 244.093 0
2400 5459408 366 2400 248.125 0
2400 5574662 363 2402 244.815 0
2400 5689914 364 2402 245.802 0
2500 5814966 387 2501 261.39 0
2500 5940024 399 2501 269.622 0
2500 6065070 406 2502 275.126 0
2500 6190128 398 2505 269.877 0
2500 6315172 403 2500 272.769 0
2500 6440224 404 2513 273.697 0
2600 6575482 430 2600 290.345 0
2600 6710732 432 2602 293.222 0
2600 6845972 428 2601 289.066 0
2600 6981234 434 2600 293.769 0
2600 7116472 435 2600 294.659 0
2600 7251728 432 2600 293.015 0
2700 7397586 471 2703 319.755 0
2700 7543424 469 2706 317.537 0
2700 7689252 469 2706 318.021 0
2700 7835098 470 2706 319.634 0
2700 7980932 471 2700 319.286 0
2700 8126790 469 2700 318.347 0
