1000 99916 106 1000 67.8996 0
1000 199830 107 1001 69.1559 0
1000 299748 107 1001 68.6975 0
1000 399660 104 1000 66.3341 0
1000 499580 107 1001 69.3965 0
1000 599490 108 1002 69.9175 0
200 603494 4 202 2.39354 0
200 607488 3 202 2.24885 0
200 611482 3 200 2.34766 0
200 615484 3 200 2.19367 0
200 619488 3 200 2.31494 0
200 623488 4 200 2.45256 0
400 639468 16 404 10.2081 0
400 655452 16 401 9.99055 0
400 671432 16 403 9.89239 0
400 687402 16 402 10.2382 0
400 703384 17 402 10.5642 0
400 719362 16 403 10.3431 0
600 755316 37 601 23.7798 0
600 791274 37 601 23.3563 0
600 827228 37 600 23.8465 0
600 863192 37 600 23.602 0
600 899150 36 600 23.0082 0
600 935116 38 601 24.2886 0
800 999060 68 800 43.2534 0
800 1063004 67 801 42.5546 0
800 1126940 66 800 41.7231 0
800 1190876 69 801 44.1478 0
800 1254820 67 800 43.1709 0
800 1318758 68 801 43.5726 0
1100 1439672 126 1101 81.1842 0
1100 1560580 129 1102 83.4661 0
1100 1681482 129 1103 82.565 0
1100 1802386 131 1102 85.0422 0
1100 1923290 128 1101 82.2862 0
1100 2044200 130 1100 83.9185 0
1200 2188102 153 1202 98.6871 0
1200 2331992 155 1201 100.244 0
1200 2475882 150 1200 96.2653 0
1200 2619774 153 1202 98.7035 0
1200 2763672 156 1204 100.495 0
1200 2907570 153 1200 98.5315 0
1300 3076462 180 1303 116.211 0
1300 3245344 181 1302 116.772 0
1300 3414230 180 1300 115.788 0
1300 3583128 181 1302 116.582 0
1300 3752012 182 1300 117.377 0
1300 3920904 181 1301 116.273 0
1400 4116786 206 1400 132.701 0
1400 4312658 211 1400 136.012 0
1400 4508530 210 1400 136.327 0
1400 4704416 212 1403 137.112 0
1400 4900294 211 1407 135.727 0
1400 5096168 212 1402 136.757 0
1500 5321038 245 1502 158.877 0
1500 5545910 247 1502 159.574 0
1500 5770774 243 1500 157.39 0
1500 5995644 241 1503 155.522 0
1500 6220512 244 1501 157.326 0
1500 6445382 242 1501 156.332 0
1600 6701244 278 1600 179.978 0
1600 6957106 277 1600 179.508 0
1600 7212958 274 1601 176.863 0
1600 7468820 273 1601 176.387 0
1600 7724676 279 1603 181.025 0
1600 7980544 276 1602 178.646 0
1700 8269390 310 1700 200.526 0
1700 8558240 315 1701 204.064 0
1700 8847086 312 1700 202.581 0
1700 9135932 314 1700 203.913 0
1700 9424780 310 1702 200.496 0
1700 9713632 315 1701 204.705 0
1800 10037474 352 1803 228.009 0
1800 10361314 354 1800 229.897 0
1800 10685156 350 1800 226.985 0
1800 11008998 346 1802 224.396 0
1800 11332840 351 1801 227.771 0
1800 11656680 342 1800 220.833 0
1900 12017516 393 1900 254.977 0
1900 12378344 390 1900 253.128 0
1900 12739172 395 1901 257.398 0
1900 13100004 393 1901 254.525 0
1900 13460832 393 1901 254.729 0
1900 13821656 394 1900 256.363 0
2000 14221474 433 2000 281.659 0
2000 14621296 438 2001 285.091 0
2000 15021116 440 2000 287.335 0
2000 15420932 434 2000 282.551 0
2000 15820752 436 2001 283.17 0
2000 16220574 435 2000 281.956 0
2100 16661384 479 2101 311.312 0
2100 17102196 486 2102 317.282 0
2100 17543004 479 2100 312.134 0
2100 17983810 477 2101 310.296 0
2100 18424616 478 2105 311.033 0
2100 18865424 485 2100 316.485 0
2200 19349224 523 2202 339.933 0
2200 19833022 526 2200 342.491 0
2200 20316818 527 2203 343.249 0
2200 20800610 525 2200 342.193 0
2200 21284410 526 2202 342.35 0
2200 21768212 528 2202 343.747 0
2300 22296994 580 2300 378.21 0
2300 22825778 575 2301 373.285 0
2300 23354562 579 2304 375.757 0
2300 23883344 578 2301 377.358 0
2300 24412134 572 2300 371.752 0
2300 24940916 578 2300 376.634 0
2400 25516696 631 2400 412.133 0
2400 26092478 632 2400 412.061 0
2400 26668254 631 2400 411.396 0
2400 27244026 628 2401 409.127 0
2400 27819806 631 2402 411.064 0
2400 28395574 640 2400 417.495 0
2500 29020342 692 2500 452.667 0
2500 29645108 679 2500 441.745 0
2500 30269874 682 2500 444.344 0
2500 30894644 689 2503 450.688 0
2500 31519412 691 2502 450.645 0
2500 32144182 694 2500 454.444 0
2600 32819942 756 2600 496.239 0
2600 33495704 741 2600 484.051 0
2600 34171464 743 2602 485.653 0
2600 34847228 741 2600 483.666 0
2600 35522992 751 2602 492.642 0
2600 36198754 744 2605 485.795 0
2700 36927502 803 2701 524.856 0
2700 37656260 799 2700 521.414 0
2700 38385006 806 2703 527.837 0
2700 39113758 800 2700 523.278 0
2700 39842508 804 2702 525.898 0
2700 40571252 802 2701 526.343 0
