1000 199806 159 1000 100.56 0
1000 399616 161 1003 101.08 0
1000 599420 160 1000 100.938 0
1000 799226 157 1000 98.93 0
1000 999034 158 1000 99.0592 0
1000 1198840 157 1000 99.0541 0
200 1206806 6 200 3.68767 0
200 1214776 6 200 3.60233 0
200 1222742 5 201 3.54363 0
200 1230714 6 200 3.7483 0
200 1238676 6 201 3.56929 0
200 1246646 5 200 3.47882 0
400 1278572 24 401 15.1575 0
400 1310496 24 401 14.7545 0
400 1342426 24 400 15.0433 0
400 1374352 25 401 15.3589 0
400 1406280 25 400 15.3227 0
400 1438206 24 400 14.6387 0
600 1510090 57 600 35.4286 0
600 1581978 56 600 34.7007 0
600 1653864 55 600 34.1604 0
600 1725746 56 600 34.6054 0
600 1797636 55 600 34.3346 0
600 1869532 56 600 34.9798 0
800 1997382 102 802 64.1106 0
800 2125230 100 802 62.5528 0
800 2253082 100 800 63.0635 0
800 2380934 100 800 62.3269 0
800 2508782 101 802 63.29 0
800 2636632 98 800 61.3347 0
1100 2878416 193 1100 121.925 0
1100 3120208 192 1100 121.183 0
1100 3362006 191 1100 120.149 0
1100 3603794 191 1100 120.328 0
1100 3845584 195 1100 122.638 0
1100 4087378 192 1103 120.742 0
1200 4375144 228 1200 143.44 0
1200 4662914 229 1201 144.406 0
1200 4950678 231 1201 145.702 0
1200 5238444 228 1200 143.893 0
1200 5526212 227 1201 142.842 0
1200 5813986 227 1201 142.307 0
1300 6151734 269 1300 169.96 0
1300 6489484 273 1300 172.31 0
1300 6827226 268 1300 168.188 0
1300 7164976 270 1300 171.217 0
1300 7502722 271 1300 172.028 0
1300 7840468 269 1300 170.073 0
1400 8232196 315 1400 199.637 0
1400 8623926 311 1400 197.064 0
1400 9015648 313 1401 197.634 0
1400 9407376 312 1400 197.551 0
1400 9799100 312 1401 196.689 0
1400 10190828 312 1400 197.377 0
1500 10640538 360 1500 227.617 0
1500 11090246 360 1500 228.764 0
1500 11539950 362 1501 229.184 0
1500 11989658 362 1500 229.511 0
1500 12439360 362 1500 230.296 0
1500 12889066 363 1500 229.8 0
1600 13400752 411 1600 261.074 0
1600 13912442 412 1600 261.457 0
1600 14424130 416 1600 265.227 0
1600 14935818 414 1600 263.631 0
1600 15447502 413 1600 261.644 0
1600 15959192 415 1600 264.28 0
1700 16536856 465 1700 295.511 0
1700 17114528 468 1700 297.448 0
1700 17692196 472 1700 301.228 0
1700 18269866 463 1700 294.497 0
1700 18847534 470 1700 299.59 0
1700 19425204 466 1700 296.429 0
1800 20072854 529 1801 337.979 0
1800 20720506 524 1802 334.055 0
1800 21368154 528 1800 336.342 0
1800 22015800 527 1800 335.73 0
1800 22663446 529 1800 336.995 0
1800 23311096 522 1802 332.65 0
1900 24032726 582 1900 371.011 0
1900 24754350 582 1901 370.897 0
1900 25475982 590 1900 376.449 0
1900 26197612 591 1900 377.67 0
1900 26919238 583 1900 371.649 0
1900 27640870 578 1900 366.764 0
2000 28440480 647 2000 412.708 0
2000 29240090 649 2000 414.047 0
2000 30039698 650 2000 416.016 0
2000 30839306 657 2000 419.756 0
2000 31638912 642 2000 409.32 0
2000 32438526 651 2000 415.436 0
2100 33320112 725 2100 463.63 0
2100 34201702 717 2100 457.316 0
2100 35083294 716 2100 458.533 0
2100 35964878 720 2101 460.754 0
2100 36846466 721 2100 461.267 0
2100 37728058 725 2100 464.877 0
2200 38695624 791 2200 505.966 0
2200 39663198 787 2200 503.601 0
2200 40630766 781 2200 498.305 0
2200 41598328 789 2200 506.115 0
2200 42565896 794 2200 509.169 0
2200 43533466 787 2200 502.909 0
2300 44591012 855 2301 547.114 0
2300 45648560 863 2300 553.307 0
2300 46706110 869 2303 556.878 0
2300 47763658 870 2300 557.717 0
2300 48821212 859 2301 549.655 0
2300 49878764 868 2300 557.793 0
2400 51030294 945 2401 606.482 0
2400 52181822 951 2400 610.823 0
2400 53333356 954 2400 613.104 0
2400 54484888 950 2401 610.376 0
2400 55636414 940 2400 601.348 0
2400 56787942 946 2400 607.047 0
2500 58037450 1032 2500 662.611 0
2500 59286960 1027 2500 660.319 0
2500 60536466 1030 2500 661.616 0
2500 61785972 1025 2500 657.556 0
2500 63035478 1025 2502 658.899 0
2500 64284986 1035 2500 666.73 0
2600 65636476 1115 2600 717.557 0
2600 66987968 1111 2603 715.084 0
2600 68339460 1109 2600 713.283 0
2600 69690948 1109 2600 713.787 0
2600 71042436 1114 2600 717.39 0
2600 72393920 1111 2600 714.518 0
2700 73851394 1203 2700 774.392 0
2700 75308860 1211 2700 782.948 0
2700 76766328 1194 2702 768.98 0
2700 78223800 1209 2701 780.401 0
2700 79681270 1208 2700 780.098 0
2700 81138742 1204 2700 776.738 0
