1024 3968 424 31315 112.899 0
1024 7936 440 34704 106.783 0
1024 11904 344 28852 72.9142 0
1024 15872 318 26345 75.9317 0
1024 19840 24 2109 5.49349 0
1024 23808 18 1637 4.01361 0
196 24536 1 255 0.512328 0
196 25264 1 211 0.475114 0
196 25992 9 1622 3.74317 0
196 26720 1 225 0.425068 0
196 27448 2 433 0.990329 0
196 28176 2 475 0.893767 0
400 29696 38 5573 10.969 0
400 31216 62 7891 21.6358 0
400 32736 2 477 0.945416 0
400 34256 2 408 0.880934 0
400 35776 19 2543 6.45334 0
400 37296 4 615 1.61943 0
576 39504 175 18326 57.7811 0
576 41712 77 8631 21.3397 0
576 43920 107 13173 28.5688 0
576 46128 79 9631 20.7007 0
576 48336 8 1018 2.46957 0
576 50544 63 7731 17.6649 0
784 53568 92 9685 21.4812 0
784 56592 32 2835 9.706 0
784 59616 343 31493 95.6349 0
784 62640 66 7227 16.5215 0
784 65664 52 5392 12.3847 0
784 68688 7 843 2.02204 0
1089 72912 1624 127198 351.497 0
1089 77136 17 1559 3.90806 0
1089 81360 16 1381 3.7637 0
1089 85584 16 1439 3.52983 0
1089 89808 71 6487 13.9647 0
1089 94032 352 25954 87.3415 0
1225 98792 22 1776 4.56925 0
1225 103552 982 73737 199.564 0
1225 108312 1453 106162 310.452 0
1225 113072 369 29279 72.2546 0
1225 117832 88 5926 22.5229 0
1225 122592 147 11241 27.7741 0
1296 127632 342 21870 79.7682 0
1296 132672 157 12786 29.2069 0
1296 137712 377 27385 76.0253 0
1296 142752 108 9166 18.3171 0
1296 147792 16 1316 3.26645 0
1296 152832 1565 106207 324.103 0
1369 158160 212 15922 34.7568 0
1369 163488 341 22388 70.665 0
1369 168816 326 23553 58.0396 0
1369 174144 840 51738 181.122 0
1369 179472 386 28737 63.0609 0
1369 184800 20 1476 4.01521 0
1521 190728 1280 80071 262.381 0
1521 196656 628 40918 101.525 0
1521 202584 964 60246 178.157 0
1521 208512 213 15937 39.4954 0
1521 214440 22 1560 4.22245 0
1521 220368 2665 163663 496.27 0
1600 226608 1290 69040 294.692 0
1600 232848 40 2764 7.17933 0
1600 239088 1956 111554 389.386 0
1600 245328 2278 119254 541.806 0
1600 251568 8180 436241 1810.67 0
1600 257808 38 2571 7.06287 0
1681 264368 253 15234 47.4765 0
1681 270928 875 48451 163.11 0
1681 277488 494 27528 97.887 0
1681 284048 2627 158586 423.129 0
1681 290608 452 24649 96.0812 0
1681 297168 102 6970 16.8013 0
1764 304056 963 56962 161.736 0
1764 310944 6950 367464 1324 0
1764 317832 1230 72501 181.941 0
1764 324720 2647 148732 455.391 0
1764 331608 822 49453 120.741 0
1764 338496 186 9914 36.024 0
1936 346064 50 3037 8.06251 0
1936 353632 735 40930 102.518 0
1936 361200 129 6862 22.2335 0
1936 368768 4892 258764 781.913 0
1936 376336 247 14794 36.6999 0
1936 383904 6601 333494 1191.72 0
2025 391824 8092 388518 1486.81 0
2025 399744 883 44673 152.976 0
2025 407664 46 2545 7.89023 0
2025 415584 12751 586648 2608.28 0
2025 423504 1942 92372 368.908 0
2025 431424 4177 200949 738.51 0
2116 439704 71 3909 10.6065 0
2116 447984 3835 177710 696.649 0
2116 456264 2260 104874 376.057 0
2116 464544 3997 191479 701.957 0
2116 472824 11322 511047 1978.87 0
2116 481104 1499 67899 285.183 0
2209 489752 14514 612990 2769.81 0
2209 498400 590 24163 116.501 0
2209 507048 252 10924 50.1488 0
2209 515696 506 26086 68.8771 0
2209 524344 131 6254 21.9534 0
2209 532992 234 12631 32.6748 0
2304 542016 643 27286 114.944 0
2304 551040 1338 55145 255.178 0
2304 560064 2898 122291 530.102 0
2304 569088 2464 117575 330.761 0
2304 578112 1578 73916 209.184 0
2304 587136 233 11163 36.0115 0
2401 596544 1467 67418 207.415 0
2401 605952 1996 90531 280.453 0
2401 615360 9431 392599 1580.16 0
2401 624768 10922 471618 1696.13 0
2401 634176 61 2995 9.65146 0
2401 643584 17506 705281 3207.17 0
2500 653384 14533 584859 2532.53 0
2500 663184 471 23655 52.944 0
2500 672984 2830 127932 310.673 0
2500 682784 1343 65946 170.021 0
2500 692584 104 5150 14.2239 0
2500 702384 3053 135088 395.94 0
2601 712584 445 20729 50.1918 0
2601 722784 649 27915 84.51 0
2601 732984 16360 656260 2462.87 0
2601 743184 1579 64118 223.728 0
2601 753384 5050 198123 787.752 0
2601 763584 1661 75656 223.227 0
2704 774192 32599 1184814 5274.28 0
2704 784800 298 12875 40.0851 0
2704 795408 819 36142 94.5243 0
2704 806016 5557 214200 847.714 0
2704 816624 353 15523 40.9137 0
2704 827232 5017 206512 689.871 0
