1024 4786 12 1038 3.99629 0
1024 9572 14 1171 5.24422 0
1024 14358 16 1373 5.18808 0
1024 19144 13 1227 4.54422 0
1024 23930 19 1480 6.55311 0
1024 28716 21 1820 6.78281 0
196 29600 1 272 0.816773 0
196 30484 1 256 0.663428 0
196 31368 1 206 0.502383 0
196 32252 1 274 0.656691 0
196 33136 1 279 0.671448 0
196 34020 2 428 1.40096 0
400 35860 4 536 1.82026 0
400 37700 3 441 1.63355 0
400 39540 3 411 1.11191 0
400 41380 5 730 2.29858 0
400 43220 4 671 1.74679 0
400 45060 3 567 1.52864 0
576 47728 6 722 2.35632 0
576 50396 8 1005 3.1917 0
576 53064 5 593 1.79363 0
576 55732 5 606 1.89982 0
576 58400 5 594 2.16929 0
576 61068 8 978 2.97291 0
784 64718 11 1032 4.55385 0
784 68368 12 1202 4.14321 0
784 72018 9 1057 3.32644 0
784 75668 7 838 2.69477 0
784 79318 11 1273 4.05403 0
784 82968 9 1063 2.96618 0
1089 88072 17 1537 5.61892 0
1089 93176 23 1712 9.29408 0
1089 98280 16 1342 5.74468 0
1089 103384 17 1396 6.01384 0
1089 108488 13 1156 4.45504 0
1089 113592 14 1092 4.9988 0
1225 119312 35 1946 15.135 0
1225 125032 20 1435 7.16393 0
1225 130752 16 1248 5.18166 0
1225 136472 39 2626 14.5296 0
1225 142192 26 2055 8.44587 0
1225 147912 28 1968 9.35151 0
1296 153992 19 1537 6.03918 0
1296 160072 22 1772 7.24477 0
1296 166152 28 2229 7.93258 0
1296 172232 18 1380 5.84188 0
1296 178312 21 1720 6.29935 0
1296 184392 22 1634 8.31049 0
1369 190840 23 1661 6.75201 0
1369 197288 20 1475 5.8807 0
1369 203736 21 1597 7.16521 0
1369 210184 45 2318 19.2564 0
1369 216632 40 2234 16.3826 0
1369 223080 23 1710 7.62108 0
1521 230208 32 1887 11.141 0
1521 237336 25 1575 8.49174 0
1521 244464 32 2016 10.3319 0
1521 251592 36 2071 12.8156 0
1521 258720 26 1910 7.46292 0
1521 265848 31 2132 9.44358 0
1600 273368 35 2017 12.121 0
1600 280888 38 2519 11.4675 0
1600 288408 30 2075 9.89335 0
1600 295928 29 1838 9.19912 0
1600 303448 47 2617 18.3171 0
1600 310968 26 1612 8.60274 0
1681 318888 62 3731 19.2262 0
1681 326808 33 1920 11.0277 0
1681 334728 55 3502 15.033 0
1681 342648 44 2697 12.1592 0
1681 350568 50 2281 20.1065 0
1681 358488 33 2012 10.5969 0
1764 366816 65 3328 21.9274 0
1764 375144 34 1964 11.5882 0
1764 383472 33 1896 10.2921 0
1764 391800 39 2029 13.2586 0
1764 400128 33 1839 11.0406 0
1764 408456 36 1974 12.1021 0
1936 417544 36 2676 9.47566 0
1936 426632 41 2298 12.1778 0
1936 435720 59 3571 16.0207 0
1936 444808 99 4218 36.2008 0
1936 453896 63 2795 23.4362 0
1936 462984 67 3183 24.3354 0
2025 472504 46 2308 15.0968 0
2025 482024 47 2375 14.0096 0
2025 491544 39 2121 10.9421 0
2025 501064 44 2477 11.9735 0
2025 510584 166 6165 63.6592 0
2025 520104 50 2797 15.025 0
2116 530064 74 2862 29.0173 0
2116 540024 117 4734 43.9559 0
2116 549984 70 3984 17.5856 0
2116 559944 51 2887 14.6936 0
2116 569904 43 2535 12.053 0
2116 579864 59 2935 18.1512 0
2209 590272 66 2811 23.4676 0
2209 600680 74 3081 22.4497 0
2209 611088 266 8509 107.061 0
2209 621496 71 3278 19.2141 0
2209 631904 57 2824 16.0974 0
2209 642312 61 3370 15.8719 0
2304 653176 57 2603 16.1542 0
2304 664040 87 3300 33.4052 0
2304 674904 51 2458 13.7815 0
2304 685768 82 3522 27.1447 0
2304 696632 59 2812 14.9573 0
2304 707496 98 3735 38.7871 0
2401 718824 87 3819 28.7045 0
2401 730152 64 2986 18.318 0
2401 741480 70 3057 19.6205 0
2401 752808 69 2848 21.4536 0
2401 764136 73 2725 26.5143 0
2401 775464 67 3138 18.5051 0
2500 787264 55 2529 13.5403 0
2500 799064 141 4840 51.1651 0
2500 810864 83 3676 22.358 0
2500 822664 170 4455 79.1134 0
2500 834464 107 3604 39.9908 0
2500 846264 141 4356 53.6228 0
2601 858544 63 2877 16.1808 0
2601 870824 96 4391 24.0967 0
2601 883104 72 2969 21.2213 0
2601 895384 80 3425 23.6685 0
2601 907664 329 7162 155.26 0
2601 919944 81 3511 23.5164 0
2704 932712 256 6407 110.545 0
2704 945480 185 6198 59.8917 0
2704 958248 144 4673 44.5321 0
2704 971016 74 2788 23.1298 0
2704 983784 147 4161 61.9554 0
2704 996552 73 2835 21.597 0
