1024 5196 16 1215 6.48895 0
1024 10392 14 1212 5.60705 0
1024 15588 19 1560 7.83409 0
1024 20784 19 1408 7.75293 0
1024 25980 18 1387 6.80462 0
1024 31176 16 1087 6.64486 0
196 32138 1 290 0.915902 0
196 33100 1 232 0.65252 0
196 34062 1 234 0.631989 0
196 35024 1 200 0.560128 0
196 35986 1 205 0.534784 0
196 36948 1 199 0.521952 0
400 38948 3 418 1.49111 0
400 40948 4 545 1.89853 0
400 42948 5 544 2.18694 0
400 44948 3 433 1.65793 0
400 46948 3 444 1.62873 0
400 48948 3 447 1.44523 0
576 51846 6 633 2.70664 0
576 54744 5 587 1.97488 0
576 57642 5 588 2.58249 0
576 60540 7 813 3.26741 0
576 63438 6 609 2.86384 0
576 66336 5 601 2.23313 0
784 70300 11 954 5.18872 0
784 74264 13 1291 5.83322 0
784 78228 12 1059 5.30485 0
784 82192 17 1425 6.97016 0
784 86156 10 797 4.42007 0
784 90120 10 988 4.20738 0
1089 95664 16 1127 6.79628 0
1089 101208 21 1531 8.86003 0
1089 106752 19 1244 8.17479 0
1089 112296 16 1179 6.93423 0
1089 117840 19 1367 8.09459 0
1089 123384 17 1295 6.39431 0
1225 129584 19 1269 7.58611 0
1225 135784 27 1488 12.0158 0
1225 141984 20 1480 6.99679 0
1225 148184 25 1571 10.9222 0
1225 154384 37 2110 14.6567 0
1225 160584 22 1555 8.79587 0
1296 167184 24 1526 9.37877 0
1296 173784 22 1329 8.92676 0
1296 180384 22 1306 9.38968 0
1296 186984 35 1968 14.6179 0
1296 193584 23 1569 9.03647 0
1296 200184 24 1456 9.49844 0
1369 207192 25 1614 9.86319 0
1369 214200 27 1519 11.8605 0
1369 221208 34 1850 14.0029 0
1369 228216 25 1620 10.0274 0
1369 235224 26 1546 10.8901 0
1369 242232 29 2018 11.0033 0
1521 249960 31 1808 12.873 0
1521 257688 28 1601 10.439 0
1521 265416 33 2000 12.6757 0
1521 273144 33 1878 13.2352 0
1521 280872 32 1600 13.8896 0
1521 288600 36 1738 15.4587 0
1600 296760 35 1717 14.9085 0
1600 304920 36 1613 16.6826 0
1600 313080 46 2209 19.5939 0
1600 321240 45 2362 18.9016 0
1600 329400 43 2336 15.8456 0
1600 337560 36 1885 14.2066 0
1681 346160 38 1715 15.9332 0
1681 354760 54 2130 24.661 0
1681 363360 38 1846 15.7317 0
1681 371960 39 2213 13.8412 0
1681 380560 40 2017 15.6297 0
1681 389160 39 2230 13.6317 0
1764 398208 52 2710 20.4296 0
1764 407256 54 2909 21.4815 0
1764 416304 49 2444 17.815 0
1764 425352 43 2395 16.817 0
1764 434400 50 2085 22.0314 0
1764 443448 38 1829 15.1568 0
1936 453296 50 2514 17.3547 0
1936 463144 54 2380 20.9143 0
1936 472992 54 2366 22.2428 0
1936 482840 56 2680 19.5817 0
1936 492688 56 2600 20.5701 0
1936 502536 70 3335 26.0585 0
2025 512856 93 3472 39.3373 0
2025 523176 83 3044 37.7583 0
2025 533496 49 2246 17.6245 0
2025 543816 57 2141 24.3386 0
2025 554136 52 2164 20.8746 0
2025 564456 49 2272 17.8224 0
2116 575256 61 2389 25.7139 0
2116 586056 53 2339 20.1746 0
2116 596856 61 2681 21.7484 0
2116 607656 90 3202 37.2604 0
2116 618456 63 2689 21.8062 0
2116 629256 64 2487 24.8744 0
2209 640544 64 2771 24.535 0
2209 651832 82 3103 31.2334 0
2209 663120 65 2507 26.1743 0
2209 674408 80 3253 31.696 0
2209 685696 84 3294 31.2982 0
2209 696984 65 2460 25.8483 0
2304 708768 89 2949 34.8376 0
2304 720552 75 2878 29.4962 0
2304 732336 71 2560 29.475 0
2304 744120 127 3650 60.4101 0
2304 755904 69 2543 27.6442 0
2304 767688 107 3125 50.3316 0
2401 779976 98 3921 37.8965 0
2401 792264 93 2924 39.9025 0
2401 804552 76 2795 29.9758 0
2401 816840 74 2690 29.8356 0
2401 829128 107 3639 44.1831 0
2401 841416 74 3106 30.0313 0
2500 854216 116 4047 39.7139 0
2500 867016 96 3912 34.5358 0
2500 879816 95 2927 39.575 0
2500 892616 90 3243 33.0986 0
2500 905416 134 4207 56.3374 0
2500 918216 78 2673 30.6755 0
2601 931536 86 2835 34.2448 0
2601 944856 90 3069 33.4649 0
2601 958176 96 2932 40.8136 0
2601 971496 104 3412 42.1963 0
2601 984816 85 2669 33.7434 0
2601 998136 125 4218 44.4731 0
2704 1011984 97 3090 38.6459 0
2704 1025832 95 3005 36.537 0
2704 1039680 96 3209 35.5983 0
2704 1053528 186 4806 90.3064 0
2704 1067376 90 2822 35.7183 0
2704 1081224 124 4544 47.974 0
