1024 4376 39 3288 11.7377 0
1024 8752 12 1128 3.84711 0
1024 13128 19 1776 6.08826 0
1024 17504 13 1146 4.10055 0
1024 21880 39 2734 13.5063 0
1024 26256 29 2625 8.1626 0
196 27062 1 248 0.507195 0
196 27868 1 220 0.546975 0
196 28674 1 275 0.709624 0
196 29480 1 207 0.384647 0
196 30286 1 209 0.621723 0
196 31092 1 208 0.460357 0
400 32772 3 512 1.59697 0
400 34452 3 481 1.25403 0
400 36132 3 424 1.27103 0
400 37812 7 1094 2.83272 0
400 39492 2 475 1.01664 0
400 41172 3 574 1.44972 0
576 43610 11 1336 3.99789 0
576 46048 7 957 2.74193 0
576 48486 8 1001 2.94596 0
576 50924 5 629 2.07337 0
576 53362 6 772 2.69253 0
576 55800 13 1562 4.31517 0
784 59136 15 1722 5.2131 0
784 62472 9 975 3.48717 0
784 65808 19 2034 5.89738 0
784 69144 12 1301 4.09509 0
784 72480 17 1773 5.32025 0
784 75816 10 1002 3.4692 0
1089 80480 20 1486 7.29514 0
1089 85144 17 1391 5.011 0
1089 89808 37 2909 11.8358 0
1089 94472 19 1533 6.42319 0
1089 99136 24 1849 8.04582 0
1089 103800 26 2177 7.96658 0
1225 109040 35 2368 11.7293 0
1225 114280 28 2186 9.21035 0
1225 119520 29 2136 9.83945 0
1225 124760 39 3239 9.89591 0
1225 130000 52 3479 16.8346 0
1225 135240 21 1633 6.2708 0
1296 140800 20 1740 5.37415 0
1296 146360 34 2704 9.46218 0
1296 151920 19 1401 6.52777 0
1296 157480 24 1957 7.40389 0
1296 163040 34 2193 12.9426 0
1296 168600 24 1885 6.74303 0
1369 174488 29 2183 9.00343 0
1369 180376 42 3267 11.7136 0
1369 186264 19 1389 5.86947 0
1369 192152 27 1721 9.3005 0
1369 198040 34 1991 11.6863 0
1369 203928 52 3899 12.9731 0
1521 210456 23 1613 6.24129 0
1521 216984 40 2214 12.8775 0
1521 223512 42 2711 11.7585 0
1521 230040 25 1850 6.23744 0
1521 236568 39 2162 12.9782 0
1521 243096 35 2185 11.4595 0
1600 249976 51 3360 11.6911 0
1600 256856 71 4519 17.7085 0
1600 263736 63 3383 21.1222 0
1600 270616 75 5084 15.9803 0
1600 277496 35 2067 10.3867 0
1600 284376 99 6158 24.8458 0
1681 291616 86 5042 22.8501 0
1681 298856 61 3150 20.1547 0
1681 306096 68 3176 24.3582 0
1681 313336 30 1900 8.55462 0
1681 320576 42 2415 11.6135 0
1681 327816 58 2899 18.7986 0
1764 335424 52 2990 15.8828 0
1764 343032 69 2964 25.7383 0
1764 350640 51 2780 16.5405 0
1764 358248 77 4308 21.8216 0
1764 365856 75 4709 15.1796 0
1764 373464 41 2410 11.6145 0
1936 381792 92 5327 17.5998 0
1936 390120 180 8062 51.7791 0
1936 398448 44 2665 12.2939 0
1936 406776 115 7004 21.725 0
1936 415104 90 4130 29.8854 0
1936 423432 100 4666 28.9727 0
2025 432152 116 6096 27.3606 0
2025 440872 80 3365 28.3471 0
2025 449592 597 17565 243.672 0
2025 458312 54 2760 14.3734 0
2025 467032 76 3919 19.8117 0
2025 475752 71 3357 21.102 0
2116 484872 122 4615 45.4137 0
2116 493992 127 6754 26.856 0
2116 503112 151 6945 42.8909 0
2116 512232 99 3852 37.1086 0
2116 521352 126 5051 40.8345 0
2116 530472 64 3108 18.0758 0
2209 540000 168 5588 68.5393 0
2209 549528 165 5287 68.2878 0
2209 559056 138 6954 36.7769 0
2209 568584 148 8034 27.7161 0
2209 578112 253 8230 86.9199 0
2209 587640 65 2746 20.1296 0
2304 597584 68 3167 15.4731 0
2304 607528 67 2855 20.3378 0
2304 617472 88 4560 21.69 0
2304 627416 132 6126 33.9984 0
2304 637360 76 3207 24.9405 0
2304 647304 108 5469 20.8611 0
2401 657672 164 5245 58.8279 0
2401 668040 165 5782 54.0158 0
2401 678408 300 10401 85.6819 0
2401 688776 201 6013 81.8996 0
2401 699144 66 2817 19.848 0
2401 709512 140 7069 24.0015 0
2500 720312 346 11073 105.684 0
2500 731112 86 3385 24.0791 0
2500 741912 88 3422 27.5053 0
2500 752712 262 10154 73.805 0
2500 763512 192 6252 60.8451 0
2500 774312 161 7018 28.2059 0
2601 785552 64 2741 16.4792 0
2601 796792 104 4316 27.1742 0
2601 808032 119 5412 24.7281 0
2601 819272 121 4361 37.8744 0
2601 830512 374 10383 147.591 0
2601 841752 83 3418 21.982 0
2704 853440 174 5883 57.1748 0
2704 865128 173 6996 39.3892 0
2704 876816 116 4956 27.3414 0
2704 888504 222 8919 50.8709 0
2704 900192 143 5870 37.218 0
2704 911880 354 11119 108.744 0
