1000 5400 31 2479 9.61778 0
1000 10800 20 1534 6.19285 0
1000 16200 28 2178 8.57644 0
1000 21600 25 1963 7.85591 0
1000 27000 16 1242 4.75884 0
1000 32400 42 3238 12.6699 0
216 33480 2 315 1.01471 0
216 34560 1 264 0.781484 0
216 35640 1 224 0.538634 0
216 36720 7 981 3.52791 0
216 37800 1 222 0.511365 0
216 38880 1 286 0.841475 0
343 40644 3 443 1.31916 0
343 42408 2 351 1.11705 0
343 44172 16 1676 7.31278 0
343 45936 2 373 1.08946 0
343 47700 4 570 1.49752 0
343 49464 3 491 1.45486 0
512 52152 5 550 1.94248 0
512 54840 11 1297 3.92956 0
512 57528 13 1314 5.78414 0
512 60216 4 555 1.74134 0
512 62904 13 1353 5.35522 0
512 65592 4 547 1.84496 0
729 69480 39 3260 15.2133 0
729 73368 33 2947 12.2307 0
729 77256 11 956 3.93758 0
729 81144 12 1164 4.00142 0
729 85032 13 1261 4.65747 0
729 88920 14 1337 4.60935 0
1000 94320 14 1031 4.45985 0
1000 99720 22 1730 6.36191 0
1000 105120 49 3890 14.6118 0
1000 110520 397 27611 124.306 0
1000 115920 16 1320 4.71329 0
1000 121320 16 1253 4.95485 0
1000 126720 13 1031 4.1708 0
1000 132120 23 1730 6.89637 0
1000 137520 50 3890 14.6541 0
1000 142920 395 27611 123.807 0
1000 148320 16 1320 4.75275 0
1000 153720 16 1253 5.05655 0
1000 159120 13 1031 4.11017 0
1000 164520 22 1730 6.43666 0
1000 169920 50 3890 14.7269 0
1000 175320 391 27611 122.25 0
1000 180720 16 1320 4.87529 0
1000 186120 16 1253 5.22882 0
1331 193380 61 3990 17.781 0
1331 200640 67 4426 18.6613 0
1331 207900 59 3904 16.0037 0
1331 215160 24 1623 6.83029 0
1331 222420 100 6419 25.8146 0
1331 229680 342 20740 88.3074 0
1331 236940 60 3990 17.4721 0
1331 244200 68 4426 18.4432 0
1331 251460 59 3904 15.7519 0
1331 258720 24 1623 6.94578 0
1331 265980 100 6419 25.8114 0
1331 273240 342 20740 88.2628 0
1331 280500 62 3990 17.867 0
1331 287760 67 4426 18.2571 0
1331 295020 59 3904 15.6999 0
1331 302280 25 1623 7.12768 0
1331 309540 100 6419 25.3954 0
1331 316800 341 20740 88.3773 0
1331 324060 62 3990 17.8959 0
1331 331320 67 4426 18.1618 0
1331 338580 271 14924 86.7624 0
1331 345840 25 1623 7.12158 0
1331 353100 101 6419 25.8509 0
1331 360360 341 20740 88.2625 0
1728 369864 33 1824 8.23863 0
1728 379368 38 2080 10.4249 0
1728 388872 31 1769 7.87066 0
1728 398376 86 4871 22.7814 0
1728 407880 89 4467 23.6139 0
1728 417384 249 12889 59.8545 0
1728 426888 32 1824 8.10485 0
1728 436392 223 12089 51.6688 0
1728 445896 32 1769 8.31049 0
1728 455400 86 4871 22.4953 0
1728 464904 88 4467 23.3181 0
1728 474408 249 12889 59.7053 0
1728 483912 32 1824 7.96915 0
1728 493416 222 12089 51.3095 0
1728 502920 32 1769 8.06219 0
1728 512424 87 4871 22.9543 0
1728 521928 89 4467 23.8632 0
1728 531432 247 12889 58.8529 0
1728 540936 45 2512 10.6559 0
1728 550440 223 12089 51.5603 0
1728 559944 32 1769 7.83377 0
1728 569448 87 4871 22.92 0
1728 578952 87 4467 23.1369 0
1728 588456 144 7858 31.6585 0
2197 600624 122 5486 27.1431 0
2197 612792 92 4139 22.1183 0
2197 624960 258 11328 60.2593 0
2197 637128 54 2583 13.1454 0
2197 649296 7733 302864 2121.76 0
2197 661464 841 36611 197.573 0
2197 673632 121 5486 26.8791 0
2197 685800 91 4139 22.0894 0
2197 697968 257 11328 60.4175 0
2197 710136 105 4857 23.1789 0
2197 722304 7749 302864 2131.56 0
2197 734472 838 36611 197.114 0
2197 746640 120 5486 26.625 0
2197 758808 93 4139 22.5735 0
2197 770976 2096 84083 528.998 0
2197 783144 107 4857 23.7701 0
2197 795312 7730 302864 2125.6 0
2197 807480 840 36611 196.868 0
2197 819648 120 5486 26.2612 0
2197 831816 54 2458 13.3609 0
2197 843984 2123 84083 539.266 0
2197 856152 108 4857 24.6283 0
2197 868320 7835 302864 2165.2 0
2197 880488 842 36611 197.905 0
2197 892656 106 4903 24.0053 0
2197 904824 54 2458 13.0988 0
2197 916992 2095 84083 527.23 0
2197 929160 107 4857 23.6649 0
2197 941328 7735 302864 2124.25 0
2197 953496 105 5038 25.7203 0
2197 965664 106 4903 23.7426 0
2197 977832 55 2458 13.557 0
2197 990000 2093 84083 528.094 0
2197 1002168 105 4857 23.1905 0
2197 1014336 208 10398 42.6647 0
2197 1026504 104 5038 25.2484 0
