1000 6600 24 1015 13.9605 0
1000 13200 23 1017 13.104 0
1000 19800 24 1097 13.7963 0
1000 26400 25 1053 14.5258 0
1000 33000 26 1346 14.4222 0
1000 39600 24 1045 13.9679 0
216 40938 1 244 0.877085 0
216 42276 1 231 0.978459 0
216 43614 1 231 0.88735 0
216 44952 2 227 1.26077 0
216 46290 1 224 0.873877 0
216 47628 1 237 0.931301 0
343 49802 4 359 2.30981 0
343 51976 4 399 2.39963 0
343 54150 4 360 2.4994 0
343 56324 3 403 2.00151 0
343 58498 4 433 2.60142 0
343 60672 3 373 2.11604 0
512 63974 6 521 3.12594 0
512 67276 9 634 5.0758 0
512 70578 6 563 3.37681 0
512 73880 7 561 3.89812 0
512 77182 8 624 4.64463 0
512 80484 8 648 4.5346 0
729 85246 15 920 8.71631 0
729 90008 13 747 7.39587 0
729 94770 12 829 6.81489 0
729 99532 13 797 7.48858 0
729 104294 15 966 8.02754 0
729 109056 15 798 9.10449 0
1000 115776 26 1109 14.8081 0
1000 122496 26 1103 15.8356 0
1000 129216 26 1162 15.0346 0
1000 135936 27 1076 16.1664 0
1000 142656 28 1248 17.0971 0
1000 149376 26 1147 14.9906 0
1000 156216 28 1125 17.2825 0
1000 163056 26 1089 15.2165 0
1000 169896 27 1003 16.279 0
1000 176736 31 1336 18.6584 0
1000 183576 27 1103 16.0788 0
1000 190416 25 1354 13.8091 0
1000 197376 27 1160 16.6242 0
1000 204336 29 1079 17.7967 0
1000 211296 30 1169 18.421 0
1000 218256 28 1025 17.4673 0
1000 225216 26 1119 15.2569 0
1000 232176 29 1112 17.7926 0
1331 241116 47 1729 27.4078 0
1331 250056 38 1339 21.8431 0
1331 258996 43 1529 24.5866 0
1331 267936 46 1818 26.5904 0
1331 276876 48 1755 27.1489 0
1331 285816 42 1410 24.9183 0
1331 294876 49 1415 30.4663 0
1331 303936 49 1623 29.1064 0
1331 312996 44 1641 25.166 0
1331 322056 45 1514 27.2137 0
1331 331116 46 1353 28.3115 0
1331 340176 45 1552 26.447 0
1331 349356 46 1811 26.105 0
1331 358536 46 1740 26.9227 0
1331 367716 46 1340 28.6063 0
1331 376896 51 1748 30.0207 0
1331 386076 48 1477 29.4494 0
1331 395256 44 1405 25.9362 0
1331 404556 44 1389 26.7806 0
1331 413856 48 1709 28.4491 0
1331 423156 46 1496 27.444 0
1331 432456 51 1713 30.688 0
1331 441756 51 1780 29.9553 0
1331 451056 48 1532 29.1206 0
1728 462720 72 2401 41.189 0
1728 474384 76 2386 42.6782 0
1728 486048 70 1734 42.008 0
1728 497712 69 1998 40.5024 0
1728 509376 79 2301 46.8098 0
1728 521040 73 1760 43.8055 0
1728 532824 66 1783 39.0598 0
1728 544608 80 2216 47.3828 0
1728 556392 79 2248 46.4916 0
1728 568176 85 2682 48.7273 0
1728 579960 73 2337 40.8669 0
1728 591744 72 1981 42.0696 0
1728 603648 77 2226 45.3303 0
1728 615552 82 2230 49.6239 0
1728 627456 76 2468 42.6393 0
1728 639360 76 2267 44.5947 0
1728 651264 72 1743 43.3403 0
1728 663168 73 1753 44.1324 0
1728 675192 76 1925 45.543 0
1728 687216 77 1907 46.4547 0
1728 699240 75 1809 45.2911 0
1728 711264 77 1853 46.9734 0
1728 723288 76 2195 43.4532 0
1728 735312 78 1935 47.009 0
2197 750120 113 2488 65.5215 0
2197 764928 120 2593 71.3117 0
2197 779736 119 2606 71.0875 0
2197 794544 132 2924 76.5312 0
2197 809352 115 2984 63.8126 0
2197 824160 127 2978 74.6703 0
2197 839088 106 2201 62.1781 0
2197 854016 169 3604 93.8243 0
2197 868944 124 2581 74.3363 0
2197 883872 111 2440 64.511 0
2197 898800 118 2385 71.4516 0
2197 913728 122 3252 66.8304 0
2197 928776 111 2422 65.7005 0
2197 943824 114 2206 69.2871 0
2197 958872 130 3177 73.1827 0
2197 973920 129 2766 76.768 0
2197 988968 119 2968 68.7138 0
2197 1004016 116 2591 66.9385 0
2197 1019184 123 2262 76.5832 0
2197 1034352 123 3131 69.3077 0
2197 1049520 119 2360 71.5013 0
2197 1064688 121 2682 71.3169 0
2197 1079856 118 2441 70.3471 0
2197 1095024 122 2252 74.4486 0
2197 1110312 131 3288 75.5563 0
2197 1125600 113 2282 68.079 0
2197 1140888 129 2996 76.178 0
2197 1156176 128 2462 79.3726 0
2197 1171464 120 2458 72.4692 0
2197 1186752 126 2504 76.955 0
2197 1202160 132 2781 77.5684 0
2197 1217568 126 2503 77.5065 0
2197 1232976 120 2356 72.8571 0
2197 1248384 127 2756 76.5499 0
2197 1263792 132 2814 78.8411 0
2197 1279200 141 2857 83.9194 0
