1000 5800 16 1467 6.1659 0
1000 11600 41 3334 14.7369 0
1000 17400 14 1095 5.95096 0
1000 23200 34 2362 14.2865 0
1000 29000 14 1024 5.58139 0
1000 34800 15 1077 7.10233 0
216 35966 1 310 0.830568 0
216 37132 1 258 0.740421 0
216 38298 2 328 1.08016 0
216 39464 1 247 0.813565 0
216 40630 2 353 0.991292 0
216 41796 1 259 0.730797 0
343 43696 2 396 1.15651 0
343 45596 2 374 1.25692 0
343 47496 2 375 1.08433 0
343 49396 4 575 1.93286 0
343 51296 2 356 1.15939 0
343 53196 3 396 1.39711 0
512 56088 6 803 2.33322 0
512 58980 4 560 1.89051 0
512 61872 7 707 3.18529 0
512 64764 10 1143 4.25774 0
512 67656 6 625 2.84876 0
512 70548 5 563 2.06407 0
729 74726 12 1137 5.09505 0
729 78904 15 1318 6.86429 0
729 83082 10 1126 3.98185 0
729 87260 9 839 4.08836 0
729 91438 10 1002 4.10472 0
729 95616 10 1022 4.31068 0
1000 101456 13 1028 4.93272 0
1000 107296 15 1145 5.51242 0
1000 113136 15 1356 5.45082 0
1000 118976 13 1016 4.9154 0
1000 124816 14 1053 5.74532 0
1000 130656 17 1465 5.78446 0
1000 136536 19 1271 9.00985 0
1000 142416 13 1012 5.54386 0
1000 148296 16 1240 6.10302 0
1000 154176 15 1171 5.89065 0
1000 160056 23 1466 10.4637 0
1000 165936 20 1393 8.12699 0
1000 171856 23 1573 10.9937 0
1000 177776 21 1721 8.20302 0
1000 183696 17 1329 7.25985 0
1000 189616 13 1096 4.34404 0
1000 195536 12 1023 3.93726 0
1000 201456 27 1826 11.6039 0
1331 209276 25 1383 11.1599 0
1331 217096 26 1532 11.2443 0
1331 224916 24 1438 9.98061 0
1331 232736 23 1579 7.46516 0
1331 240556 41 2071 18.7024 0
1331 248376 43 2590 16.169 0
1331 256236 23 1380 9.15742 0
1331 264096 29 1828 10.8016 0
1331 271956 43 2426 17.0409 0
1331 279816 37 1868 16.5562 0
1331 287676 25 1447 10.4246 0
1331 295536 26 1613 10.1744 0
1331 303436 29 1456 13.957 0
1331 311336 79 3845 33.3728 0
1331 319236 23 1359 8.9659 0
1331 327136 23 1619 7.99834 0
1331 335036 48 3199 17.2215 0
1331 342936 33 1631 16.7878 0
1331 350876 26 1441 11.4746 0
1331 358816 22 1780 7.96017 0
1331 366756 26 1384 12.0934 0
1331 374696 34 2095 14.1719 0
1331 382636 25 1704 9.34509 0
1331 390576 34 1575 17.0063 0
1728 400800 44 2643 12.5102 0
1728 411024 34 2064 9.59051 0
1728 421248 60 3108 21.8296 0
1728 431472 81 3279 32.7665 0
1728 441696 50 2088 21.4866 0
1728 451920 54 2750 19.5872 0
1728 462184 30 1738 9.14651 0
1728 472448 50 2736 17.413 0
1728 482712 36 2067 12.0476 0
1728 492976 47 2333 17.1083 0
1728 503240 38 2126 12.001 0
1728 513504 44 1839 19.3966 0
1728 523808 42 1743 18.7543 0
1728 534112 42 2530 12.7973 0
1728 544416 67 2407 32.5994 0
1728 554720 38 2413 14.5486 0
1728 565024 58 2782 23.3595 0
1728 575328 48 2445 17.6684 0
1728 585672 73 4308 23.3111 0
1728 596016 35 1974 11.3424 0
1728 606360 56 2097 25.7357 0
1728 616704 43 2202 16.9119 0
1728 627048 43 2652 16.9222 0
1728 637392 74 4262 24.8253 0
2197 650440 64 2294 27.0244 0
2197 663488 57 2412 20.2214 0
2197 676536 128 6280 34.7132 0
2197 689584 76 4087 21.086 0
2197 702632 72 2552 31.5 0
2197 715680 165 5865 57.8658 0
2197 728768 103 4187 39.4069 0
2197 741856 52 3244 16.1401 0
2197 754944 75 2332 35.6355 0
2197 768032 85 2368 43.4112 0
2197 781120 82 2654 38.8208 0
2197 794208 128 6273 41.1383 0
2197 807336 70 3417 26.0748 0
2197 820464 68 3442 18.1217 0
2197 833592 67 2649 26.0135 0
2197 846720 70 3397 22.7112 0
2197 859848 67 3199 21.6884 0
2197 872976 68 2790 24.26 0
2197 886144 64 2309 26.6128 0
2197 899312 67 2632 27.1495 0
2197 912480 81 2927 36.1286 0
2197 925648 100 4730 32.6546 0
2197 938816 61 2762 21.2958 0
2197 951984 72 2374 33.0886 0
2197 965192 63 2310 25.7826 0
2197 978400 72 2930 27.939 0
2197 991608 91 3622 36.2662 0
2197 1004816 109 3612 44.6688 0
2197 1018024 60 2236 24.6784 0
2197 1031232 108 4201 41.2522 0
2197 1044480 77 2910 31.4069 0
2197 1057728 60 2738 21.0125 0
2197 1070976 69 2340 30.8924 0
2197 1084224 70 2715 27.3 0
2197 1097472 70 2778 28.0228 0
2197 1110720 70 2782 28.1613 0
