1000 6200 18 1012 8.79459 0
1000 12400 22 1298 11.3941 0
1000 18600 21 1016 11.3694 0
1000 24800 21 1176 10.8118 0
1000 31000 22 1071 12.3125 0
1000 37200 15 1086 6.60508 0
216 38452 1 306 0.891842 0
216 39704 1 247 0.873235 0
216 40956 2 270 0.955682 0
216 42208 1 266 0.921035 0
216 43460 1 250 0.727268 0
216 44712 2 282 1.21586 0
343 46750 3 386 1.71599 0
343 48788 3 345 1.58927 0
343 50826 3 344 1.72498 0
343 52864 3 409 1.64028 0
343 54902 3 457 1.5835 0
343 56940 2 357 1.17158 0
512 60036 4 517 1.84688 0
512 63132 7 564 3.54266 0
512 66228 6 681 3.08648 0
512 69324 7 872 3.41242 0
512 72420 5 516 2.14555 0
512 75516 8 817 3.85834 0
729 79986 12 781 6.89605 0
729 84456 10 900 4.94748 0
729 88926 11 786 5.5044 0
729 93396 13 738 7.2499 0
729 97866 16 1070 8.6252 0
729 102336 12 894 6.60476 0
1000 108616 23 1118 12.9022 0
1000 114896 25 1522 12.5249 0
1000 121176 21 1059 10.9305 0
1000 127456 22 1217 11.5818 0
1000 133736 24 1164 13.7655 0
1000 140016 23 1112 13.2865 0
1000 146376 25 1301 13.1749 0
1000 152736 26 1598 12.9433 0
1000 159096 23 1132 13.1592 0
1000 165456 19 1104 9.85966 0
1000 171816 22 1193 11.8419 0
1000 178176 25 1182 14.3532 0
1000 184616 25 1239 13.8441 0
1000 191056 24 1007 14.5354 0
1000 197496 27 1177 15.7522 0
1000 203936 27 1030 16.5433 0
1000 210376 24 1014 14.4283 0
1000 216816 28 1175 16.7804 0
1331 225196 34 1406 17.2918 0
1331 233576 34 1372 18.047 0
1331 241956 53 2584 26.0944 0
1331 250336 40 1862 20.7725 0
1331 258716 50 2422 23.9973 0
1331 267096 39 1699 21.2268 0
1331 275556 35 1366 19.1473 0
1331 284016 42 1756 22.74 0
1331 292476 45 2311 20.3863 0
1331 300936 35 1509 18.4951 0
1331 309396 40 1731 20.9827 0
1331 317856 33 1601 17.1773 0
1331 326396 39 1776 20.9471 0
1331 334936 52 2238 26.4617 0
1331 343476 38 1619 20.7443 0
1331 352016 39 1608 21.1113 0
1331 360556 42 1558 23.8959 0
1331 369096 40 1512 22.2405 0
1331 377716 38 1711 20.1325 0
1331 386336 45 1592 26.5852 0
1331 394956 35 1475 18.5105 0
1331 403576 41 1580 22.9986 0
1331 412196 42 1721 22.2037 0
1331 420816 40 1510 22.6271 0
1728 431760 78 3087 37.7073 0
1728 442704 62 1742 34.7558 0
1728 453648 58 2365 30.5045 0
1728 464592 66 2070 36.0269 0
1728 475536 66 2425 34.3895 0
1728 486480 60 2192 31.2751 0
1728 497504 66 2366 35.2711 0
1728 508528 65 2057 35.3461 0
1728 519552 53 1760 28.161 0
1728 530576 66 1921 36.2489 0
1728 541600 54 2040 26.4691 0
1728 552624 58 1939 30.2591 0
1728 563728 55 1991 28.1302 0
1728 574832 63 2290 32.7948 0
1728 585936 74 2407 41.2201 0
1728 597040 60 1756 33.2089 0
1728 608144 65 1804 37.2344 0
1728 619248 67 2189 34.8553 0
1728 630432 57 1926 30.4108 0
1728 641616 58 1761 32.4441 0
1728 652800 64 2064 35.0439 0
1728 663984 54 2158 27.1168 0
1728 675168 67 2119 37.303 0
1728 686352 69 1970 39.9824 0
2197 700280 120 3711 56.4892 0
2197 714208 124 3706 59.2379 0
2197 728136 87 2267 46.234 0
2197 742064 93 2806 46.5035 0
2197 755992 88 2615 45.858 0
2197 769920 82 2489 40.6734 0
2197 783928 100 2820 53.1993 0
2197 797936 92 2393 49.4677 0
2197 811944 76 2231 37.6521 0
2197 825952 88 2554 43.6127 0
2197 839960 96 2412 51.4586 0
2197 853968 79 2246 40.2702 0
2197 868056 109 2456 62.6015 0
2197 882144 120 3426 62.7491 0
2197 896232 115 3277 60.1602 0
2197 910320 100 3085 49.6092 0
2197 924408 97 2508 53.2564 0
2197 938496 122 3439 63.5848 0
2197 952664 104 2793 56.9136 0
2197 966832 122 3236 64.6922 0
2197 981000 82 2210 42.8065 0
2197 995168 96 2485 52.8211 0
2197 1009336 83 2251 43.4032 0
2197 1023504 92 2367 50.0246 0
2197 1037752 98 2537 54.2824 0
2197 1052000 93 2205 50.8391 0
2197 1066248 120 3816 59.9722 0
2197 1080496 100 2485 54.8659 0
2197 1094744 108 2551 58.9315 0
2197 1108992 106 2276 61.4197 0
2197 1123320 110 2713 61.0876 0
2197 1137648 110 2450 62.5932 0
2197 1151976 90 2512 47.7687 0
2197 1166304 121 3720 63.1857 0
2197 1180632 106 3058 56.4189 0
2197 1194960 98 2280 55.1842 0
