1296 7200 41 2743 12.0347 0
1296 14400 21 1543 5.48194 0
1296 21600 33 2253 8.26205 0
1296 28800 23 1651 6.20632 0
1296 36000 32 1996 7.97204 0
1296 43200 25 1811 6.89253 0
256 44544 1 303 0.755178 0
256 45888 1 269 0.816773 0
256 47232 2 328 1.05994 0
256 48576 1 289 0.788863 0
256 49920 1 299 0.809394 0
256 51264 2 309 0.984876 0
625 54664 7 826 2.75765 0
625 58064 6 706 2.3884 0
625 61464 7 790 2.45385 0
625 64864 7 709 2.63575 0
625 68264 7 699 2.4115 0
625 71664 7 792 2.52378 0
625 74664 6 796 2.13432 0
625 77664 7 763 2.14684 0
625 80664 6 780 1.89147 0
625 83664 7 848 2.40444 0
625 86664 6 696 1.92965 0
625 89664 7 878 2.5533 0
625 92664 7 796 2.45577 0
625 95664 6 763 2.1324 0
625 98664 6 780 1.88955 0
625 101664 7 848 2.43845 0
625 104664 5 696 1.70765 0
625 107664 8 878 2.68579 0
1296 114144 21 1536 4.81787 0
1296 120624 22 1681 5.20188 0
1296 127104 19 1457 4.3681 0
1296 133584 30 2204 6.8505 0
1296 140064 18 1437 4.1785 0
1296 146544 28 1987 6.36897 0
1296 153024 20 1536 4.47878 0
1296 159504 22 1681 5.09569 0
1296 165984 20 1457 4.66773 0
1296 172464 30 2204 6.79821 0
1296 178944 19 1437 4.4961 0
1296 185424 28 1987 6.58712 0
1296 191904 43 3030 10.8705 0
1296 198384 22 1681 5.03089 0
1296 204864 19 1457 4.29143 0
1296 211344 31 2204 7.19569 0
1296 217824 18 1437 4.22534 0
1296 224304 27 1987 6.01672 0
1296 230784 43 3030 10.9109 0
1296 237264 22 1681 4.87497 0
1296 243744 20 1457 4.58593 0
1296 250224 31 2204 7.33075 0
1296 256704 19 1437 4.29528 0
1296 263184 28 1987 6.28267 0
1296 269664 42 3030 10.7688 0
1296 276144 22 1681 5.20123 0
1296 282624 19 1457 4.24555 0
1296 289104 31 2204 6.8027 0
1296 295584 19 1437 4.55449 0
1296 302064 33 2344 7.86713 0
1296 308544 43 3030 10.9263 0
1296 315024 22 1681 4.85123 0
1296 321504 19 1457 4.45087 0
1296 327984 30 2204 7.06801 0
1296 334464 18 1437 4.19422 0
1296 340944 34 2344 7.88831 0
1296 347424 43 3030 10.9308 0
1296 353904 23 1681 5.35105 0
1296 360384 19 1457 4.25101 0
1296 366864 31 2021 7.10458 0
1296 373344 19 1437 4.56636 0
1296 379824 33 2344 7.55595 0
1296 386304 43 3030 10.807 0
1296 392784 22 1681 5.03121 0
1296 399264 20 1457 4.70046 0
1296 405744 30 2021 6.85531 0
1296 412224 19 1437 4.47589 0
1296 418704 34 2344 7.96851 0
1296 425184 44 3030 11.6074 0
1296 431664 42 2629 9.5735 0
1296 438144 19 1457 4.34147 0
1296 444624 30 2021 6.71801 0
1296 451104 19 1437 4.62988 0
1296 457584 33 2344 7.54184 0
1296 464064 43 3030 10.8314 0
1296 470544 41 2629 9.25045 0
1296 477024 19 1457 4.27827 0
1296 483504 31 2021 7.05934 0
1296 489984 18 1437 4.23849 0
1296 496464 33 2344 7.78661 0
1296 502944 43 3030 10.9135 0
1296 509424 42 2629 9.69958 0
1296 515904 19 1457 4.27122 0
1296 522384 30 2021 6.94385 0
1296 528864 18 1437 4.24587 0
1296 535344 33 2344 7.68428 0
1296 541824 43 3030 10.8757 0
1296 548304 41 2629 9.2049 0
1296 554784 19 1457 4.22919 0
1296 561264 30 2021 6.889 0
1296 567744 19 1437 4.51503 0
1296 574224 33 2344 7.61755 0
2401 586572 69 3112 11.7017 0
2401 598920 128 5220 17.4939 0
2401 611268 136 5354 22.4388 0
2401 623616 65 3008 10.6004 0
2401 635964 81 3690 13.4052 0
2401 648312 73 3345 11.635 0
2401 660660 68 3112 10.9106 0
2401 673008 128 5220 17.6832 0
2401 685356 251 9185 39.558 0
2401 697704 65 3008 10.4098 0
2401 710052 80 3690 13.0802 0
2401 722400 73 3345 11.7989 0
2401 734748 75 3402 11.8907 0
2401 747096 129 5220 17.9636 0
2401 759444 249 9185 39.2629 0
2401 771792 64 3008 10.5337 0
2401 784140 79 3690 12.8477 0
2401 796488 86 3863 13.9082 0
