1296 8754 41 1670 22.4699 0
1296 17508 37 1313 20.7465 0
1296 26262 37 1305 21.682 0
1296 35016 37 1399 21.0045 0
1296 43770 41 1319 24.3242 0
1296 52524 36 1534 19.7238 0
256 54174 2 273 1.19693 0
256 55824 2 266 1.21265 0
256 57474 2 267 1.22291 0
256 59124 2 298 1.32204 0
256 60774 2 284 1.36792 0
256 62424 2 284 1.25147 0
625 66574 11 648 6.70229 0
625 70724 10 651 5.44248 0
625 74874 11 632 6.4928 0
625 79024 9 714 4.57021 0
625 83174 10 631 5.72222 0
625 87324 11 713 6.37378 0
625 91644 13 685 7.8758 0
625 95964 12 629 7.34486 0
625 100284 11 751 6.68593 0
625 104604 11 626 6.64165 0
625 108924 12 721 6.9785 0
625 113244 13 632 8.15105 0
625 117684 12 641 7.47447 0
625 122124 12 654 7.07314 0
625 126564 11 635 6.52841 0
625 131004 12 676 7.5829 0
625 135444 13 688 8.03684 0
625 139884 12 714 7.74459 0
1296 147924 31 1455 16.0714 0
1296 155964 33 1385 17.5411 0
1296 164004 30 1340 15.5357 0
1296 172044 34 1620 17.1433 0
1296 180084 35 1546 18.1798 0
1296 188124 31 1547 15.8924 0
1296 196284 32 1390 17.1073 0
1296 204444 36 1521 19.4739 0
1296 212604 38 1746 19.5426 0
1296 220764 30 1333 15.2072 0
1296 228924 37 1653 20.1762 0
1296 237084 34 1506 17.7967 0
1296 245364 39 1526 21.9727 0
1296 253644 36 1575 19.3979 0
1296 261924 36 1462 19.8833 0
1296 270204 33 1301 17.789 0
1296 278484 39 1351 22.8446 0
1296 286764 37 1546 20.3536 0
1296 295164 39 1585 21.1674 0
1296 303564 37 1301 20.7004 0
1296 311964 41 1552 23.4211 0
1296 320364 37 1638 19.4399 0
1296 328764 42 1637 23.6697 0
1296 337164 36 1522 19.4928 0
1296 345684 40 1434 22.887 0
1296 354204 39 1511 21.8822 0
1296 362724 40 1459 23.3881 0
1296 371244 36 1461 20.273 0
1296 379764 39 1312 22.4006 0
1296 388284 36 1329 20.1858 0
1296 396924 42 1574 23.6069 0
1296 405564 44 1500 26.0543 0
1296 414204 42 1652 24.1792 0
1296 422844 39 1377 22.7914 0
1296 431484 42 1623 24.465 0
1296 440124 41 1436 23.9132 0
1296 448884 42 1296 25.8249 0
1296 457644 42 1385 25.5359 0
1296 466404 41 1337 24.7586 0
1296 475164 41 1323 24.4002 0
1296 483924 40 1369 23.8099 0
1296 492684 43 1298 26.0713 0
1296 501564 45 1661 26.3231 0
1296 510444 42 1451 24.5552 0
1296 519324 49 1648 29.6656 0
1296 528204 41 1498 23.4615 0
1296 537084 45 1579 26.9355 0
1296 545964 49 1704 29.3284 0
1296 554964 47 1330 29.7516 0
1296 563964 46 1394 27.6952 0
1296 572964 45 1332 28.0606 0
1296 581964 44 1411 26.5044 0
1296 590964 42 1346 25.3261 0
1296 599964 47 1305 29.6146 0
1296 609084 50 1577 30.5417 0
1296 618204 47 1495 28.2916 0
1296 627324 48 1518 29.3708 0
1296 636444 48 1362 30.3091 0
1296 645564 45 1373 27.7376 0
1296 654684 50 1392 31.1635 0
1296 663924 48 1369 30.1885 0
1296 673164 48 1353 29.9508 0
1296 682404 49 1487 30.4368 0
1296 691644 48 1301 30.1404 0
1296 700884 49 1408 30.5664 0
1296 710124 50 1530 30.9007 0
1296 719484 50 1377 31.5978 0
1296 728844 48 1438 30.1827 0
1296 738204 47 1387 28.87 0
1296 747564 52 1399 33.2538 0
1296 756924 51 1596 31.5074 0
1296 766284 50 1311 31.8747 0
2401 781632 123 3249 63.4574 0
2401 796980 116 2897 63.9499 0
2401 812328 115 2785 63.2014 0
2401 827676 113 2512 62.4049 0
2401 843024 108 2891 55.5454 0
2401 858372 108 2660 58.4577 0
2401 873840 144 3539 74.8307 0
2401 889308 128 3033 70.9409 0
2401 904776 129 2935 70.1087 0
2401 920244 119 2920 64.9553 0
2401 935712 116 2549 63.8312 0
2401 951180 120 2567 67.3793 0
2401 966768 125 3109 68.6593 0
2401 982356 126 2514 70.7423 0
2401 997944 117 2925 62.7911 0
2401 1013532 125 2611 71.6566 0
2401 1029120 117 2719 64.3034 0
2401 1044708 120 2557 67.8823 0
