1296 7718 30 2027 9.37781 0
1296 15436 24 1718 8.93093 0
1296 23154 23 1494 8.30215 0
1296 30872 22 1510 8.07085 0
1296 38590 22 1899 7.0972 0
1296 46308 26 1746 9.7153 0
256 47754 2 315 1.15394 0
256 49200 2 312 0.903712 0
256 50646 1 266 0.891842 0
256 52092 1 271 0.818377 0
256 53538 2 345 1.1873 0
256 54984 1 267 0.858157 0
625 58634 7 744 3.09033 0
625 62284 6 640 2.21517 0
625 65934 6 634 2.77915 0
625 69584 6 655 2.59115 0
625 73234 7 713 3.56833 0
625 76884 6 649 2.59564 0
625 80324 7 841 3.04894 0
625 83764 7 732 3.29853 0
625 87204 6 641 2.30916 0
625 90644 8 994 3.32035 0
625 94084 6 683 2.6582 0
625 97524 7 798 3.24816 0
625 101004 6 697 2.41246 0
625 104484 7 739 2.97323 0
625 107964 8 835 3.94656 0
625 111444 6 667 3.03355 0
625 114924 6 659 2.17154 0
625 118404 7 778 3.22763 0
1296 125404 21 1562 6.7549 0
1296 132404 21 1503 6.08088 0
1296 139404 23 1905 7.47318 0
1296 146404 24 1746 7.66406 0
1296 153404 19 1547 5.4582 0
1296 160404 30 2164 9.11603 0
1296 167444 26 1714 8.69834 0
1296 174484 18 1353 5.96732 0
1296 181524 39 3014 11.2215 0
1296 188564 26 1769 7.96081 0
1296 195604 33 2452 10.8256 0
1296 202644 22 1817 6.7549 0
1296 209724 24 1824 7.35962 0
1296 216804 22 1652 7.44592 0
1296 223884 28 2171 9.25302 0
1296 230964 21 1738 6.79308 0
1296 238044 23 1554 7.07988 0
1296 245124 19 1386 5.93524 0
1296 252244 25 2039 7.29032 0
1296 259364 23 1631 8.16548 0
1296 266484 27 1908 8.92612 0
1296 273604 22 1984 7.0587 0
1296 280724 23 1539 7.80009 0
1296 287844 28 1835 10.5202 0
1296 295004 21 1445 7.61081 0
1296 302164 18 1361 5.87525 0
1296 309324 18 1368 5.70137 0
1296 316484 20 1464 6.75137 0
1296 323644 20 1453 7.10169 0
1296 330804 20 1622 6.21755 0
1296 338004 19 1324 6.75875 0
1296 345204 37 2401 13.5887 0
1296 352404 19 1322 6.09628 0
1296 359604 18 1329 5.80114 0
1296 366804 19 1471 6.52584 0
1296 374004 35 2031 12.7209 0
1296 381244 20 1409 6.8813 0
1296 388484 21 1751 6.81264 0
1296 395724 28 2077 9.46828 0
1296 402964 20 1482 6.74175 0
1296 410204 21 1589 7.43725 0
1296 417444 22 1653 7.18318 0
1296 424724 19 1313 6.63171 0
1296 432004 26 1890 7.97685 0
1296 439284 22 1643 7.8203 0
1296 446564 20 1327 7.31021 0
1296 453844 21 1554 7.3115 0
1296 461124 21 1586 6.96535 0
1296 468444 21 1517 7.00609 0
1296 475764 21 1671 6.91626 0
1296 483084 21 1676 7.84596 0
1296 490404 28 1924 10.6549 0
1296 497724 19 1389 6.63716 0
1296 505044 28 1955 10.1429 0
1296 512404 21 1416 7.76865 0
1296 519764 19 1369 6.64198 0
1296 527124 21 1608 6.95316 0
1296 534484 21 1690 7.31599 0
1296 541844 18 1299 5.80563 0
1296 549204 22 1473 8.08143 0
1296 556604 19 1319 6.90183 0
1296 564004 20 1336 7.30604 0
1296 571404 31 1892 13.6057 0
1296 578804 20 1345 7.06865 0
1296 586204 24 1629 8.66402 0
1296 593604 18 1304 6.21338 0
1296 601044 25 1649 10.3861 0
1296 608484 23 1665 8.20494 0
1296 615924 22 1620 8.78175 0
1296 623364 20 1334 7.95375 0
1296 630804 22 1692 7.56461 0
1296 638244 22 1682 7.67241 0
2401 651592 67 2974 17.5244 0
2401 664940 69 2829 21.5069 0
2401 678288 92 4163 22.0108 0
2401 691636 122 4861 36.4657 0
2401 704984 68 3316 18.4772 0
2401 718332 159 6917 39.1653 0
2401 731720 66 3567 18.362 0
2401 745108 80 3785 21.5855 0
2401 758496 91 4147 25.9866 0
2401 771884 78 3873 17.7974 0
2401 785272 55 2526 15.0137 0
2401 798660 163 6136 45.7845 0
2401 812088 52 2587 12.6532 0
2401 825516 86 3515 22.119 0
2401 838944 57 2643 15.1052 0
2401 852372 71 3687 16.6829 0
2401 865800 81 3272 25.1291 0
2401 879228 71 3108 21.3108 0
