1296 8236 32 1374 16.4641 0
1296 16472 22 1328 8.74037 0
1296 24708 35 1663 18.0592 0
1296 32944 26 1351 12.1865 0
1296 41180 32 1460 16.3717 0
1296 49416 34 1613 17.1153 0
256 50964 2 270 0.884463 0
256 52512 2 272 1.25532 0
256 54060 2 262 0.889917 0
256 55608 1 261 0.905957 0
256 57156 1 275 0.900824 0
256 58704 1 261 0.762557 0
625 62604 8 708 3.66329 0
625 66504 6 629 2.75348 0
625 70404 9 735 4.48584 0
625 74304 8 694 4.23368 0
625 78204 8 816 3.49775 0
625 82104 7 667 2.93506 0
625 85984 10 749 5.62245 0
625 89864 9 696 4.73286 0
625 93744 10 743 5.45756 0
625 97624 9 656 4.71746 0
625 101504 11 826 5.75591 0
625 105384 10 686 5.27085 0
625 109344 9 701 4.8291 0
625 113304 9 701 5.14734 0
625 117264 9 631 5.03698 0
625 121224 10 680 5.88936 0
625 125184 8 636 4.01906 0
625 129144 9 626 5.39789 0
1296 136664 30 1615 14.3365 0
1296 144184 22 1310 9.501 0
1296 151704 27 1827 11.1413 0
1296 159224 22 1712 7.53157 0
1296 166744 25 1454 11.0483 0
1296 174264 21 1588 7.73753 0
1296 181864 24 1431 10.0922 0
1296 189464 28 1594 11.9273 0
1296 197064 29 1498 13.4444 0
1296 204664 29 1880 12.1335 0
1296 212264 28 1472 13.4001 0
1296 219864 23 1306 9.75219 0
1296 227544 27 1546 12.0668 0
1296 235224 26 1373 11.4499 0
1296 242904 29 1435 14.0872 0
1296 250584 25 1397 10.9247 0
1296 258264 26 1392 12.0787 0
1296 265944 30 1482 14.5829 0
1296 273704 29 1362 14.3689 0
1296 281464 32 1703 16.1317 0
1296 289224 27 1323 13.3289 0
1296 296984 27 1337 13.1685 0
1296 304744 29 1338 14.5742 0
1296 312504 26 1398 12.336 0
1296 320344 29 1663 13.0466 0
1296 328184 31 1465 15.6441 0
1296 336024 30 1748 13.3725 0
1296 343864 31 1411 15.8299 0
1296 351704 29 1548 14.3542 0
1296 359544 26 1325 12.3494 0
1296 367464 29 1315 14.6657 0
1296 375384 40 2079 20.1306 0
1296 383304 38 1763 19.591 0
1296 391224 30 1486 14.0917 0
1296 399144 29 1327 14.2271 0
1296 407064 36 1698 18.994 0
1296 415064 33 1559 16.1154 0
1296 423064 33 1618 16.023 0
1296 431064 35 1556 18.2224 0
1296 439064 30 1592 14.8055 0
1296 447064 34 1407 18.3825 0
1296 455064 32 1545 15.9014 0
1296 463144 33 1516 16.6819 0
1296 471224 34 1620 16.7429 0
1296 479304 32 1654 15.8068 0
1296 487384 35 1522 18.7171 0
1296 495464 39 1412 22.5071 0
1296 503544 36 1510 19.8704 0
1296 511704 32 1306 17.8266 0
1296 519864 34 1363 19.0427 0
1296 528024 35 1609 17.8885 0
1296 536184 32 1328 17.5234 0
1296 544344 33 1340 17.6902 0
1296 552504 39 1407 21.9938 0
1296 560744 38 1379 21.5989 0
1296 568984 36 1335 20.3423 0
1296 577224 33 1299 18.6334 0
1296 585464 35 1539 18.5939 0
1296 593704 33 1592 16.9296 0
1296 601944 40 1531 21.7876 0
1296 610264 35 1458 19.3972 0
1296 618584 38 1402 21.384 0
1296 626904 41 1736 22.2851 0
1296 635224 33 1300 17.6931 0
1296 643544 37 1525 20.1502 0
1296 651864 43 1470 25.0255 0
1296 660264 43 1643 24.7294 0
1296 668664 39 1360 22.8228 0
1296 677064 35 1400 19.0938 0
1296 685464 41 1716 22.5078 0
1296 693864 37 1584 20.2804 0
1296 702264 37 1397 20.6676 0
2401 716612 88 3075 38.5914 0
2401 730960 94 3657 35.3779 0
2401 745308 65 2414 23.6373 0
2401 759656 74 3067 26.4024 0
2401 774004 95 3154 41.8832 0
2401 788352 85 2476 39.6177 0
2401 802780 97 2956 45.9077 0
2401 817208 105 3185 47.5772 0
2401 831636 97 3076 39.6199 0
2401 846064 80 2906 32.3302 0
2401 860492 87 2647 39.6613 0
2401 874920 81 2573 36.6524 0
2401 889428 95 3724 37.602 0
2401 903936 102 3212 48.2069 0
2401 918444 78 2978 28.3602 0
2401 932952 79 2438 35.1379 0
2401 947460 95 3144 43.6095 0
2401 961968 85 2456 39.6388 0
