1000 20094 76 1025 55.3099 0
1000 40170 71 1028 51.142 0
1000 60264 69 1021 49.9935 0
1000 80354 72 1037 52.9626 0
1000 100442 75 1077 54.7071 0
1000 120518 76 1028 55.0812 0
200 121404 1 204 0.720852 0
200 122292 1 206 0.655728 0
200 123176 1 203 0.697754 0
200 124074 1 224 0.642254 0
200 124948 1 220 0.730155 0
200 125850 1 208 0.698716 0
400 129120 7 409 4.78996 0
400 132424 7 423 5.01998 0
400 135730 7 405 4.46434 0
400 139024 7 402 4.55738 0
400 142302 8 415 5.59454 0
400 145592 7 400 4.88267 0
600 152870 22 610 15.1587 0
600 160152 21 600 15.1106 0
600 167442 22 603 15.7875 0
600 174728 22 624 15.1032 0
600 182030 22 642 15.6088 0
600 189324 22 617 15.2364 0
800 202184 44 832 31.9087 0
800 215062 43 860 30.8263 0
800 227940 41 806 29.6191 0
800 240818 44 826 31.6944 0
800 253692 43 804 31.0075 0
800 266564 43 803 30.6566 0
1100 290832 89 1109 65.2292 0
1100 315106 91 1159 67.1563 0
1100 339384 91 1117 66.9475 0
1100 363652 92 1173 67.4775 0
1100 387940 90 1132 66.2488 0
1100 412202 93 1187 68.4684 0
1200 441064 113 1223 84.1289 0
1200 469924 109 1248 79.987 0
1200 498782 111 1216 82.5438 0
1200 527654 111 1260 81.5394 0
1200 556540 113 1222 83.8453 0
1200 585412 111 1231 82.0283 0
1300 619276 132 1318 97.7439 0
1300 653152 133 1340 99.2232 0
1300 687016 137 1325 102.175 0
1300 720876 132 1319 97.9714 0
1300 754750 133 1319 98.0776 0
1300 788628 131 1308 97.3965 0
1400 827898 156 1419 116.198 0
1400 867174 158 1416 118.329 0
1400 906426 155 1400 115.313 0
1400 945686 159 1405 118.752 0
1400 984962 154 1402 113.556 0
1400 1024236 163 1482 121.688 0
1500 1069308 181 1525 135.149 0
1500 1114388 182 1539 135.438 0
1500 1159436 186 1512 139.452 0
1500 1204492 185 1501 138.693 0
1500 1249558 186 1582 139.7 0
1500 1294638 179 1534 132.455 0
1600 1345906 209 1613 156.398 0
1600 1397170 208 1606 155.332 0
1600 1448416 216 1615 163.164 0
1600 1499664 210 1611 157.318 0
1600 1550938 215 1651 161.124 0
1600 1602210 215 1685 161.267 0
1700 1660080 239 1710 180.102 0
1700 1717944 241 1760 181.8 0
1700 1775796 242 1737 181.639 0
1700 1833650 241 1712 181.014 0
1700 1891520 240 1720 180.434 0
1700 1949388 236 1713 176.078 0
1800 2014246 271 1838 203.074 0
1800 2079130 265 1812 199.039 0
1800 2143992 269 1807 201.72 0
1800 2208848 260 1801 194.358 0
1800 2273706 274 1836 206.417 0
1800 2338580 277 1846 209.096 0
1900 2410854 302 1939 227.111 0
1900 2483124 296 1915 221.78 0
1900 2555372 299 1901 224.599 0
1900 2627626 305 1900 230.196 0
1900 2699888 302 1951 228.457 0
1900 2772166 290 1901 217.623 0
2000 2852246 339 2012 255.892 0
2000 2932314 342 2068 258.229 0
2000 3012366 343 2006 260.854 0
2000 3092426 343 2010 259.597 0
2000 3172492 341 2024 257.096 0
2000 3252564 340 2022 256.059 0
2100 3340832 382 2109 287.954 0
2100 3429104 381 2110 287.222 0
2100 3517362 369 2100 276.521 0
2100 3605620 374 2119 281.94 0
2100 3693890 379 2101 287.27 0
2100 3782168 378 2225 284.63 0
2200 3879022 424 2205 320.857 0
2200 3975876 410 2216 309.331 0
2200 4072726 419 2269 316.57 0
2200 4169594 410 2233 308.504 0
2200 4266456 406 2206 307.334 0
2200 4363320 416 2310 314.266 0
2300 4469180 462 2323 351.704 0
2300 4575014 475 2324 361.202 0
2300 4680862 459 2330 347.665 0
2300 4786712 445 2301 335.373 0
2300 4892562 461 2317 349.744 0
2300 4998422 468 2367 354.771 0
2400 5113676 497 2400 376.091 0
2400 5228914 499 2401 377.065 0
2400 5344168 499 2470 377.959 0
2400 5459408 492 2402 371.408 0
2400 5574662 499 2405 378.27 0
2400 5689914 499 2432 378.14 0
2500 5814966 539 2506 408.41 0
2500 5940024 552 2521 419.646 0
2500 6065070 553 2517 420.25 0
2500 6190128 549 2568 415.684 0
2500 6315172 558 2564 424.737 0
2500 6440224 565 2618 430.626 0
2600 6575482 594 2604 451.746 0
2600 6710732 605 2638 461.434 0
2600 6845972 583 2608 440.648 0
2600 6981234 592 2602 447.824 0
2600 7116472 599 2617 455.425 0
2600 7251728 606 2609 462.666 0
2700 7397586 655 2751 497.721 0
2700 7543424 650 2767 494.366 0
2700 7689252 643 2756 488.556 0
2700 7835098 655 2800 498.907 0
2700 7980932 656 2726 499.641 0
2700 8126790 656 2706 500.95 0
