1000 99916 145 1012 104.943 0
1000 199830 151 1019 110.542 0
1000 299748 146 1012 107.525 0
1000 399660 137 1006 98.8626 0
1000 499580 146 1006 106.436 0
1000 599490 143 1011 104.032 0
200 603494 5 213 3.53914 0
200 607488 5 212 3.56737 0
200 611482 4 200 3.17662 0
200 615484 4 202 3.30398 0
200 619488 4 200 3.25201 0
200 623488 5 202 3.85898 0
400 639468 22 418 15.6714 0
400 655452 20 404 14.4052 0
400 671432 20 409 14.5463 0
400 687402 22 404 15.6525 0
400 703384 22 407 15.869 0
400 719362 22 407 15.9855 0
600 755316 52 629 38.3245 0
600 791274 49 613 35.3894 0
600 827228 48 601 34.136 0
600 863192 48 607 33.993 0
600 899150 48 606 34.3038 0
600 935116 52 619 38.0544 0
800 999060 90 811 65.2995 0
800 1063004 91 838 66.1355 0
800 1126940 91 813 66.2581 0
800 1190876 94 809 68.9782 0
800 1254820 91 817 65.7746 0
800 1318758 91 812 65.8519 0
1100 1439672 176 1133 128.299 0
1100 1560580 181 1133 132.946 0
1100 1681482 179 1143 131.991 0
1100 1802386 184 1140 136.135 0
1100 1923290 173 1111 125.913 0
1100 2044200 177 1106 129.712 0
1200 2188102 208 1229 151.531 0
1200 2331992 217 1217 160.251 0
1200 2475882 197 1200 142.138 0
1200 2619774 211 1234 154.523 0
1200 2763672 218 1245 160.164 0
1200 2907570 202 1200 146.314 0
1300 3076462 256 1322 190.428 0
1300 3245344 254 1317 187.92 0
1300 3414230 252 1346 185.569 0
1300 3583128 250 1318 183.059 0
1300 3752012 243 1305 176.81 0
1300 3920904 241 1309 174.69 0
1400 4116786 283 1408 207.69 0
1400 4312658 286 1416 208.666 0
1400 4508530 286 1421 209.315 0
1400 4704416 291 1419 213.138 0
1400 4900294 304 1446 224.95 0
1400 5096168 288 1420 210.849 0
1500 5321038 348 1525 258.456 0
1500 5545910 340 1530 250.93 0
1500 5770774 341 1507 252.444 0
1500 5995644 341 1549 252.853 0
1500 6220512 323 1503 235.626 0
1500 6445382 337 1528 248.717 0
1600 6701244 382 1611 282.51 0
1600 6957106 393 1638 292.036 0
1600 7212958 377 1608 277.923 0
1600 7468820 378 1616 278.426 0
1600 7724676 385 1636 284.175 0
1600 7980544 384 1634 284.098 0
1700 8269390 421 1702 308.901 0
1700 8558240 447 1743 332.737 0
1700 8847086 436 1708 323.433 0
1700 9135932 435 1724 321.219 0
1700 9424780 444 1749 329.571 0
1700 9713632 437 1711 323.094 0
1800 10037474 503 1848 375.139 0
1800 10361314 478 1804 352.154 0
1800 10685156 487 1819 361.418 0
1800 11008998 482 1824 355.986 0
1800 11332840 479 1817 352.497 0
1800 11656680 457 1804 333.072 0
1900 12017516 564 1947 421.649 0
1900 12378344 520 1900 379.65 0
1900 12739172 563 1926 421.566 0
1900 13100004 557 1941 415.006 0
1900 13460832 541 1921 400.346 0
1900 13821656 562 1908 421.42 0
2000 14221474 579 2000 424.58 0
2000 14621296 629 2033 470.754 0
2000 15021116 612 2007 454.764 0
2000 15420932 600 2027 444.541 0
2000 15820752 624 2042 466.914 0
2000 16220574 624 2004 467.655 0
2100 16661384 669 2120 495.376 0
2100 17102196 693 2125 517.462 0
2100 17543004 646 2100 474.961 0
2100 17983810 674 2120 501.065 0
2100 18424616 693 2162 518.279 0
2100 18865424 652 2105 479.61 0
2200 19349224 734 2237 544.821 0
2200 19833022 765 2254 573.844 0
2200 20316818 766 2261 574.71 0
2200 20800610 741 2223 553.164 0
2200 21284410 739 2221 548.468 0
2200 21768212 739 2224 550.345 0
2300 22296994 802 2310 594.979 0
2300 22825778 798 2320 591.497 0
2300 23354562 795 2318 588.477 0
2300 23883344 827 2346 620.321 0
2300 24412134 792 2315 586.278 0
2300 24940916 803 2314 596.179 0
2400 25516696 895 2436 669.614 0
2400 26092478 892 2432 666.767 0
2400 26668254 856 2406 631.539 0
2400 27244026 904 2429 677.464 0
2400 27819806 911 2450 682.156 0
2400 28395574 888 2412 662.757 0
2500 29020342 940 2509 695.328 0
2500 29645108 926 2509 682.86 0
2500 30269874 957 2533 713.432 0
2500 30894644 957 2541 710.764 0
2500 31519412 965 2524 719.646 0
2500 32144182 981 2515 734.151 0
2600 32819942 1025 2603 759.694 0
2600 33495704 1022 2620 758.166 0
2600 34171464 1039 2639 773.682 0
2600 34847228 1063 2647 797.928 0
2600 35522992 1071 2654 802.98 0
2600 36198754 1064 2654 798.334 0
2700 36927502 1150 2725 866.334 0
2700 37656260 1129 2733 843.996 0
2700 38385006 1156 2753 869.925 0
2700 39113758 1084 2703 800.303 0
2700 39842508 1155 2758 866.465 0
2700 40571252 1132 2705 848.36 0
