1000 199806 206 1000 145.656 0
1000 399616 225 1014 163.445 0
1000 599420 206 1001 146.474 0
1000 799226 219 1020 158.381 0
1000 999034 214 1009 153.408 0
1000 1198840 205 1001 145.209 0
200 1206806 7 204 5.07387 0
200 1214776 8 202 5.3966 0
200 1222742 8 208 5.4489 0
200 1230714 8 202 5.45082 0
200 1238676 8 203 5.55508 0
200 1246646 8 201 5.38987 0
400 1278572 33 408 23.0884 0
400 1310496 31 407 21.6916 0
400 1342426 35 409 25.4945 0
400 1374352 33 406 23.1218 0
400 1406280 32 406 22.2133 0
400 1438206 32 407 21.8469 0
600 1510090 76 612 54.6285 0
600 1581978 72 604 50.7134 0
600 1653864 71 604 49.6092 0
600 1725746 78 614 56.7946 0
600 1797636 72 606 50.9424 0
600 1869532 74 610 51.9402 0
800 1997382 144 819 103.818 0
800 2125230 136 809 97.1889 0
800 2253082 139 815 99.8523 0
800 2380934 134 815 95.6468 0
800 2508782 134 803 95.727 0
800 2636632 128 800 90.4706 0
1100 2878416 267 1108 193.725 0
1100 3120208 268 1105 195.284 0
1100 3362006 248 1100 175.912 0
1100 3603794 249 1106 176.011 0
1100 3845584 267 1121 192.38 0
1100 4087378 272 1131 198.302 0
1200 4375144 329 1218 241.803 0
1200 4662914 327 1212 239.691 0
1200 4950678 328 1226 240.169 0
1200 5238444 301 1207 215.161 0
1200 5526212 309 1216 222.133 0
1200 5813986 320 1224 231.949 0
1300 6151734 359 1306 257.025 0
1300 6489484 382 1316 279.158 0
1300 6827226 400 1328 294.992 0
1300 7164976 350 1303 248.648 0
1300 7502722 371 1308 267.644 0
1300 7840468 363 1308 261.652 0
1400 8232196 442 1417 322.015 0
1400 8623926 450 1436 330.468 0
1400 9015648 444 1422 325.381 0
1400 9407376 446 1417 327.336 0
1400 9799100 423 1410 305.132 0
1400 10190828 414 1404 296.679 0
1500 10640538 472 1500 337.589 0
1500 11090246 472 1503 337.243 0
1500 11539950 500 1513 362.919 0
1500 11989658 504 1529 367.471 0
1500 12439360 482 1502 346.183 0
1500 12889066 491 1507 354.793 0
1600 13400752 540 1600 385.795 0
1600 13912442 589 1630 433.429 0
1600 14424130 571 1616 415.502 0
1600 14935818 579 1616 423.305 0
1600 15447502 574 1611 420.222 0
1600 15959192 550 1602 396.837 0
1700 16536856 621 1706 447.427 0
1700 17114528 669 1725 492.416 0
1700 17692196 638 1712 463.35 0
1700 18269866 644 1721 469.832 0
1700 18847534 663 1710 488.599 0
1700 19425204 615 1710 441.07 0
1800 20072854 750 1836 552.703 0
1800 20720506 749 1828 553.18 0
1800 21368154 718 1813 522.479 0
1800 22015800 710 1809 514.4 0
1800 22663446 736 1814 540.373 0
1800 23311096 727 1811 532.267 0
1900 24032726 829 1920 612.002 0
1900 24754350 821 1935 604.407 0
1900 25475982 775 1905 559.636 0
1900 26197612 777 1901 559.337 0
1900 26919238 793 1911 576.573 0
1900 27640870 771 1901 555.269 0
2000 28440480 919 2012 679.35 0
2000 29240090 907 2000 668.351 0
2000 30039698 920 2015 680.076 0
2000 30839306 908 2023 665.593 0
2000 31638912 852 2002 614.385 0
2000 32438526 927 2016 684.765 0
2100 33320112 1005 2117 738.933 0
2100 34201702 1016 2101 753.04 0
2100 35083294 979 2114 712.427 0
2100 35964878 984 2116 717.885 0
2100 36846466 998 2101 732.066 0
2100 37728058 1001 2111 734.41 0
2200 38695624 1131 2227 839.99 0
2200 39663198 1064 2207 774.579 0
2200 40630766 1062 2213 772.099 0
2200 41598328 1086 2208 794.941 0
2200 42565896 1124 2216 832.102 0
2200 43533466 1031 2200 741.848 0
2300 44591012 1151 2302 835.033 0
2300 45648560 1167 2306 850.78 0
2300 46706110 1232 2329 910.5 0
2300 47763658 1197 2320 878.245 0
2300 48821212 1187 2312 869.276 0
2300 49878764 1271 2307 953.239 0
2400 51030294 1324 2418 977.691 0
2400 52181822 1345 2400 999.725 0
2400 53333356 1283 2404 935.53 0
2400 54484888 1333 2430 984.184 0
2400 55636414 1287 2404 942.304 0
2400 56787942 1376 2408 1029.35 0
2500 58037450 1455 2515 1077.89 0
2500 59286960 1372 2501 997.845 0
2500 60536466 1462 2523 1084.07 0
2500 61785972 1366 2500 992.581 0
2500 63035478 1496 2529 1121.06 0
2500 64284986 1508 2548 1127.93 0
2600 65636476 1483 2603 1080.07 0
2600 66987968 1544 2622 1135.56 0
2600 68339460 1523 2612 1117.3 0
2600 69690948 1520 2620 1113.96 0
2600 71042436 1493 2604 1089.33 0
2600 72393920 1503 2604 1098.87 0
2700 73851394 1677 2720 1239.04 0
2700 75308860 1717 2708 1277.62 0
2700 76766328 1593 2710 1158.97 0
2700 78223800 1642 2709 1203.84 0
2700 79681270 1692 2704 1256.34 0
2700 81138742 1606 2707 1169.84 0
