1024 3968 442 31315 130.192 0
1024 7936 448 34704 119.161 0
1024 11904 349 28852 79.2719 0
1024 15872 329 26345 85.6659 0
1024 19840 24 2109 5.94326 0
1024 23808 17 1637 4.13327 0
196 24536 1 255 0.562374 0
196 25264 1 208 0.52099 0
196 25992 9 1622 4.05788 0
196 26720 1 216 0.422823 0
196 27448 2 433 1.08304 0
196 28176 2 475 0.82351 0
400 29696 39 5573 11.6219 0
400 31216 65 7891 24.6004 0
400 32736 3 466 1.02145 0
400 34256 2 408 0.83153 0
400 35776 19 2543 7.27076 0
400 37296 4 613 1.52704 0
576 39504 181 18326 65.2523 0
576 41712 78 8631 23.8311 0
576 43920 110 13173 31.3903 0
576 46128 80 9631 22.2389 0
576 48336 8 1018 2.44711 0
576 50544 64 7731 18.5962 0
784 53568 93 9685 22.6499 0
784 56592 31 2815 10.1599 0
784 59616 353 31493 106.682 0
784 62640 67 7227 17.2026 0
784 65664 52 5392 13.3642 0
784 68688 8 833 2.30884 0
1089 72912 1663 127198 393.926 0
1089 77136 17 1559 3.83332 0
1089 81360 15 1381 3.87983 0
1089 85584 16 1430 3.7868 0
1089 89808 73 6487 14.8601 0
1089 94032 363 25954 98.9835 0
1225 98792 21 1776 4.46595 0
1225 103552 1005 73737 221.678 0
1225 108312 1491 106162 351.202 0
1225 113072 374 29279 76.1812 0
1225 117832 91 5906 25.0409 0
1225 122592 150 11241 30.305 0
1296 127632 350 21870 91.2572 0
1296 132672 161 12786 31.814 0
1296 137712 384 27385 83.7558 0
1296 142752 109 9166 19.6577 0
1296 147792 18 1316 3.87374 0
1296 152832 1619 106207 373.91 0
1369 158160 213 15922 36.0885 0
1369 163488 354 22388 82.5018 0
1369 168816 333 23553 61.9509 0
1369 174144 871 51738 211.074 0
1369 179472 392 28737 68.0713 0
1369 184800 20 1460 4.58304 0
1521 190728 1317 80071 300.154 0
1521 196656 636 40918 110.47 0
1521 202584 995 60246 203.714 0
1521 208512 214 15937 39.5942 0
1521 214440 22 1559 4.54166 0
1521 220368 2733 163663 564.047 0
1600 226608 1345 69040 346.122 0
1600 232848 42 2764 8.14688 0
1600 239088 2018 111554 450.159 0
1600 245328 2372 119254 638.793 0
1600 251568 8486 436241 2109.68 0
1600 257808 39 2571 7.67369 0
1681 264368 260 15234 54.1621 0
1681 270928 894 48451 186.418 0
1681 277488 507 27528 111.8 0
1681 284048 2675 158586 474.182 0
1681 290608 466 24649 111.395 0
1681 297168 97 6970 13.3061 0
1764 304056 981 56962 181.548 0
1764 310944 7065 367464 1482.25 0
1764 317832 1249 72501 201.498 0
1764 324720 2703 148732 513.385 0
1764 331608 829 49453 128.937 0
1764 338496 188 9892 39.3629 0
1936 346064 51 2974 8.74999 0
1936 353632 738 40930 109.138 0
1936 361200 130 6862 24.9902 0
1936 368768 5006 258764 886.419 0
1936 376336 247 14794 37.7807 0
1936 383904 6771 333494 1362.79 0
2025 391824 8314 388518 1713.11 0
2025 399744 904 44673 174.498 0
2025 407664 47 2544 8.73235 0
2025 415584 13148 586648 3022.84 0
2025 423504 1998 92372 427.052 0
2025 431424 4259 200949 838.144 0
2116 439704 71 3909 11.3485 0
2116 447984 3937 177710 800.892 0
2116 456264 2310 104874 427.368 0
2116 464544 4093 191479 797.418 0
2116 472824 11608 511047 2266.4 0
2116 481104 1545 67899 332.693 0
2209 489752 14963 612990 3224.78 0
2209 498400 608 24126 134.648 0
2209 507048 263 10924 59.6257 0
2209 515696 515 26086 76.4783 0
2209 524344 136 6254 25.584 0
2209 532992 239 12631 36.058 0
2304 542016 662 27286 133.032 0
2304 551040 1380 55145 298.634 0
2304 560064 2968 122291 607.89 0
2304 569088 2490 117575 362.29 0
2304 578112 1602 73916 233.532 0
2304 587136 236 11163 40.2734 0
2401 596544 1486 67418 231.344 0
2401 605952 2035 90531 317.889 0
2401 615360 9628 392599 1804.04 0
2401 624768 11159 471618 1933.71 0
2401 634176 62 2995 10.7749 0
2401 643584 18050 705281 3738.14 0
2500 653384 14853 584859 2897.34 0
2500 663184 470 23655 51.1494 0
2500 672984 2859 127932 338.643 0
2500 682784 1362 65946 186.843 0
2500 692584 107 5150 15.3297 0
2500 702384 3096 135088 439.808 0
2601 712584 448 20729 54.0055 0
2601 722784 661 27915 95.3481 0
2601 732984 16666 656260 2791.7 0
2601 743184 1612 64118 254.395 0
2601 753384 5151 198123 896.932 0
2601 763584 1680 75656 241.903 0
2704 774192 33399 1184814 6117.11 0
2704 784800 302 12875 44.7249 0
2704 795408 828 36142 103.941 0
2704 806016 5670 214200 964.013 0
2704 816624 362 15523 46.2041 0
2704 827232 5106 206512 776.313 0
