1024 5196 14 1162 4.9664 0
1024 10392 13 1096 4.58978 0
1024 15588 17 1318 5.70586 0
1024 20784 16 1239 5.86242 0
1024 25980 16 1352 4.97924 0
1024 31176 14 1060 5.29491 0
196 32138 1 244 0.677543 0
196 33100 1 228 0.556278 0
196 34062 1 230 0.487626 0
196 35024 1 196 0.447525 0
196 35986 1 197 0.463886 0
196 36948 1 198 0.442713 0
400 38948 3 403 1.19436 0
400 40948 3 538 1.44491 0
400 42948 3 487 1.45357 0
400 44948 3 407 1.44491 0
400 46948 3 421 1.40192 0
400 48948 3 427 1.24345 0
576 51846 5 618 2.26136 0
576 54744 5 578 2.08556 0
576 57642 5 577 1.9874 0
576 60540 6 692 2.35985 0
576 63438 6 593 2.41086 0
576 66336 5 598 1.9027 0
784 70300 10 941 4.17401 0
784 74264 12 1165 4.52016 0
784 78228 11 1037 4.06141 0
784 82192 15 1364 5.26828 0
784 86156 9 791 3.89331 0
784 90120 9 895 3.24271 0
1089 95664 14 1109 5.22946 0
1089 101208 17 1295 6.14569 0
1089 106752 17 1234 6.60027 0
1089 112296 15 1128 5.2654 0
1089 117840 16 1318 5.88134 0
1089 123384 15 1269 4.91989 0
1225 129584 18 1249 6.48895 0
1225 135784 23 1478 8.70155 0
1225 141984 19 1456 5.73473 0
1225 148184 21 1416 7.97717 0
1225 154384 32 2088 10.6726 0
1225 160584 20 1465 6.95604 0
1296 167184 20 1417 6.81521 0
1296 173784 20 1310 7.22424 0
1296 180384 19 1301 6.96278 0
1296 186984 33 1885 11.762 0
1296 193584 21 1416 6.95155 0
1296 200184 22 1449 7.58162 0
1369 207192 23 1481 8.08336 0
1369 214200 24 1453 9.16383 0
1369 221208 30 1764 10.0971 0
1369 228216 21 1473 7.12928 0
1369 235224 24 1498 9.05251 0
1369 242232 24 1663 7.94381 0
1521 249960 27 1598 9.43716 0
1521 257688 25 1541 8.22355 0
1521 265416 28 1725 9.3021 0
1521 273144 30 1711 10.1506 0
1521 280872 29 1587 10.7643 0
1521 288600 31 1714 11.5022 0
1600 296760 31 1645 11.4384 0
1600 304920 33 1610 13.2718 0
1600 313080 40 2084 14.6182 0
1600 321240 40 2043 13.6724 0
1600 329400 38 2146 11.9141 0
1600 337560 32 1759 11.4092 0
1681 346160 34 1695 13.1146 0
1681 354760 47 2101 17.6338 0
1681 363360 35 1785 12.396 0
1681 371960 36 2066 10.7829 0
1681 380560 35 1883 11.8859 0
1681 389160 36 2039 10.9539 0
1764 398208 45 2467 14.581 0
1764 407256 47 2425 15.042 0
1764 416304 44 2300 13.2679 0
1764 425352 39 2045 12.932 0
1764 434400 44 2000 17.0015 0
1764 443448 35 1793 12.1804 0
1936 453296 45 2346 13.4059 0
1936 463144 49 2336 16.1186 0
1936 472992 49 2240 16.7756 0
1936 482840 51 2473 15.1228 0
1936 492688 51 2564 15.6736 0
1936 502536 60 2949 18.4361 0
2025 512856 78 3255 26.676 0
2025 523176 71 2805 26.4697 0
2025 533496 44 2145 13.6259 0
2025 543816 51 2108 19.241 0
2025 554136 47 2124 16.5132 0
2025 564456 45 2162 14.0282 0
2116 575256 56 2243 20.9134 0
2116 586056 49 2231 16.2495 0
2116 596856 53 2571 15.8315 0
2116 607656 79 3106 26.5313 0
2116 618456 56 2646 15.954 0
2116 629256 59 2411 19.8329 0
2209 640544 57 2490 18.669 0
2209 651832 73 2909 24.0374 0
2209 663120 58 2382 20.376 0
2209 674408 72 2791 24.5779 0
2209 685696 75 3258 23.0092 0
2209 696984 57 2426 18.918 0
2304 708768 79 2924 26.6516 0
2304 720552 67 2633 22.8238 0
2304 732336 62 2366 22.3756 0
2304 744120 105 3610 39.2619 0
2304 755904 62 2409 21.4642 0
2304 767688 91 3089 35.306 0
2401 779976 85 3581 26.3899 0
2401 792264 81 2877 29.3037 0
2401 804552 68 2594 23.5074 0
2401 816840 67 2527 23.3566 0
2401 829128 95 3300 32.6437 0
2401 841416 65 2428 22.774 0
2500 854216 107 3803 31.3332 0
2500 867016 83 3271 24.1339 0
2500 879816 83 2902 29.7994 0
2500 892616 80 3180 24.4538 0
2500 905416 115 4043 38.669 0
2500 918216 72 2597 24.5359 0
2601 931536 77 2783 25.2552 0
2601 944856 80 2907 25.3469 0
2601 958176 85 2813 31.6366 0
2601 971496 91 3137 30.2633 0
2601 984816 77 2633 27.0048 0
2601 998136 111 3956 31.9103 0
2704 1011984 85 2948 28.1418 0
2704 1025832 85 2936 28.6092 0
2704 1039680 87 3190 27.82 0
2704 1053528 153 4415 59.5426 0
2704 1067376 83 2768 29.1754 0
2704 1081224 110 3888 35.1976 0
