1024 4376 36 3214 9.43941 0
1024 8752 11 1093 3.27094 0
1024 13128 18 1719 5.09216 0
1024 17504 12 1141 3.38804 0
1024 21880 37 2622 11.6626 0
1024 26256 25 2564 5.65646 0
196 27062 1 245 0.524839 0
196 27868 1 218 0.431164 0
196 28674 1 274 0.498533 0
196 29480 1 204 0.378552 0
196 30286 1 205 0.443354 0
196 31092 1 203 0.414803 0
400 32772 3 472 1.41283 0
400 34452 2 433 0.956965 0
400 36132 2 421 0.998029 0
400 37812 6 1059 2.07562 0
400 39492 2 445 0.812282 0
400 41172 3 520 1.10389 0
576 43610 10 1287 3.2225 0
576 46048 6 897 2.08685 0
576 48486 8 971 2.78203 0
576 50924 4 617 1.6791 0
576 53362 6 732 2.24661 0
576 55800 12 1490 3.48428 0
784 59136 13 1579 3.68318 0
784 62472 9 902 2.96008 0
784 65808 17 1945 4.54518 0
784 69144 11 1268 2.95848 0
784 72480 16 1712 4.31837 0
784 75816 9 983 2.94308 0
1089 80480 18 1474 5.7835 0
1089 85144 16 1388 4.65522 0
1089 89808 33 2725 8.87607 0
1089 94472 18 1455 5.57177 0
1089 99136 22 1678 6.50403 0
1089 103800 24 2149 6.27978 0
1225 109040 32 2292 9.72589 0
1225 114280 26 2051 7.18061 0
1225 119520 27 1970 7.82928 0
1225 124760 37 3180 7.95568 0
1225 130000 48 3428 12.9615 0
1225 135240 20 1608 5.36067 0
1296 140800 20 1653 4.55609 0
1296 146360 32 2518 7.45073 0
1296 151920 18 1353 5.49798 0
1296 157480 23 1846 6.13831 0
1296 163040 32 2151 10.6071 0
1296 168600 23 1878 5.95 0
1369 174488 27 2039 6.78345 0
1369 180376 39 3135 8.72497 0
1369 186264 19 1380 5.37254 0
1369 192152 26 1702 8.00059 0
1369 198040 33 1987 10.3245 0
1369 203928 49 3861 10.0509 0
1521 210456 22 1611 5.55893 0
1521 216984 37 2171 10.8741 0
1521 223512 40 2695 9.99536 0
1521 230040 25 1762 6.00774 0
1521 236568 38 2149 11.8968 0
1521 243096 32 2091 9.29889 0
1600 249976 49 3344 10.2212 0
1600 256856 67 4369 13.9974 0
1600 263736 57 3141 16.689 0
1600 270616 72 4922 12.6943 0
1600 277496 33 2057 8.87447 0
1600 284376 95 6126 20.3773 0
1681 291616 81 4927 18.3822 0
1681 298856 59 3019 17.4628 0
1681 306096 64 3173 19.9211 0
1681 313336 30 1860 7.3423 0
1681 320576 39 2327 9.88982 0
1681 327816 56 2804 16.1834 0
1764 335424 48 2817 12.7973 0
1764 343032 65 2952 21.4222 0
1764 350640 45 2541 12.4598 0
1764 358248 72 4073 17.8333 0
1764 365856 73 4654 12.7421 0
1764 373464 38 2256 9.50646 0
1936 381792 88 5025 13.4094 0
1936 390120 171 7984 43.219 0
1936 398448 41 2445 9.60013 0
1936 406776 112 6775 17.5244 0
1936 415104 83 3961 24.1962 0
1936 423432 94 4568 22.7519 0
2025 432152 111 5957 21.8447 0
2025 440872 76 3312 23.7624 0
2025 449592 548 17534 197.065 0
2025 458312 51 2719 12.0979 0
2025 467032 72 3689 15.5145 0
2025 475752 67 3313 17.8843 0
2116 484872 115 4446 38.5539 0
2116 493992 119 6514 20.547 0
2116 503112 142 6825 34.3536 0
2116 512232 90 3635 29.1793 0
2116 521352 119 4942 33.2981 0
2116 530472 60 2928 15.0423 0
2209 540000 156 5162 55.5986 0
2209 549528 151 5269 54.5098 0
2209 559056 129 6678 27.8726 0
2209 568584 144 7969 23.4218 0
2209 578112 236 7925 71.0981 0
2209 587640 64 2738 18.0803 0
2304 597584 64 3102 13.095 0
2304 607528 61 2848 15.8693 0
2304 617472 83 4248 17.0191 0
2304 627416 123 6010 25.583 0
2304 637360 71 3104 20.3042 0
2304 647304 104 5415 17.0451 0
2401 657672 155 5142 48.5329 0
2401 668040 153 5586 44.2899 0
2401 678408 283 10356 69.8142 0
2401 688776 186 5701 67.0181 0
2401 699144 63 2780 16.9723 0
2401 709512 135 7026 19.0966 0
2500 720312 329 10668 89.5101 0
2500 731112 81 3301 20.4312 0
2500 741912 82 3265 22.6002 0
2500 752712 244 9844 57.8972 0
2500 763512 179 6025 49.8001 0
2500 774312 156 6842 23.45 0
2601 785552 61 2716 14.3083 0
2601 796792 97 4094 21.9634 0
2601 808032 114 5340 20.2592 0
2601 819272 112 4152 30.2652 0
2601 830512 345 9889 119.516 0
2601 841752 78 3366 17.5616 0
2704 853440 160 5492 43.7814 0
2704 865128 166 6756 31.3935 0
2704 876816 110 4675 21.957 0
2704 888504 213 8549 40.7886 0
2704 900192 134 5755 30.0079 0
2704 911880 331 10949 86.7303 0
