1024 4786 12 1031 3.70531 0
1024 9572 13 1149 3.95041 0
1024 14358 15 1305 4.31709 0
1024 19144 12 1187 3.47401 0
1024 23930 17 1454 5.22914 0
1024 28716 18 1652 4.69821 0
196 29600 1 265 0.493079 0
196 30484 1 224 0.496287 0
196 31368 1 200 0.409028 0
196 32252 1 237 0.488267 0
196 33136 1 267 0.47736 0
196 34020 2 408 1.00733 0
400 35860 3 492 1.24858 0
400 37700 2 412 1.05481 0
400 39540 3 410 1.12218 0
400 41380 4 654 1.68038 0
400 43220 4 598 1.31402 0
400 45060 3 486 1.31146 0
576 47728 5 677 1.65825 0
576 50396 7 912 2.43075 0
576 53064 4 581 1.47378 0
576 55732 4 586 1.44716 0
576 58400 5 581 1.78978 0
576 61068 7 944 2.42113 0
784 64718 10 1013 3.58052 0
784 68368 11 1183 3.26388 0
784 72018 8 791 2.7708 0
784 75668 7 816 2.2219 0
784 79318 11 1150 3.52502 0
784 82968 9 1042 2.45962 0
1089 88072 14 1305 4.06462 0
1089 93176 20 1570 6.78666 0
1089 98280 15 1233 4.71617 0
1089 103384 15 1231 4.55449 0
1089 108488 13 1119 3.80508 0
1089 113592 13 1090 4.07681 0
1225 119312 30 1915 10.7598 0
1225 125032 18 1402 5.83771 0
1225 130752 15 1233 4.33345 0
1225 136472 35 2548 10.5481 0
1225 142192 23 1886 5.84862 0
1225 147912 25 1868 7.11067 0
1296 153992 17 1414 4.47653 0
1296 160072 20 1562 5.92016 0
1296 166152 26 2133 6.07543 0
1296 172232 17 1348 4.80825 0
1296 178312 19 1501 5.10275 0
1296 184392 20 1465 6.53258 0
1369 190840 21 1637 5.09537 0
1369 197288 19 1453 5.19899 0
1369 203736 20 1446 5.73473 0
1369 210184 41 2239 14.6111 0
1369 216632 36 2220 12.1762 0
1369 223080 21 1544 6.20311 0
1521 230208 30 1873 8.64509 0
1521 237336 24 1556 7.18606 0
1521 244464 28 1954 7.50302 0
1521 251592 34 2061 10.1705 0
1521 258720 24 1720 5.95737 0
1521 265848 29 2082 7.31406 0
1600 273368 32 1947 9.85036 0
1600 280888 36 2469 9.0246 0
1600 288408 28 1841 7.94669 0
1600 295928 26 1740 6.76805 0
1600 303448 42 2367 13.6044 0
1600 310968 25 1607 7.47351 0
1681 318888 56 3644 13.9836 0
1681 326808 30 1853 8.47185 0
1681 334728 50 3355 10.6848 0
1681 342648 41 2668 9.36498 0
1681 350568 44 2226 15.28 0
1681 358488 31 1982 8.54436 0
1764 366816 58 3238 15.2576 0
1764 375144 31 1864 9.06278 0
1764 383472 30 1847 7.85815 0
1764 391800 36 2002 10.3925 0
1764 400128 31 1819 8.72786 0
1764 408456 33 1940 8.93253 0
1936 417544 32 1955 7.39234 0
1936 426632 39 2156 10.3098 0
1936 435720 55 3284 11.8268 0
1936 444808 87 4172 25.4213 0
1936 453896 56 2782 17.1542 0
1936 462984 59 2931 16.8933 0
2025 472504 42 2185 11.3549 0
2025 482024 44 2316 11.669 0
2025 491544 36 2059 8.76571 0
2025 501064 41 2301 9.71979 0
2025 510584 148 6016 45.9385 0
2025 520104 46 2498 11.302 0
2116 530064 66 2779 21.5611 0
2116 540024 106 4596 31.0695 0
2116 549984 66 3835 13.1858 0
2116 559944 48 2433 11.5298 0
2116 569904 39 2144 9.28382 0
2116 579864 54 2830 13.309 0
2209 590272 59 2642 17.089 0
2209 600680 68 3057 17.2004 0
2209 611088 235 8274 76.8899 0
2209 621496 64 3167 14.212 0
2209 631904 54 2755 12.5535 0
2209 642312 56 2913 11.7531 0
2304 653176 53 2570 12.3844 0
2304 664040 77 3132 23.1228 0
2304 674904 47 2421 10.4156 0
2304 685768 75 3384 19.8964 0
2304 696632 55 2757 11.0691 0
2304 707496 85 3286 27.5954 0
2401 718824 76 3399 19.1015 0
2401 730152 60 2940 13.6375 0
2401 741480 66 3024 15.6582 0
2401 752808 64 2831 17.2305 0
2401 764136 64 2680 18.7155 0
2401 775464 63 2972 14.0218 0
2500 787264 54 2519 11.8746 0
2500 799064 124 4577 35.3352 0
2500 810864 76 3404 17.3608 0
2500 822664 145 4377 53.96 0
2500 834464 96 3495 29.0821 0
2500 846264 126 4266 40.1056 0
2601 858544 59 2692 12.0954 0
2601 870824 89 4252 17.8064 0
2601 883104 66 2842 16.8446 0
2601 895384 73 3096 17.4166 0
2601 907664 282 7101 107.967 0
2601 919944 74 3237 17.3585 0
2704 932712 222 6244 78.6287 0
2704 945480 166 5997 41.435 0
2704 958248 132 4635 33.0427 0
2704 971016 68 2751 17.9167 0
2704 983784 126 4035 41.8976 0
2704 996552 68 2784 17.2507 0
