1000 5400 32 2479 9.73776 0
1000 10800 19 1534 5.42034 0
1000 16200 27 2178 7.61402 0
1000 21600 25 1963 7.84436 0
1000 27000 15 1232 4.39441 0
1000 32400 40 3238 10.875 0
216 33480 2 315 1.08753 0
216 34560 1 264 0.662465 0
216 35640 1 221 0.518423 0
216 36720 7 981 3.36365 0
216 37800 1 218 0.503987 0
216 38880 1 286 0.829926 0
343 40644 3 429 1.12796 0
343 42408 2 350 1.04102 0
343 44172 15 1676 7.10201 0
343 45936 3 371 1.19885 0
343 47700 4 544 1.62488 0
343 49464 3 478 1.31819 0
512 52152 4 545 1.85137 0
512 54840 10 1265 3.62094 0
512 57528 13 1306 5.26475 0
512 60216 5 554 1.8209 0
512 62904 12 1353 4.57823 0
512 65592 5 541 1.93863 0
729 69480 39 3260 15.468 0
729 73368 32 2947 11.6616 0
729 77256 10 956 3.79963 0
729 81144 11 1164 3.60394 0
729 85032 13 1261 4.42681 0
729 88920 13 1337 3.85385 0
1000 94320 13 1031 4.35046 0
1000 99720 21 1721 6.12901 0
1000 105120 48 3890 13.0071 0
1000 110520 401 27611 129.704 0
1000 115920 16 1320 4.6796 0
1000 121320 15 1202 4.63437 0
1000 126720 13 1031 4.08258 0
1000 132120 21 1721 6.27209 0
1000 137520 48 3890 12.8509 0
1000 142920 401 27611 129.709 0
1000 148320 16 1320 4.6087 0
1000 153720 15 1202 4.75114 0
1000 159120 13 1031 4.42135 0
1000 164520 21 1721 6.19766 0
1000 169920 48 3890 12.9381 0
1000 175320 399 27611 129.223 0
1000 180720 16 1320 4.63405 0
1000 186120 16 1202 5.0065 0
1331 193380 60 3990 16.3717 0
1331 200640 66 4360 16.9751 0
1331 207900 57 3904 13.6808 0
1331 215160 24 1623 6.6423 0
1331 222420 95 6419 21.5158 0
1331 229680 343 20740 88.6279 0
1331 236940 59 3990 16.0493 0
1331 244200 66 4360 17.1253 0
1331 251460 57 3904 13.7648 0
1331 258720 25 1623 6.8659 0
1331 265980 96 6419 22.0278 0
1331 273240 344 20740 88.6398 0
1331 280500 61 3990 16.7387 0
1331 287760 66 4360 16.8176 0
1331 295020 57 3904 13.3016 0
1331 302280 25 1623 6.66796 0
1331 309540 97 6419 22.1305 0
1331 316800 340 20740 87.5426 0
1331 324060 59 3990 15.7513 0
1331 331320 65 4360 16.7936 0
1331 338580 269 14817 85.3817 0
1331 345840 24 1623 6.71608 0
1331 353100 95 6419 21.6952 0
1331 360360 340 20740 87.2003 0
1728 369864 32 1799 8.26269 0
1728 379368 38 2059 10.2042 0
1728 388872 32 1767 8.26109 0
1728 398376 84 4871 20.4164 0
1728 407880 89 4460 24.1064 0
1728 417384 240 12889 50.3037 0
1728 426888 33 1799 8.55109 0
1728 436392 222 12089 51.6739 0
1728 445896 32 1767 8.21553 0
1728 455400 83 4871 19.9461 0
1728 464904 89 4460 24.1121 0
1728 474408 241 12889 50.6207 0
1728 483912 33 1799 8.36278 0
1728 493416 224 12089 52.1192 0
1728 502920 32 1767 8.11191 0
1728 512424 85 4871 20.3593 0
1728 521928 90 4460 24.5038 0
1728 531432 240 12889 50.3284 0
1728 540936 45 2471 10.9353 0
1728 550440 222 12089 51.8032 0
1728 559944 32 1767 8.38171 0
1728 569448 83 4871 19.8679 0
1728 578952 90 4460 24.7425 0
1728 588456 144 7858 30.2665 0
2197 600624 118 5412 24.3405 0
2197 612792 91 4123 21.2913 0
2197 624960 262 11328 64.6245 0
2197 637128 54 2459 13.0998 0
2197 649296 8022 302864 2392.95 0
2197 661464 857 36611 213.258 0
2197 673632 117 5412 24.1349 0
2197 685800 90 4123 20.9041 0
2197 697968 261 11328 64.3878 0
2197 710136 103 4808 21.3699 0
2197 722304 7999 302864 2381.83 0
2197 734472 858 36611 213.145 0
2197 746640 118 5412 24.6177 0
2197 758808 92 4123 21.4218 0
2197 770976 2157 84083 589.991 0
2197 783144 104 4808 21.5072 0
2197 795312 8004 302864 2386.36 0
2197 807480 860 36611 213.99 0
2197 819648 118 5412 24.287 0
2197 831816 55 2435 13.5759 0
2197 843984 2164 84083 592.125 0
2197 856152 104 4808 22.109 0
2197 868320 8018 302864 2394.21 0
2197 880488 865 36611 215.705 0
2197 892656 105 4816 22.3676 0
2197 904824 55 2435 13.6542 0
2197 916992 2163 84083 591.34 0
2197 929160 104 4808 21.8152 0
2197 941328 8024 302864 2392.84 0
2197 953496 103 5038 24.0797 0
2197 965664 105 4816 22.6104 0
2197 977832 54 2435 13.717 0
2197 990000 2159 84083 590.099 0
2197 1002168 105 4808 21.8585 0
2197 1014336 203 10398 35.2624 0
2197 1026504 103 5038 23.9238 0
