1000 6600 22 1010 11.568 0
1000 13200 20 1005 10.5186 0
1000 19800 20 1037 10.576 0
1000 26400 22 1040 11.6494 0
1000 33000 22 1262 10.6979 0
1000 39600 20 1018 10.7348 0
216 40938 1 223 0.692621 0
216 42276 1 220 0.785013 0
216 43614 1 222 0.691338 0
216 44952 1 222 0.880614 0
216 46290 1 221 0.681714 0
216 47628 1 218 0.764161 0
343 49802 3 347 1.92163 0
343 51976 3 347 1.87287 0
343 54150 4 346 2.04546 0
343 56324 3 376 1.63611 0
343 58498 3 390 1.96366 0
343 60672 3 355 1.80967 0
512 63974 5 519 2.66975 0
512 67276 7 588 3.73996 0
512 70578 6 545 2.80674 0
512 73880 6 521 3.12337 0
512 77182 7 531 3.68767 0
512 80484 7 584 3.43167 0
729 85246 12 766 6.48959 0
729 90008 11 737 6.05811 0
729 94770 10 745 5.0665 0
729 99532 11 766 5.86113 0
729 104294 12 870 6.00132 0
729 109056 13 765 6.75971 0
1000 115776 22 1065 11.4271 0
1000 122496 23 1032 12.6183 0
1000 129216 22 1047 11.3713 0
1000 135936 22 1028 12.2593 0
1000 142656 24 1111 13.1608 0
1000 149376 22 1056 11.3979 0
1000 156216 24 1019 13.3869 0
1000 163056 22 1061 11.6851 0
1000 169896 23 1000 12.8034 0
1000 176736 25 1133 14.1023 0
1000 183576 23 1054 12.7392 0
1000 190416 21 1164 10.0688 0
1000 197376 23 1010 12.805 0
1000 204336 24 1040 13.6917 0
1000 211296 25 1071 13.5361 0
1000 218256 24 1015 13.779 0
1000 225216 23 1080 11.8028 0
1000 232176 25 1057 14.0375 0
1331 241116 39 1512 20.5361 0
1331 250056 34 1331 17.7066 0
1331 258996 37 1461 19.2692 0
1331 267936 40 1565 20.5342 0
1331 276876 40 1647 20.207 0
1331 285816 37 1384 19.4928 0
1331 294876 43 1346 24.3883 0
1331 303936 41 1474 22.2755 0
1331 312996 38 1502 19.5214 0
1331 322056 39 1363 21.6756 0
1331 331116 40 1338 22.2928 0
1331 340176 37 1427 19.6131 0
1331 349356 40 1621 20.0764 0
1331 358536 39 1537 20.7767 0
1331 367716 40 1334 21.8841 0
1331 376896 42 1643 21.7279 0
1331 386076 41 1411 22.6101 0
1331 395256 37 1377 20.2637 0
1331 404556 38 1375 21.0513 0
1331 413856 40 1510 21.3211 0
1331 423156 39 1435 21.1325 0
1331 432456 42 1567 22.4 0
1331 441756 44 1599 22.9559 0
1331 451056 41 1422 22.8299 0
1728 462720 60 1910 31.1971 0
1728 474384 64 2086 32.3511 0
1728 486048 60 1732 33.1877 0
1728 497712 59 1782 31.2719 0
1728 509376 67 2066 35.2926 0
1728 521040 63 1734 34.5589 0
1728 532824 58 1739 30.6502 0
1728 544608 67 1966 36.0862 0
1728 556392 66 1950 35.0503 0
1728 568176 73 2298 37.5947 0
1728 579960 63 2026 31.9206 0
1728 591744 62 1894 32.5516 0
1728 603648 66 1999 35.0141 0
1728 615552 70 1959 38.1458 0
1728 627456 64 2236 31.7653 0
1728 639360 65 1999 34.1537 0
1728 651264 62 1736 34.0283 0
1728 663168 63 1743 34.7684 0
1728 675192 64 1797 35.0394 0
1728 687216 65 1803 35.8341 0
1728 699240 64 1797 35.085 0
1728 711264 66 1821 36.4398 0
1728 723288 64 2065 32.5477 0
1728 735312 67 1836 36.8055 0
2197 750120 99 2389 52.4467 0
2197 764928 103 2384 55.1274 0
2197 779736 103 2330 56.2168 0
2197 794544 112 2738 57.9899 0
2197 809352 99 2794 48.9252 0
2197 824160 109 2677 57.2312 0
2197 839088 93 2199 50.1369 0
2197 854016 147 3500 72.7759 0
2197 868944 105 2379 57.3226 0
2197 883872 95 2317 50.2819 0
2197 898800 99 2256 54.1139 0
2197 913728 106 3024 51.1086 0
2197 928776 96 2210 51.7387 0
2197 943824 100 2200 55.3821 0
2197 958872 110 2774 55.7321 0
2197 973920 110 2551 59.1208 0
2197 988968 102 2536 52.7451 0
2197 1004016 100 2470 51.9398 0
2197 1019184 105 2217 58.8125 0
2197 1034352 106 2878 53.1108 0
2197 1049520 102 2299 56.4863 0
2197 1064688 102 2489 54.1601 0
2197 1079856 100 2306 54.1646 0
2197 1095024 106 2229 59.6751 0
2197 1110312 110 2895 56.0426 0
2197 1125600 98 2258 52.8301 0
2197 1140888 108 2520 57.8071 0
2197 1156176 107 2310 60.2083 0
2197 1171464 102 2316 55.3301 0
2197 1186752 108 2406 59.1163 0
2197 1202160 113 2644 59.7168 0
2197 1217568 108 2356 59.6273 0
2197 1232976 103 2285 56.5168 0
2197 1248384 109 2397 59.4191 0
2197 1263792 112 2549 59.9465 0
2197 1279200 119 2649 63.8276 0
