1000 6200 16 1012 6.92813 0
1000 12400 19 1192 8.6637 0
1000 18600 19 1007 9.60206 0
1000 24800 19 1120 8.78753 0
1000 31000 19 1022 9.81411 0
1000 37200 14 1019 5.50921 0
216 38452 1 234 0.653803 0
216 39704 1 223 0.724702 0
216 40956 1 244 0.72406 0
216 42208 1 239 0.840513 0
216 43460 1 228 0.626214 0
216 44712 1 260 0.817415 0
343 46750 2 345 1.37016 0
343 48788 3 343 1.42278 0
343 50826 3 343 1.37498 0
343 52864 3 372 1.33905 0
343 54902 3 406 1.37466 0
343 56940 2 352 1.23543 0
512 60036 4 515 1.9027 0
512 63132 5 542 2.51576 0
512 66228 5 549 2.4577 0
512 69324 6 800 2.27003 0
512 72420 4 513 1.74904 0
512 75516 6 753 2.83978 0
729 79986 11 765 5.8098 0
729 84456 9 838 4.13263 0
729 88926 9 759 4.28309 0
729 93396 11 733 5.93588 0
729 97866 13 952 6.39463 0
729 102336 10 810 4.70495 0
1000 108616 20 1013 10.4682 0
1000 114896 20 1329 8.91072 0
1000 121176 19 1039 9.20843 0
1000 127456 19 1099 9.4131 0
1000 133736 22 1105 11.5259 0
1000 140016 21 1053 11.1297 0
1000 146376 21 1215 9.87282 0
1000 152736 21 1424 9.28927 0
1000 159096 20 1052 10.4564 0
1000 165456 18 1045 8.37658 0
1000 171816 19 1144 8.72786 0
1000 178176 22 1101 11.2702 0
1000 184616 21 1101 10.8955 0
1000 191056 21 1002 11.4801 0
1000 197496 23 1111 12.4383 0
1000 203936 24 1007 13.3815 0
1000 210376 22 1005 11.9353 0
1000 216816 24 1006 13.0677 0
1331 225196 30 1378 13.8563 0
1331 233576 30 1351 14.767 0
1331 241956 45 2310 19.1813 0
1331 250336 34 1744 15.5838 0
1331 258716 43 2228 18.0601 0
1331 267096 35 1501 17.1715 0
1331 275556 31 1365 15.3211 0
1331 284016 37 1595 18.183 0
1331 292476 40 2178 15.6284 0
1331 300936 31 1415 14.9448 0
1331 309396 34 1635 15.971 0
1331 317856 28 1342 13.5679 0
1331 326396 34 1537 16.0179 0
1331 334936 44 2099 19.4476 0
1331 343476 32 1336 16.1366 0
1331 352016 34 1490 16.8 0
1331 360556 36 1448 18.9487 0
1331 369096 34 1409 17.4541 0
1331 377716 33 1494 15.1668 0
1331 386336 39 1344 21.3619 0
1331 394956 32 1426 15.3432 0
1331 403576 36 1499 18.3915 0
1331 412196 37 1611 17.4336 0
1331 420816 36 1448 18.2346 0
1728 431760 68 2818 28.1909 0
1728 442704 56 1734 28.6118 0
1728 453648 51 1839 24.3713 0
1728 464592 60 1914 30.2485 0
1728 475536 58 2255 27.0164 0
1728 486480 53 1923 25.0826 0
1728 497504 59 2039 28.4032 0
1728 508528 57 1979 28.1078 0
1728 519552 47 1736 22.4026 0
1728 530576 59 1903 29.7163 0
1728 541600 48 1902 21.3516 0
1728 552624 51 1825 24.791 0
1728 563728 49 1857 22.7125 0
1728 574832 55 2100 25.8977 0
1728 585936 64 2077 32.1073 0
1728 597040 54 1752 27.7485 0
1728 608144 57 1766 29.8552 0
1728 619248 60 2131 28.306 0
1728 630432 49 1742 24.1676 0
1728 641616 53 1746 27.1482 0
1728 652800 55 1790 27.8925 0
1728 663984 48 1914 21.53 0
1728 675168 58 1919 29.4584 0
1728 686352 61 1869 31.6572 0
2197 700280 109 3595 46.4104 0
2197 714208 111 3486 47.1762 0
2197 728136 79 2233 38.5629 0
2197 742064 81 2591 37.0005 0
2197 755992 79 2282 37.7467 0
2197 769920 74 2357 33.6244 0
2197 783928 88 2531 42.7131 0
2197 797936 82 2310 40.0777 0
2197 811944 69 2213 31.0733 0
2197 825952 78 2440 35.5842 0
2197 839960 84 2351 40.8046 0
2197 853968 69 2214 31.5898 0
2197 868056 96 2361 50.6377 0
2197 882144 107 3122 49.69 0
2197 896232 99 2770 46.669 0
2197 910320 88 2850 38.661 0
2197 924408 85 2331 42.1767 0
2197 938496 106 3123 49.8931 0
2197 952664 91 2461 45.7935 0
2197 966832 106 2917 50.5883 0
2197 981000 75 2204 34.8893 0
2197 995168 86 2358 42.6961 0
2197 1009336 75 2222 35.7799 0
2197 1023504 80 2200 39.84 0
2197 1037752 87 2349 44.1712 0
2197 1052000 83 2204 41.3664 0
2197 1066248 105 3306 46.1746 0
2197 1080496 88 2328 43.9152 0
2197 1094744 95 2525 46.9401 0
2197 1108992 93 2239 49.8735 0
2197 1123320 97 2511 49.5338 0
2197 1137648 97 2394 50.3182 0
2197 1151976 78 2232 37.8513 0
2197 1166304 108 3201 50.8196 0
2197 1180632 92 2655 44.2681 0
2197 1194960 88 2240 45.1352 0
