1000 5800 14 1116 5.12777 0
1000 11600 38 3235 11.8519 0
1000 17400 13 1042 4.92438 0
1000 23200 32 2288 12.3433 0
1000 29000 13 1016 4.89133 0
1000 34800 19 1008 7.6538 0
216 35966 1 272 0.682997 0
216 37132 1 240 0.691659 0
216 38298 2 299 0.982951 0
216 39464 1 230 0.547616 0
216 40630 1 274 0.676901 0
216 41796 1 223 0.649954 0
343 43696 2 381 1.14945 0
343 45596 2 356 1.0176 0
343 47496 2 352 1.14432 0
343 49396 3 533 1.42534 0
343 51296 2 349 1.01118 0
343 53196 2 371 1.17319 0
512 56088 5 722 1.92291 0
512 58980 4 555 1.79491 0
512 61872 5 644 2.10449 0
512 64764 8 1090 3.07589 0
512 67656 5 617 2.21517 0
512 70548 4 539 1.68135 0
729 74726 10 1057 3.9456 0
729 78904 13 1244 4.73863 0
729 83082 8 883 2.85967 0
729 87260 9 793 3.6511 0
729 91438 8 918 2.86673 0
729 95616 10 932 3.75536 0
1000 101456 12 1020 4.22727 0
1000 107296 14 1136 4.94234 0
1000 113136 13 1065 4.28694 0
1000 118976 12 1016 4.47044 0
1000 124816 14 1028 5.37671 0
1000 130656 16 1375 4.55417 0
1000 136536 17 1171 7.43533 0
1000 142416 13 1004 5.26604 0
1000 148296 13 1130 4.40211 0
1000 154176 13 1092 4.57727 0
1000 160056 19 1347 7.94637 0
1000 165936 18 1364 6.80206 0
1000 171856 20 1369 8.38684 0
1000 177776 18 1515 5.66704 0
1000 183696 14 1171 5.52108 0
1000 189616 12 1072 3.89908 0
1000 195536 11 1012 3.59977 0
1000 201456 25 1702 9.48817 0
1331 209276 24 1352 9.63863 0
1331 217096 25 1455 9.59404 0
1331 224916 23 1416 8.72593 0
1331 232736 22 1541 6.46168 0
1331 240556 39 1951 15.8565 0
1331 248376 37 2322 11.585 0
1331 256236 23 1377 8.62295 0
1331 264096 29 1780 9.58441 0
1331 271956 41 2365 14.2935 0
1331 279816 32 1797 12.7899 0
1331 287676 22 1405 8.28515 0
1331 295536 24 1538 8.51035 0
1331 303436 27 1439 12.1489 0
1331 311336 70 3705 25.6318 0
1331 319236 21 1346 7.55339 0
1331 327136 21 1600 6.00421 0
1331 335036 45 3069 13.7475 0
1331 342936 30 1468 14.2246 0
1331 350876 24 1397 9.14202 0
1331 358816 20 1360 6.57236 0
1331 366756 25 1368 10.4025 0
1331 374696 31 1882 11.3312 0
1331 382636 23 1575 7.67465 0
1331 390576 32 1530 14.7019 0
1728 400800 40 2487 9.20618 0
1728 411024 31 2001 7.76961 0
1728 421248 55 2964 17.6553 0
1728 431472 76 3216 27.9525 0
1728 441696 45 2075 17.3239 0
1728 451920 50 2581 15.5347 0
1728 462184 30 1733 8.42213 0
1728 472448 45 2470 13.7555 0
1728 482712 34 1943 9.66205 0
1728 492976 43 2201 13.6609 0
1728 503240 35 1999 10.0493 0
1728 513504 41 1823 16.7076 0
1728 523808 40 1733 17.2052 0
1728 534112 39 2376 9.67167 0
1728 544416 60 2331 26.0739 0
1728 554720 34 1809 11.8172 0
1728 565024 54 2616 19.0947 0
1728 575328 45 2358 14.948 0
1728 585672 66 4031 17.1744 0
1728 596016 34 1913 10.226 0
1728 606360 52 2097 22.169 0
1728 616704 40 2027 13.6991 0
1728 627048 38 1906 13.505 0
1728 637392 66 3834 18.0505 0
2197 650440 60 2247 23.5068 0
2197 663488 53 2366 16.808 0
2197 676536 117 5737 24.8076 0
2197 689584 68 3598 15.5036 0
2197 702632 67 2392 27.3183 0
2197 715680 152 5743 44.9617 0
2197 728768 93 3512 31.1487 0
2197 741856 46 2264 12.5711 0
2197 754944 70 2262 30.6489 0
2197 768032 79 2294 37.8799 0
2197 781120 75 2459 33.5236 0
2197 794208 114 6033 28.6272 0
2197 807336 65 2667 21.7526 0
2197 820464 64 3242 14.112 0
2197 833592 61 2545 21.214 0
2197 846720 64 3064 18.0993 0
2197 859848 60 2924 16.1173 0
2197 872976 64 2770 20.5204 0
2197 886144 59 2271 22.569 0
2197 899312 64 2500 23.8337 0
2197 912480 76 2683 30.8693 0
2197 925648 89 4566 22.7529 0
2197 938816 57 2559 17.4968 0
2197 951984 66 2312 27.5284 0
2197 965192 60 2304 22.4013 0
2197 978400 67 2774 23.4497 0
2197 991608 84 3419 28.7224 0
2197 1004816 102 3574 36.7634 0
2197 1018024 58 2227 21.9512 0
2197 1031232 101 4102 34.7992 0
2197 1044480 72 2842 26.9625 0
2197 1057728 55 2476 16.9267 0
2197 1070976 66 2318 27.2673 0
2197 1084224 64 2635 22.3769 0
2197 1097472 66 2615 23.9944 0
2197 1110720 65 2685 22.6592 0
