1296 7200 37 2538 8.92836 0
1296 14400 20 1483 4.98276 0
1296 21600 31 2177 6.67726 0
1296 28800 22 1616 5.16017 0
1296 36000 29 1972 6.63235 0
1296 43200 23 1704 5.41265 0
256 44544 1 282 0.723739 0
256 45888 1 261 0.689092 0
256 47232 1 265 0.75967 0
256 48576 1 281 0.667598 0
256 49920 1 276 0.702887 0
256 51264 1 297 0.753895 0
625 54664 6 778 2.18501 0
625 58064 6 676 2.07786 0
625 61464 6 748 2.06728 0
625 64864 5 673 1.86677 0
625 68264 6 677 1.97873 0
625 71664 6 771 2.11668 0
625 74664 6 766 1.97392 0
625 77664 6 747 1.84015 0
625 80664 6 739 1.69867 0
625 83664 7 797 2.2296 0
625 86664 5 675 1.60307 0
625 89664 7 852 2.13817 0
625 92664 6 766 1.93799 0
625 95664 6 747 1.91553 0
625 98664 6 739 1.70027 0
625 101664 7 797 2.08556 0
625 104664 6 675 1.86709 0
625 107664 7 852 2.1417 0
1296 114144 20 1505 4.31645 0
1296 120624 20 1607 4.28405 0
1296 127104 18 1442 3.94271 0
1296 133584 30 2169 6.27176 0
1296 140064 19 1403 4.17562 0
1296 146544 27 1926 5.76072 0
1296 153024 20 1505 4.19551 0
1296 159504 21 1607 4.59844 0
1296 165984 19 1442 4.24427 0
1296 172464 29 2169 6.46361 0
1296 178944 18 1403 3.97704 0
1296 185424 27 1926 5.78542 0
1296 191904 42 3024 9.41021 0
1296 198384 21 1607 4.59844 0
1296 204864 19 1442 4.15412 0
1296 211344 29 2169 6.2368 0
1296 217824 18 1403 4.03574 0
1296 224304 27 1926 5.72736 0
1296 230784 41 3024 8.98899 0
1296 237264 21 1607 4.57374 0
1296 243744 19 1442 4.04441 0
1296 250224 29 2169 6.26246 0
1296 256704 19 1403 4.0258 0
1296 263184 27 1926 5.61668 0
1296 269664 41 3024 9.03519 0
1296 276144 21 1607 4.4791 0
1296 282624 19 1442 4.19262 0
1296 289104 29 2169 6.2846 0
1296 295584 19 1403 4.16663 0
1296 302064 32 2338 6.36384 0
1296 308544 41 3024 9.00696 0
1296 315024 20 1607 4.35848 0
1296 321504 19 1442 4.09189 0
1296 327984 30 2169 6.49793 0
1296 334464 18 1403 4.19807 0
1296 340944 32 2338 6.44853 0
1296 347424 41 3024 9.11924 0
1296 353904 20 1607 4.24427 0
1296 360384 19 1442 4.04216 0
1296 366864 30 2014 6.72025 0
1296 373344 18 1403 3.94528 0
1296 379824 32 2338 6.29133 0
1296 386304 40 3024 9.01787 0
1296 392784 21 1607 4.34083 0
1296 399264 19 1442 4.20866 0
1296 405744 30 2014 6.67085 0
1296 412224 18 1403 3.99179 0
1296 418704 32 2338 6.35678 0
1296 425184 41 3024 9.13624 0
1296 431664 40 2611 8.45485 0
1296 438144 19 1442 4.30971 0
1296 444624 29 2014 6.38437 0
1296 451104 18 1403 3.90806 0
1296 457584 32 2338 6.29615 0
1296 464064 41 3024 9.05957 0
1296 470544 40 2611 8.53249 0
1296 477024 19 1442 4.07167 0
1296 483504 29 2014 6.48959 0
1296 489984 18 1403 3.85449 0
1296 496464 32 2338 6.42896 0
1296 502944 41 3024 9.05219 0
1296 509424 40 2611 8.45742 0
1296 515904 19 1442 4.13872 0
1296 522384 29 2014 6.42479 0
1296 528864 18 1403 4.04537 0
1296 535344 31 2338 6.30288 0
1296 541824 41 3024 8.98675 0
1296 548304 40 2611 8.32749 0
1296 554784 18 1442 3.97832 0
1296 561264 30 2014 6.59899 0
1296 567744 18 1403 4.12589 0
1296 574224 32 2338 6.45559 0
2401 586572 65 3032 9.61938 0
2401 598920 125 5106 15.1517 0
2401 611268 134 5343 20.905 0
2401 623616 63 2941 9.27612 0
2401 635964 79 3679 12.345 0
2401 648312 72 3306 11.1592 0
2401 660660 65 3032 9.73198 0
2401 673008 126 5106 15.6178 0
2401 685356 245 9181 37.1991 0
2401 697704 63 2941 9.54559 0
2401 710052 79 3679 12.4383 0
2401 722400 72 3306 10.7708 0
2401 734748 74 3338 11.0928 0
2401 747096 125 5106 15.3005 0
2401 759444 244 9181 36.8716 0
2401 771792 61 2941 9.07722 0
2401 784140 80 3679 12.5159 0
2401 796488 84 3839 11.9908 0
