1296 7718 27 1927 6.86012 0
1296 15436 21 1523 6.39175 0
1296 23154 21 1435 6.36127 0
1296 30872 19 1441 5.93492 0
1296 38590 21 1534 5.8098 0
1296 46308 23 1533 7.23483 0
256 47754 1 285 0.786938 0
256 49200 1 263 0.681714 0
256 50646 2 266 0.823189 0
256 52092 1 258 0.742667 0
256 53538 1 296 0.751008 0
256 54984 1 259 0.749404 0
625 58634 6 726 2.41439 0
625 62284 5 630 1.89308 0
625 65934 6 628 2.31109 0
625 69584 5 632 1.90816 0
625 73234 7 665 2.87956 0
625 76884 5 636 2.02589 0
625 80324 6 749 2.05252 0
625 83764 6 680 2.61842 0
625 87204 5 633 1.93575 0
625 90644 7 898 2.64922 0
625 94084 6 654 2.07626 0
625 97524 6 728 2.47374 0
625 101004 5 657 1.95211 0
625 104484 6 687 2.35183 0
625 107964 8 779 3.05985 0
625 111444 6 635 2.17635 0
625 114924 5 650 2.02076 0
625 118404 6 664 2.43781 0
1296 125404 18 1415 4.91058 0
1296 132404 20 1468 5.2423 0
1296 139404 21 1543 5.71741 0
1296 146404 21 1628 5.59326 0
1296 153404 17 1359 4.26833 0
1296 160404 27 1949 7.08982 0
1296 167444 23 1624 6.50371 0
1296 174484 18 1331 4.76077 0
1296 181524 35 2771 7.47351 0
1296 188564 24 1736 6.34812 0
1296 195604 29 2257 7.25247 0
1296 202644 20 1557 4.85797 0
1296 209724 23 1743 5.48483 0
1296 216804 20 1509 5.60096 0
1296 223884 25 1879 6.40105 0
1296 230964 19 1549 4.99945 0
1296 238044 21 1526 5.77516 0
1296 245124 18 1328 4.88139 0
1296 252244 23 1804 5.30582 0
1296 259364 20 1417 5.98272 0
1296 266484 24 1729 6.37025 0
1296 273604 19 1570 4.92342 0
1296 280724 20 1510 5.68084 0
1296 287844 24 1696 7.23258 0
1296 295004 18 1367 5.47584 0
1296 302164 17 1330 4.79606 0
1296 309324 17 1340 4.80247 0
1296 316484 19 1391 5.3318 0
1296 323644 18 1403 5.03858 0
1296 330804 18 1440 4.6642 0
1296 338004 18 1307 5.72062 0
1296 345204 32 2137 9.23409 0
1296 352404 17 1306 4.60133 0
1296 359604 16 1315 4.41013 0
1296 366804 18 1306 5.27053 0
1296 374004 31 2015 9.07593 0
1296 381244 18 1363 5.04436 0
1296 388484 17 1361 4.86856 0
1296 395724 25 1852 6.82163 0
1296 402964 19 1387 5.49028 0
1296 410204 18 1340 5.5923 0
1296 417444 19 1539 5.18295 0
1296 424724 17 1300 4.9016 0
1296 432004 22 1677 5.77259 0
1296 439284 19 1513 5.28432 0
1296 446564 19 1322 6.00485 0
1296 453844 19 1431 5.68148 0
1296 461124 19 1517 4.87048 0
1296 468444 19 1430 5.30004 0
1296 475764 19 1423 5.23973 0
1296 483084 19 1389 5.7928 0
1296 490404 25 1761 7.95375 0
1296 497724 18 1324 5.18038 0
1296 505044 24 1703 7.26402 0
1296 512404 19 1373 5.69431 0
1296 519764 18 1319 5.045 0
1296 527124 18 1416 4.98886 0
1296 534484 19 1417 5.44793 0
1296 541844 17 1297 4.88813 0
1296 549204 18 1380 5.45275 0
1296 556604 18 1308 5.47392 0
1296 564004 18 1314 5.72383 0
1296 571404 26 1643 9.49009 0
1296 578804 18 1322 5.48707 0
1296 586204 22 1545 6.34234 0
1296 593604 18 1298 5.38313 0
1296 601044 21 1389 7.63134 0
1296 608484 21 1589 6.12387 0
1296 615924 20 1337 6.91498 0
1296 623364 19 1301 6.71319 0
1296 630804 19 1514 5.49509 0
1296 638244 20 1506 5.72864 0
2401 651592 62 2884 13.4033 0
2401 664940 64 2812 16.0637 0
2401 678288 85 4033 16.4683 0
2401 691636 113 4695 26.7212 0
2401 704984 62 2897 13.2538 0
2401 718332 147 6595 28.5277 0
2401 731720 59 2920 12.5814 0
2401 745108 73 3517 15.7952 0
2401 758496 82 3680 18.0162 0
2401 771884 74 3563 13.5085 0
2401 785272 52 2492 11.4143 0
2401 798660 149 6037 32.9471 0
2401 812088 50 2477 10.4054 0
2401 825516 82 3474 17.4467 0
2401 838944 53 2610 11.6648 0
2401 852372 65 3277 11.9003 0
2401 865800 74 3167 18.3761 0
2401 879228 65 2930 15.7404 0
