1296 8754 33 1509 16.2466 0
1296 17508 30 1299 15.2835 0
1296 26262 32 1301 16.6617 0
1296 35016 33 1359 16.271 0
1296 43770 34 1304 17.6982 0
1296 52524 30 1363 14.573 0
256 54174 2 258 0.907561 0
256 55824 2 256 1.14303 0
256 57474 2 256 1.02049 0
256 59124 2 279 1.12603 0
256 60774 2 259 1.17511 0
256 62424 2 265 0.966269 0
625 66574 9 632 4.71778 0
625 70724 8 641 4.234 0
625 74874 9 627 4.77039 0
625 79024 7 625 3.40055 0
625 83174 9 628 4.70013 0
625 87324 9 645 4.68634 0
625 91644 10 644 5.42452 0
625 95964 10 625 5.64363 0
625 100284 10 689 5.22465 0
625 104604 10 625 5.23235 0
625 108924 10 655 5.19161 0
625 113244 10 627 5.86209 0
625 117684 10 631 5.50921 0
625 122124 10 629 5.59358 0
625 126564 9 626 5.04147 0
625 131004 10 632 5.66287 0
625 135444 11 650 6.1489 0
625 139884 11 655 5.93973 0
1296 147924 27 1341 12.6529 0
1296 155964 28 1346 13.3411 0
1296 164004 27 1311 12.3636 0
1296 172044 28 1467 12.3106 0
1296 180084 29 1374 13.5457 0
1296 188124 26 1322 12.2317 0
1296 196284 26 1313 12.2773 0
1296 204444 31 1459 14.7436 0
1296 212604 31 1529 14.2938 0
1296 220764 27 1318 12.1573 0
1296 228924 31 1465 14.8732 0
1296 237084 29 1440 12.9445 0
1296 245364 33 1385 16.5642 0
1296 253644 31 1444 14.7799 0
1296 261924 31 1365 15.0625 0
1296 270204 28 1299 13.2111 0
1296 278484 33 1316 17.5561 0
1296 286764 32 1431 15.3143 0
1296 295164 32 1424 15.6842 0
1296 303564 31 1300 15.3474 0
1296 311964 34 1423 17.2395 0
1296 320364 31 1482 14.7215 0
1296 328764 33 1375 16.9152 0
1296 337164 31 1396 14.9778 0
1296 345684 33 1349 17.0874 0
1296 354204 32 1392 16.3258 0
1296 362724 35 1349 18.0604 0
1296 371244 31 1350 15.2883 0
1296 379764 34 1307 17.7778 0
1296 388284 31 1305 15.2088 0
1296 396924 35 1424 17.8413 0
1296 405564 37 1382 19.7103 0
1296 414204 35 1475 17.5167 0
1296 422844 32 1297 16.7028 0
1296 431484 34 1359 18.0364 0
1296 440124 34 1340 17.5966 0
1296 448884 35 1296 18.7723 0
1296 457644 36 1301 19.5211 0
1296 466404 35 1307 18.7941 0
1296 475164 35 1301 18.8807 0
1296 483924 34 1326 17.9087 0
1296 492684 35 1296 18.9263 0
1296 501564 38 1490 19.462 0
1296 510444 34 1353 17.8885 0
1296 519324 40 1443 21.5669 0
1296 528204 35 1411 17.712 0
1296 537084 37 1416 19.8169 0
1296 545964 41 1463 22.2425 0
1296 554964 40 1308 22.2701 0
1296 563964 38 1328 21.0103 0
1296 572964 38 1305 20.6667 0
1296 581964 38 1368 20.0575 0
1296 590964 36 1319 19.1701 0
1296 599964 39 1297 21.6284 0
1296 609084 41 1413 22.0968 0
1296 618204 38 1401 20.6041 0
1296 627324 40 1389 21.9493 0
1296 636444 40 1315 22.2572 0
1296 645564 38 1304 20.7786 0
1296 654684 41 1332 22.844 0
1296 663924 39 1302 22.0352 0
1296 673164 41 1312 22.9569 0
1296 682404 41 1357 22.5424 0
1296 691644 39 1298 22.0593 0
1296 700884 40 1351 22.5838 0
1296 710124 41 1364 23.0968 0
1296 719484 42 1338 23.6421 0
1296 728844 41 1367 22.5238 0
1296 738204 38 1308 21.1687 0
1296 747564 42 1334 24.0894 0
1296 756924 41 1385 22.7019 0
1296 766284 42 1301 23.841 0
2401 781632 105 2952 47.3728 0
2401 796980 100 2485 49.1071 0
2401 812328 97 2470 47.5509 0
2401 827676 97 2461 46.8441 0
2401 843024 92 2648 41.5788 0
2401 858372 93 2411 45.0309 0
2401 873840 123 3277 55.5226 0
2401 889308 108 2686 53.2532 0
2401 904776 110 2731 53.0229 0
2401 920244 101 2613 48.7523 0
2401 935712 99 2471 48.2782 0
2401 951180 102 2481 50.535 0
2401 966768 104 2673 50.262 0
2401 982356 106 2497 53.2885 0
2401 997944 99 2708 46.5073 0
2401 1013532 106 2477 54.6006 0
2401 1029120 103 2532 50.6168 0
2401 1044708 102 2479 51.6742 0
