1296 8236 28 1369 12.5965 0
1296 16472 20 1301 7.02085 0
1296 24708 29 1505 12.1377 0
1296 32944 23 1326 9.53501 0
1296 41180 28 1404 12.8239 0
1296 49416 28 1447 12.1768 0
256 50964 1 264 0.713473 0
256 52512 2 265 1.03107 0
256 54060 2 257 0.888313 0
256 55608 1 258 0.73593 0
256 57156 1 256 0.720531 0
256 58704 1 259 0.669523 0
625 62604 6 667 2.66045 0
625 66504 6 626 2.47759 0
625 70404 7 700 3.31938 0
625 74304 7 651 3.28025 0
625 78204 7 730 2.63607 0
625 82104 6 634 2.17988 0
625 85984 8 684 3.9395 0
625 89864 7 638 3.4939 0
625 93744 8 673 4.27346 0
625 97624 7 635 3.44739 0
625 101504 9 723 4.1753 0
625 105384 8 660 4.18267 0
625 109344 7 655 3.61196 0
625 113304 8 654 4.16086 0
625 117264 8 626 4.30875 0
625 121224 9 647 4.51246 0
625 125184 7 631 3.25426 0
625 129144 9 625 4.49065 0
1296 136664 27 1518 11.1977 0
1296 144184 20 1306 7.44335 0
1296 151704 23 1496 8.13886 0
1296 159224 20 1520 5.72062 0
1296 166744 22 1354 8.41443 0
1296 174264 18 1318 5.92818 0
1296 181864 21 1354 7.71956 0
1296 189464 24 1539 8.51613 0
1296 197064 25 1459 10.2382 0
1296 204664 25 1627 8.59569 0
1296 212264 25 1398 10.4172 0
1296 219864 21 1300 8.09587 0
1296 227544 23 1409 8.75898 0
1296 235224 24 1315 9.76503 0
1296 242904 24 1368 10.1044 0
1296 250584 22 1335 8.43207 0
1296 258264 22 1341 8.90526 0
1296 265944 27 1431 11.5198 0
1296 273704 25 1322 11.2224 0
1296 281464 26 1352 12.1772 0
1296 289224 23 1309 9.85485 0
1296 296984 25 1314 10.7448 0
1296 304744 26 1309 11.6767 0
1296 312504 24 1325 9.77433 0
1296 320344 24 1499 8.99862 0
1296 328184 26 1351 11.9702 0
1296 336024 26 1515 9.99312 0
1296 343864 27 1350 12.1117 0
1296 351704 25 1348 10.4875 0
1296 359544 23 1305 9.90778 0
1296 367464 26 1309 11.6071 0
1296 375384 33 1750 13.8114 0
1296 383304 31 1597 13.8133 0
1296 391224 26 1413 10.8952 0
1296 399144 25 1315 10.9241 0
1296 407064 30 1488 14.0898 0
1296 415064 28 1466 12.1076 0
1296 423064 27 1479 11.6276 0
1296 431064 29 1435 13.6766 0
1296 439064 27 1460 11.1769 0
1296 447064 29 1308 13.7584 0
1296 455064 28 1455 12.1088 0
1296 463144 28 1439 12.5464 0
1296 471224 29 1509 12.6298 0
1296 479304 27 1459 11.8153 0
1296 487384 30 1428 14.4956 0
1296 495464 34 1376 17.568 0
1296 503544 32 1449 15.2823 0
1296 511704 28 1298 13.6933 0
1296 519864 30 1312 14.6756 0
1296 528024 30 1525 13.3924 0
1296 536184 28 1306 13.4469 0
1296 544344 29 1301 14.1251 0
1296 552504 33 1371 16.6114 0
1296 560744 32 1341 16.0868 0
1296 568984 31 1317 15.2531 0
1296 577224 29 1298 14.4767 0
1296 585464 29 1402 13.2987 0
1296 593704 28 1458 12.6 0
1296 601944 34 1518 16.1035 0
1296 610264 31 1355 15.0118 0
1296 618584 32 1344 16.3759 0
1296 626904 34 1560 16.2957 0
1296 635224 29 1297 14.205 0
1296 643544 32 1383 15.6996 0
1296 651864 35 1347 18.3078 0
1296 660264 35 1418 17.9466 0
1296 668664 33 1331 17.3707 0
1296 677064 30 1334 15.0096 0
1296 685464 33 1491 16.2402 0
1296 693864 31 1459 14.6737 0
1296 702264 32 1367 16.1779 0
2401 716612 77 2652 28.2024 0
2401 730960 84 3326 26.4729 0
2401 745308 59 2408 18.7601 0
2401 759656 67 2806 20.1633 0
2401 774004 84 2959 31.4102 0
2401 788352 74 2456 29.8443 0
2401 802780 83 2647 34.4556 0
2401 817208 91 3009 35.341 0
2401 831636 85 3058 28.9168 0
2401 846064 72 2736 25.0537 0
2401 860492 78 2509 31.7406 0
2401 874920 74 2460 28.9845 0
2401 889428 83 3246 27.4912 0
2401 903936 90 2771 36.8924 0
2401 918444 70 2844 21.674 0
2401 932952 72 2429 28.3339 0
2401 947460 83 2645 33.8781 0
2401 961968 75 2430 31.3903 0
