1000 20094 58 1005 38.0149 0
1000 40170 54 1003 35.2666 0
1000 60264 53 1002 34.8989 0
1000 80354 56 1003 36.9466 0
1000 100442 57 1011 37.1414 0
1000 120518 57 1002 37.5931 0
200 121404 1 201 0.486022 0
200 122292 1 203 0.500779 0
200 123176 1 203 0.506874 0
200 124074 1 202 0.472548 0
200 124948 1 214 0.499496 0
200 125850 1 207 0.479926 0
400 129120 6 402 3.372 0
400 132424 6 412 3.48588 0
400 135730 6 402 3.60266 0
400 139024 5 401 3.26902 0
400 142302 6 400 3.8439 0
400 145592 6 400 3.45316 0
600 152870 17 602 10.7217 0
600 160152 17 600 10.5587 0
600 167442 16 601 10.3903 0
600 174728 16 603 10.1522 0
600 182030 17 609 10.6062 0
600 189324 17 607 10.3316 0
800 202184 33 805 21.3169 0
800 215062 33 817 20.9467 0
800 227940 32 800 20.5724 0
800 240818 33 805 21.4417 0
800 253692 34 800 22.2271 0
800 266564 35 800 22.486 0
1100 290832 70 1102 45.6678 0
1100 315106 68 1102 44.9536 0
1100 339384 69 1102 45.6809 0
1100 363652 69 1107 45.7743 0
1100 387940 70 1103 45.7306 0
1100 412202 69 1116 45.1981 0
1200 441064 86 1201 56.7359 0
1200 469924 84 1211 55.8553 0
1200 498782 85 1202 56.452 0
1200 527654 85 1208 55.5313 0
1200 556540 84 1202 55.6127 0
1200 585412 84 1205 55.9704 0
1300 619276 99 1306 65.9289 0
1300 653152 100 1303 66.6812 0
1300 687016 102 1301 68.1014 0
1300 720876 101 1301 67.1557 0
1300 754750 100 1302 66.5538 0
1300 788628 102 1300 68.2297 0
1400 827898 118 1403 79.0614 0
1400 867174 120 1401 80.1653 0
1400 906426 117 1400 78.0663 0
1400 945686 118 1400 79.0185 0
1400 984962 118 1400 78.2251 0
1400 1024236 123 1411 81.9375 0
1500 1069308 139 1501 92.903 0
1500 1114388 134 1501 89.7206 0
1500 1159436 140 1500 93.1513 0
1500 1204492 141 1500 94.3437 0
1500 1249558 139 1505 92.6024 0
1500 1294638 139 1501 92.8856 0
1600 1345906 159 1602 106.653 0
1600 1397170 158 1600 106.172 0
1600 1448416 162 1601 108.4 0
1600 1499664 156 1600 104.495 0
1600 1550938 159 1609 106.671 0
1600 1602210 158 1613 106.407 0
1700 1660080 180 1700 120.857 0
1700 1717944 177 1701 119.043 0
1700 1775796 179 1705 120.277 0
1700 1833650 182 1700 122.798 0
1700 1891520 182 1700 122.617 0
1700 1949388 178 1702 119.244 0
1800 2014246 203 1803 136.962 0
1800 2079130 201 1802 134.765 0
1800 2143992 203 1800 136.322 0
1800 2208848 199 1800 133.184 0
1800 2273706 203 1801 136.94 0
1800 2338580 204 1805 137.656 0
1900 2410854 228 1901 153.737 0
1900 2483124 225 1903 151.238 0
1900 2555372 224 1900 150.786 0
1900 2627626 226 1900 152.478 0
1900 2699888 225 1905 151.178 0
1900 2772166 222 1900 148.888 0
2000 2852246 257 2000 172.849 0
2000 2932314 255 2008 171.426 0
2000 3012366 253 2001 171.005 0
2000 3092426 258 2001 174.44 0
2000 3172492 255 2004 172.5 0
2000 3252564 256 2003 172.758 0
2100 3340832 288 2100 194.412 0
2100 3429104 288 2101 195.21 0
2100 3517362 278 2100 188.051 0
2100 3605620 283 2103 191.457 0
2100 3693890 286 2101 193.583 0
2100 3782168 280 2123 189.058 0
2200 3879022 317 2200 215.271 0
2200 3975876 306 2202 207.288 0
2200 4072726 310 2213 209.228 0
2200 4169594 310 2203 209.002 0
2200 4266456 303 2200 204.592 0
2200 4363320 309 2205 209.022 0
2300 4469180 340 2301 230.523 0
2300 4575014 350 2303 236.959 0
2300 4680862 344 2301 233.23 0
2300 4786712 339 2300 229.787 0
2300 4892562 344 2302 233.271 0
2300 4998422 347 2312 235.374 0
2400 5113676 374 2400 253.584 0
2400 5228914 376 2400 255.64 0
2400 5344168 371 2407 251.167 0
2400 5459408 373 2400 252.972 0
2400 5574662 372 2402 252.447 0
2400 5689914 372 2402 252.602 0
2500 5814966 399 2501 270.293 0
2500 5940024 408 2501 276.757 0
2500 6065070 413 2502 280.844 0
2500 6190128 407 2505 276.559 0
2500 6315172 411 2500 279.244 0
2500 6440224 414 2513 280.668 0
2600 6575482 437 2600 296.54 0
2600 6710732 441 2602 299.054 0
2600 6845972 434 2601 294.445 0
2600 6981234 441 2600 299.485 0
2600 7116472 442 2600 300.627 0
2600 7251728 442 2600 300.407 0
2700 7397586 481 2703 327.362 0
2700 7543424 476 2706 323.674 0
2700 7689252 477 2706 323.792 0
2700 7835098 479 2706 325.759 0
2700 7980932 480 2700 326.483 0
2700 8126790 478 2700 325.293 0
