1000 99916 107 1000 69.2092 0
1000 199830 109 1001 70.4642 0
1000 299748 109 1001 70.3657 0
1000 399660 106 1000 67.6045 0
1000 499580 111 1001 71.3746 0
1000 599490 109 1002 70.4144 0
200 603494 4 202 2.37461 0
200 607488 4 202 2.36113 0
200 611482 3 200 2.34253 0
200 615484 3 200 2.31751 0
200 619488 4 200 2.43171 0
200 623488 4 200 2.57319 0
400 639468 16 404 9.9681 0
400 655452 16 401 10.4301 0
400 671432 16 403 9.88116 0
400 687402 16 402 10.0031 0
400 703384 17 402 10.6367 0
400 719362 17 403 10.7226 0
600 755316 38 601 24.2013 0
600 791274 38 601 24.0932 0
600 827228 37 600 23.6431 0
600 863192 38 600 24.2196 0
600 899150 38 600 24.0996 0
600 935116 38 601 24.3668 0
800 999060 69 800 44.3322 0
800 1063004 67 801 42.4783 0
800 1126940 68 800 43.1947 0
800 1190876 70 801 45.2709 0
800 1254820 69 800 44.0413 0
800 1318758 68 801 43.8238 0
1100 1439672 132 1101 84.9588 0
1100 1560580 130 1102 83.8222 0
1100 1681482 130 1103 83.7356 0
1100 1802386 134 1102 86.6954 0
1100 1923290 132 1101 84.8841 0
1100 2044200 133 1100 85.7548 0
1200 2188102 156 1202 100.948 0
1200 2331992 159 1201 102.96 0
1200 2475882 155 1200 100.128 0
1200 2619774 158 1202 102.143 0
1200 2763672 158 1204 101.444 0
1200 2907570 158 1200 102.223 0
1300 3076462 185 1303 119.864 0
1300 3245344 186 1302 120.111 0
1300 3414230 185 1300 119.485 0
1300 3583128 185 1302 119.676 0
1300 3752012 188 1300 121.833 0
1300 3920904 185 1301 119.196 0
1400 4116786 211 1400 135.99 0
1400 4312658 217 1400 140.438 0
1400 4508530 215 1400 139.705 0
1400 4704416 216 1403 140.158 0
1400 4900294 215 1407 139.83 0
1400 5096168 216 1402 140.445 0
1500 5321038 252 1502 164.12 0
1500 5545910 253 1502 165.252 0
1500 5770774 251 1500 162.994 0
1500 5995644 245 1503 159.243 0
1500 6220512 249 1501 162.204 0
1500 6445382 247 1501 159.9 0
1600 6701244 283 1600 183.344 0
1600 6957106 283 1600 184.106 0
1600 7212958 279 1601 180.378 0
1600 7468820 282 1601 182.814 0
1600 7724676 285 1603 186.61 0
1600 7980544 283 1602 183.796 0
1700 8269390 320 1700 208.705 0
1700 8558240 323 1701 210.658 0
1700 8847086 320 1700 208.584 0
1700 9135932 323 1700 211.071 0
1700 9424780 321 1702 208.454 0
1700 9713632 325 1701 211.722 0
1800 10037474 359 1803 234.725 0
1800 10361314 362 1800 236.482 0
1800 10685156 359 1800 233.638 0
1800 11008998 357 1802 232.606 0
1800 11332840 361 1801 235.601 0
1800 11656680 350 1800 227.175 0
1900 12017516 405 1900 265.164 0
1900 12378344 402 1900 262.645 0
1900 12739172 404 1901 264.602 0
1900 13100004 402 1901 262.905 0
1900 13460832 406 1901 265.714 0
1900 13821656 401 1900 261.822 0
2000 14221474 445 2000 290.772 0
2000 14621296 448 2001 292.72 0
2000 15021116 455 2000 299.036 0
2000 15420932 447 2000 292.206 0
2000 15820752 448 2001 292.812 0
2000 16220574 449 2000 294.64 0
2100 16661384 494 2101 324.061 0
2100 17102196 502 2102 329.638 0
2100 17543004 499 2100 327.553 0
2100 17983810 493 2101 323.436 0
2100 18424616 489 2105 320.02 0
2100 18865424 502 2100 328.785 0
2200 19349224 541 2202 355.301 0
2200 19833022 545 2200 358.093 0
2200 20316818 542 2203 354.642 0
2200 20800610 543 2200 355.705 0
2200 21284410 537 2202 351.458 0
2200 21768212 541 2202 354.804 0
2300 22296994 599 2300 394.283 0
2300 22825778 591 2301 387.708 0
2300 23354562 597 2304 392.158 0
2300 23883344 597 2301 392.516 0
2300 24412134 588 2300 383.933 0
2300 24940916 598 2300 392.942 0
2400 25516696 651 2400 428.405 0
2400 26092478 652 2400 429.289 0
2400 26668254 644 2400 422.27 0
2400 27244026 641 2401 420.064 0
2400 27819806 649 2402 425.949 0
2400 28395574 652 2400 428.042 0
2500 29020342 713 2500 469.935 0
2500 29645108 705 2500 462.545 0
2500 30269874 703 2500 462.789 0
2500 30894644 708 2503 465.944 0
2500 31519412 708 2502 466.815 0
2500 32144182 716 2500 472.036 0
2600 32819942 776 2600 512.93 0
2600 33495704 753 2600 493.215 0
2600 34171464 764 2602 502.988 0
2600 34847228 762 2600 501.556 0
2600 35522992 772 2602 509.024 0
2600 36198754 758 2605 496.783 0
2700 36927502 811 2701 531.871 0
2700 37656260 820 2700 539.962 0
2700 38385006 824 2703 541.861 0
2700 39113758 820 2700 538.677 0
2700 39842508 829 2702 546.061 0
2700 40571252 827 2701 545.463 0
