1000 199806 165 1000 104.143 0
1000 399616 164 1003 103.81 0
1000 599420 163 1000 102.925 0
1000 799226 160 1000 100.705 0
1000 999034 160 1000 101.281 0
1000 1198840 163 1000 103.076 0
200 1206806 6 200 3.67452 0
200 1214776 6 200 4.05916 0
200 1222742 6 201 3.59271 0
200 1230714 6 200 3.80541 0
200 1238676 6 201 3.94175 0
200 1246646 5 200 3.53625 0
400 1278572 24 401 15.0368 0
400 1310496 24 401 14.7802 0
400 1342426 24 400 15.0898 0
400 1374352 25 401 15.7413 0
400 1406280 25 400 15.6024 0
400 1438206 24 400 14.845 0
600 1510090 59 600 37.2585 0
600 1581978 56 600 35.2021 0
600 1653864 55 600 34.0838 0
600 1725746 56 600 35.0359 0
600 1797636 55 600 34.4119 0
600 1869532 56 600 35.3503 0
800 1997382 103 802 64.6906 0
800 2125230 102 802 64.0301 0
800 2253082 102 800 64.5004 0
800 2380934 101 800 63.1 0
800 2508782 102 802 63.7699 0
800 2636632 100 800 62.8604 0
1100 2878416 197 1100 124.199 0
1100 3120208 195 1100 122.907 0
1100 3362006 195 1100 123.104 0
1100 3603794 196 1100 124.526 0
1100 3845584 198 1100 125.501 0
1100 4087378 195 1103 123.233 0
1200 4375144 234 1200 148.66 0
1200 4662914 235 1201 149.619 0
1200 4950678 240 1201 152.442 0
1200 5238444 235 1200 149.305 0
1200 5526212 234 1201 147.936 0
1200 5813986 232 1201 147.325 0
1300 6151734 279 1300 178.051 0
1300 6489484 279 1300 177.792 0
1300 6827226 276 1300 174.942 0
1300 7164976 279 1300 178.015 0
1300 7502722 281 1300 179.571 0
1300 7840468 279 1300 177.958 0
1400 8232196 324 1400 206.533 0
1400 8623926 321 1400 204.305 0
1400 9015648 323 1401 205.737 0
1400 9407376 324 1400 206.136 0
1400 9799100 324 1401 206.412 0
1400 10190828 320 1400 204.363 0
1500 10640538 371 1500 237.726 0
1500 11090246 373 1500 238.849 0
1500 11539950 371 1501 236.548 0
1500 11989658 370 1500 236.124 0
1500 12439360 376 1500 241.183 0
1500 12889066 371 1500 237.668 0
1600 13400752 426 1600 273.613 0
1600 13912442 424 1600 272.208 0
1600 14424130 427 1600 274.252 0
1600 14935818 428 1600 274.424 0
1600 15447502 421 1600 269.921 0
1600 15959192 425 1600 273.254 0
1700 16536856 478 1700 305.35 0
1700 17114528 477 1700 305.115 0
1700 17692196 486 1700 312.48 0
1700 18269866 478 1700 307.238 0
1700 18847534 478 1700 306.027 0
1700 19425204 476 1700 304.201 0
1800 20072854 544 1801 349.222 0
1800 20720506 533 1802 340.355 0
1800 21368154 533 1800 340.718 0
1800 22015800 532 1800 339.946 0
1800 22663446 534 1800 342.266 0
1800 23311096 536 1802 343.22 0
1900 24032726 597 1900 382.814 0
1900 24754350 594 1901 380.908 0
1900 25475982 603 1900 386.377 0
1900 26197612 611 1900 394.337 0
1900 26919238 605 1900 389.121 0
1900 27640870 600 1900 386.285 0
2000 28440480 668 2000 430.417 0
2000 29240090 666 2000 427.113 0
2000 30039698 670 2000 431.538 0
2000 30839306 670 2000 431.413 0
2000 31638912 664 2000 426.65 0
2000 32438526 673 2000 434.95 0
2100 33320112 742 2100 479.691 0
2100 34201702 733 2100 471.062 0
2100 35083294 736 2100 473.498 0
2100 35964878 736 2101 472.465 0
2100 36846466 743 2100 479.201 0
2100 37728058 747 2100 482.614 0
2200 38695624 813 2200 524.961 0
2200 39663198 815 2200 527.438 0
2200 40630766 806 2200 520.036 0
2200 41598328 816 2200 527.94 0
2200 42565896 811 2200 521.759 0
2200 43533466 806 2200 518.787 0
2300 44591012 880 2301 566.48 0
2300 45648560 891 2300 577.296 0
2300 46706110 899 2303 582.317 0
2300 47763658 884 2300 569.758 0
2300 48821212 892 2301 578.433 0
2300 49878764 902 2300 585.284 0
2400 51030294 1009 2401 654.998 0
2400 52181822 973 2400 628.284 0
2400 53333356 972 2400 627.597 0
2400 54484888 983 2401 638.48 0
2400 55636414 971 2400 625.476 0
2400 56787942 982 2400 638.057 0
2500 58037450 1052 2500 680.022 0
2500 59286960 1056 2500 683.009 0
2500 60536466 1060 2500 687.968 0
2500 61785972 1052 2500 680.409 0
2500 63035478 1049 2502 677.963 0
2500 64284986 1066 2500 690.861 0
2600 65636476 1148 2600 745.771 0
2600 66987968 1143 2603 739.818 0
2600 68339460 1139 2600 737.652 0
2600 69690948 1156 2600 750.669 0
2600 71042436 1142 2600 741.833 0
2600 72393920 1148 2600 745.879 0
2700 73851394 1232 2700 799.657 0
2700 75308860 1246 2700 810.046 0
2700 76766328 1214 2702 785.385 0
2700 78223800 1246 2701 812.799 0
2700 79681270 1241 2700 806.616 0
2700 81138742 1231 2700 796.56 0
