1024 3968 422 31315 111.383 0
1024 7936 437 34704 105.147 0
1024 11904 342 28852 71.5408 0
1024 15872 319 26345 75.5271 0
1024 19840 24 2109 5.43638 0
1024 23808 17 1637 3.73194 0
196 24536 1 255 0.636801 0
196 25264 1 211 0.605362 0
196 25992 9 1622 3.72905 0
196 26720 1 225 0.404858 0
196 27448 2 433 1.10101 0
196 28176 2 475 0.89505 0
400 29696 38 5573 10.8959 0
400 31216 62 7891 21.9377 0
400 32736 2 477 0.924243 0
400 34256 2 408 0.806828 0
400 35776 19 2543 6.54798 0
400 37296 4 615 1.63772 0
576 39504 174 18326 57.0484 0
576 41712 76 8631 21.135 0
576 43920 108 13173 28.4777 0
576 46128 79 9631 20.5714 0
576 48336 8 1018 2.49074 0
576 50544 64 7731 18.0511 0
784 53568 91 9685 21.0792 0
784 56592 31 2835 9.39193 0
784 59616 341 31493 94.7094 0
784 62640 65 7227 16.1058 0
784 65664 52 5392 12.2946 0
784 68688 7 843 2.12791 0
1089 72912 1616 127198 344.992 0
1089 77136 18 1559 3.93052 0
1089 81360 16 1381 3.82305 0
1089 85584 16 1439 3.55261 0
1089 89808 72 6487 13.8964 0
1089 94032 350 25954 85.1433 0
1225 98792 22 1776 4.25614 0
1225 103552 981 73737 197.586 0
1225 108312 1454 106162 307.697 0
1225 113072 368 29279 70.4115 0
1225 117832 88 5926 22.1526 0
1225 122592 147 11241 27.693 0
1296 127632 338 21870 77.9239 0
1296 132672 157 12786 28.6923 0
1296 137712 375 27385 74.822 0
1296 142752 107 9166 18.038 0
1296 147792 17 1316 3.53112 0
1296 152832 1567 106207 319.765 0
1369 158160 211 15922 34.2012 0
1369 163488 344 22388 70.5251 0
1369 168816 328 23553 58.0105 0
1369 174144 840 51738 178.55 0
1369 179472 385 28737 62.4376 0
1369 184800 20 1476 4.03029 0
1521 190728 1282 80071 261.72 0
1521 196656 626 40918 99.9286 0
1521 202584 965 60246 177.213 0
1521 208512 213 15937 39.1952 0
1521 214440 22 1560 3.89042 0
1521 220368 2663 163663 490.939 0
1600 226608 1292 69040 291.277 0
1600 232848 43 2764 7.84243 0
1600 239088 1959 111554 385.586 0
1600 245328 2281 119254 539.204 0
1600 251568 8157 436241 1780.93 0
1600 257808 37 2571 6.76677 0
1681 264368 252 15234 46.6812 0
1681 270928 872 48451 161.064 0
1681 277488 492 27528 95.3979 0
1681 284048 2611 158586 414.503 0
1681 290608 451 24649 94.9468 0
1681 297168 101 6970 16.4971 0
1764 304056 962 56962 159.144 0
1764 310944 6884 367464 1283.27 0
1764 317832 1230 72501 179.984 0
1764 324720 2642 148732 447.995 0
1764 331608 821 49453 118.531 0
1764 338496 185 9914 35.0292 0
1936 346064 50 3037 7.95664 0
1936 353632 730 40930 100.425 0
1936 361200 128 6862 21.7795 0
1936 368768 4901 258764 777.674 0
1936 376336 244 14794 35.4642 0
1936 383904 6615 333494 1186.78 0
2025 391824 8065 388518 1455.77 0
2025 399744 881 44673 150.366 0
2025 407664 46 2545 7.70032 0
2025 415584 12727 586648 2564.5 0
2025 423504 1941 92372 363.473 0
2025 431424 4155 200949 721.585 0
2116 439704 71 3909 10.4791 0
2116 447984 3834 177710 686.688 0
2116 456264 2268 104874 372.724 0
2116 464544 3988 191479 689.197 0
2116 472824 11337 511047 1952.36 0
2116 481104 1497 67899 281.498 0
2209 489752 14487 612990 2728.48 0
2209 498400 589 24163 114.772 0
2209 507048 251 10924 49.203 0
2209 515696 505 26086 68.0385 0
2209 524344 131 6254 21.3789 0
2209 532992 233 12631 32.0033 0
2304 542016 641 27286 112.722 0
2304 551040 1328 55145 248.652 0
2304 560064 2874 122291 513.599 0
2304 569088 2454 117575 322.221 0
2304 578112 1576 73916 205.351 0
2304 587136 231 11163 35.265 0
2401 596544 1468 67418 206.185 0
2401 605952 1994 90531 276.064 0
2401 615360 9399 392599 1547.56 0
2401 624768 10913 471618 1661.01 0
2401 634176 61 2995 9.58345 0
2401 643584 17501 705281 3150.48 0
2500 653384 14507 584859 2490.57 0
2500 663184 472 23655 51.9681 0
2500 672984 2830 127932 305.691 0
2500 682784 1346 65946 167.762 0
2500 692584 104 5150 14.0257 0
2500 702384 3048 135088 388.331 0
2601 712584 444 20729 49.7584 0
2601 722784 649 27915 83.3862 0
2601 732984 16352 656260 2422.07 0
2601 743184 1581 64118 219.101 0
2601 753384 5035 198123 768.585 0
2601 763584 1664 75656 220.344 0
2704 774192 32444 1184814 5135.33 0
2704 784800 296 12875 38.9331 0
2704 795408 820 36142 93.97 0
2704 806016 5535 214200 824.802 0
2704 816624 355 15523 40.242 0
2704 827232 5016 206512 678.545 0
