1024 4786 12 1038 4.26929 0
1024 9572 14 1171 5.20797 0
1024 14358 16 1373 5.2901 0
1024 19144 14 1227 4.87722 0
1024 23930 19 1480 6.36223 0
1024 28716 20 1820 6.43987 0
196 29600 1 272 0.702887 0
196 30484 1 256 0.720531 0
196 31368 1 206 0.46934 0
196 32252 1 274 0.63648 0
196 33136 1 279 0.655728 0
196 34020 2 428 1.41572 0
400 35860 4 536 1.73011 0
400 37700 3 441 1.38556 0
400 39540 2 411 0.959853 0
400 41380 5 730 2.20683 0
400 43220 5 671 2.06663 0
400 45060 3 567 1.46288 0
576 47728 5 722 2.07786 0
576 50396 8 1005 3.02007 0
576 53064 4 593 1.75417 0
576 55732 4 606 1.74422 0
576 58400 5 594 2.32841 0
576 61068 8 978 2.8016 0
784 64718 12 1032 4.88813 0
784 68368 12 1202 3.94046 0
784 72018 9 1057 3.3027 0
784 75668 7 838 2.70696 0
784 79318 11 1273 4.04248 0
784 82968 9 1063 3.0544 0
1089 88072 17 1537 5.78125 0
1089 93176 23 1712 9.06438 0
1089 98280 16 1342 5.74243 0
1089 103384 16 1396 5.89065 0
1089 108488 14 1156 4.5362 0
1089 113592 13 1092 4.78643 0
1225 119312 34 1946 14.9207 0
1225 125032 19 1435 6.91691 0
1225 130752 16 1248 5.1175 0
1225 136472 39 2626 14.4401 0
1225 142192 26 2055 8.40545 0
1225 147912 27 1968 9.03712 0
1296 153992 19 1537 5.79793 0
1296 160072 22 1772 7.36604 0
1296 166152 28 2229 7.90916 0
1296 172232 18 1380 5.78895 0
1296 178312 21 1720 6.43955 0
1296 184392 23 1634 8.22676 0
1369 190840 23 1661 6.68368 0
1369 197288 20 1475 5.86883 0
1369 203736 21 1597 7.18125 0
1369 210184 46 2318 19.6122 0
1369 216632 40 2234 16.2216 0
1369 223080 23 1710 7.85655 0
1521 230208 33 1887 11.2946 0
1521 237336 25 1575 8.00829 0
1521 244464 31 2016 10.1712 0
1521 251592 37 2071 12.8441 0
1521 258720 25 1910 7.43308 0
1521 265848 32 2132 9.89142 0
1600 273368 36 2017 12.3222 0
1600 280888 38 2519 11.1868 0
1600 288408 31 2075 10.4307 0
1600 295928 28 1838 8.83725 0
1600 303448 46 2617 17.6129 0
1600 310968 26 1612 8.36278 0
1681 318888 62 3731 19.3812 0
1681 326808 33 1920 11.3681 0
1681 334728 54 3502 14.6888 0
1681 342648 44 2697 12.046 0
1681 350568 49 2281 20.0427 0
1681 358488 33 2012 10.4272 0
1764 366816 64 3328 21.2707 0
1764 375144 34 1964 11.5304 0
1764 383472 33 1896 10.0589 0
1764 391800 39 2029 13.1463 0
1764 400128 33 1839 11.1185 0
1764 408456 36 1974 11.7223 0
1936 417544 36 2676 9.85838 0
1936 426632 40 2298 12.0213 0
1936 435720 60 3571 16.4532 0
1936 444808 98 4218 35.6727 0
1936 453896 62 2795 23.0634 0
1936 462984 67 3183 24.2023 0
2025 472504 45 2308 14.324 0
2025 482024 47 2375 14.2993 0
2025 491544 39 2121 11.0922 0
2025 501064 44 2477 12.4033 0
2025 510584 166 6165 63.2531 0
2025 520104 50 2797 14.8476 0
2116 530064 73 2862 28.4889 0
2116 540024 117 4734 43.4474 0
2116 549984 71 3984 17.756 0
2116 559944 52 2887 14.9303 0
2116 569904 44 2535 12.2628 0
2116 579864 59 2935 17.6347 0
2209 590272 66 2811 23.3849 0
2209 600680 74 3081 22.2973 0
2209 611088 266 8509 107.174 0
2209 621496 72 3278 19.4396 0
2209 631904 56 2824 15.4558 0
2209 642312 60 3370 16.109 0
2304 653176 56 2603 15.7125 0
2304 664040 86 3300 32.3216 0
2304 674904 51 2458 13.8543 0
2304 685768 82 3522 27.0449 0
2304 696632 58 2812 14.4613 0
2304 707496 98 3735 38.1439 0
2401 718824 87 3819 28.0827 0
2401 730152 64 2986 18.2125 0
2401 741480 69 3057 18.9411 0
2401 752808 67 2848 20.4658 0
2401 764136 71 2725 25.6882 0
2401 775464 68 3138 18.5509 0
2500 787264 55 2529 13.3834 0
2500 799064 139 4840 50.0763 0
2500 810864 82 3676 22.1113 0
2500 822664 169 4455 78.8196 0
2500 834464 105 3604 38.6645 0
2500 846264 138 4356 52.6501 0
2601 858544 61 2877 15.2075 0
2601 870824 96 4391 23.9864 0
2601 883104 72 2969 21.2322 0
2601 895384 80 3425 23.6361 0
2601 907664 327 7162 153.987 0
2601 919944 80 3511 22.9113 0
2704 932712 255 6407 109.423 0
2704 945480 183 6198 58.6684 0
2704 958248 144 4673 43.9059 0
2704 971016 72 2788 21.8366 0
2704 983784 146 4161 61.419 0
2704 996552 72 2835 21.1296 0
