1024 5196 17 1215 6.93295 0
1024 10392 15 1212 5.70073 0
1024 15588 18 1560 7.51874 0
1024 20784 18 1408 7.55659 0
1024 25980 18 1387 6.7456 0
1024 31176 15 1087 6.8659 0
196 32138 1 290 0.922639 0
196 33100 1 232 0.72021 0
196 34062 1 234 0.614023 0
196 35024 1 200 0.54088 0
196 35986 1 205 0.52901 0
196 36948 1 199 0.552749 0
400 38948 3 418 1.65408 0
400 40948 4 545 1.92965 0
400 42948 4 544 1.80903 0
400 44948 3 433 1.70765 0
400 46948 3 444 1.60499 0
400 48948 3 447 1.54532 0
576 51846 6 633 2.57992 0
576 54744 5 587 1.90206 0
576 57642 6 588 2.66013 0
576 60540 7 813 3.50706 0
576 63438 6 609 2.86929 0
576 66336 5 601 2.30371 0
784 70300 11 954 5.21759 0
784 74264 14 1291 6.06517 0
784 78228 12 1059 5.49541 0
784 82192 17 1425 7.22488 0
784 86156 10 797 4.47878 0
784 90120 10 988 4.11947 0
1089 95664 16 1127 6.55343 0
1089 101208 21 1531 9.00407 0
1089 106752 19 1244 7.8604 0
1089 112296 16 1179 6.75073 0
1089 117840 19 1367 8.17254 0
1089 123384 17 1295 6.42543 0
1225 129584 20 1269 7.87548 0
1225 135784 26 1488 11.5336 0
1225 141984 20 1480 6.83093 0
1225 148184 25 1571 10.6411 0
1225 154384 36 2110 14.129 0
1225 160584 22 1555 8.68551 0
1296 167184 23 1526 8.89372 0
1296 173784 22 1329 9.1757 0
1296 180384 22 1306 9.24404 0
1296 186984 36 1968 14.4889 0
1296 193584 23 1569 8.8719 0
1296 200184 24 1456 9.70343 0
1369 207192 26 1614 10.0916 0
1369 214200 28 1519 11.79 0
1369 221208 33 1850 13.657 0
1369 228216 25 1620 9.6136 0
1369 235224 26 1546 10.9401 0
1369 242232 28 2018 10.5853 0
1521 249960 31 1808 12.6221 0
1521 257688 28 1601 10.627 0
1521 265416 32 2000 12.1348 0
1521 273144 33 1878 13.2734 0
1521 280872 32 1600 13.8197 0
1521 288600 35 1738 15.1697 0
1600 296760 34 1717 14.7192 0
1600 304920 36 1613 16.6338 0
1600 313080 46 2209 19.2747 0
1600 321240 44 2362 18.1342 0
1600 329400 43 2336 15.8026 0
1600 337560 35 1885 14.427 0
1681 346160 37 1715 15.8931 0
1681 354760 52 2130 23.3807 0
1681 363360 37 1846 15.162 0
1681 371960 39 2213 13.6715 0
1681 380560 39 2017 15.2851 0
1681 389160 39 2230 13.3792 0
1764 398208 51 2710 19.8525 0
1764 407256 53 2909 20.8758 0
1764 416304 48 2444 17.2565 0
1764 425352 43 2395 16.613 0
1764 434400 50 2085 21.852 0
1764 443448 38 1829 14.8357 0
1936 453296 50 2514 17.1519 0
1936 463144 53 2380 20.6317 0
1936 472992 54 2366 21.9557 0
1936 482840 56 2680 19.4736 0
1936 492688 56 2600 20.1444 0
1936 502536 69 3335 25.4188 0
2025 512856 92 3472 39.0152 0
2025 523176 81 3044 37.2084 0
2025 533496 48 2246 17.3486 0
2025 543816 56 2141 24.4012 0
2025 554136 51 2164 20.5865 0
2025 564456 51 2272 18.2488 0
2116 575256 61 2389 26.0707 0
2116 586056 54 2339 20.5614 0
2116 596856 59 2681 20.8826 0
2116 607656 89 3202 36.6005 0
2116 618456 61 2689 21.307 0
2116 629256 64 2487 24.6569 0
2209 640544 64 2771 24.063 0
2209 651832 80 3103 30.5831 0
2209 663120 65 2507 25.8227 0
2209 674408 80 3253 31.7598 0
2209 685696 84 3294 30.8552 0
2209 696984 64 2460 25.3229 0
2304 708768 88 2949 34.2573 0
2304 720552 74 2878 29.1562 0
2304 732336 70 2560 29.0551 0
2304 744120 127 3650 59.7794 0
2304 755904 69 2543 28.016 0
2304 767688 107 3125 50.4093 0
2401 779976 99 3921 37.8834 0
2401 792264 93 2924 39.7604 0
2401 804552 76 2795 29.9229 0
2401 816840 73 2690 29.2867 0
2401 829128 107 3639 43.7557 0
2401 841416 73 3106 29.4494 0
2500 854216 116 4047 38.9789 0
2500 867016 94 3912 34.1319 0
2500 879816 93 2927 39.3135 0
2500 892616 88 3243 32.3398 0
2500 905416 131 4207 54.4556 0
2500 918216 78 2673 30.6248 0
2601 931536 87 2835 34.4485 0
2601 944856 90 3069 33.9256 0
2601 958176 94 2932 39.9317 0
2601 971496 103 3412 41.8999 0
2601 984816 83 2669 32.9635 0
2601 998136 123 4218 43.5687 0
2704 1011984 96 3090 38.0605 0
2704 1025832 94 3005 36.3246 0
2704 1039680 94 3209 34.9519 0
2704 1053528 187 4806 89.7895 0
2704 1067376 90 2822 34.9153 0
2704 1081224 125 4544 48.2936 0
