1024 4376 39 3288 11.6241 0
1024 8752 12 1128 3.72488 0
1024 13128 19 1776 6.16654 0
1024 17504 12 1146 3.96741 0
1024 21880 39 2734 13.5008 0
1024 26256 27 2625 7.21622 0
196 27062 1 248 0.525481 0
196 27868 1 220 0.431164 0
196 28674 1 275 0.579056 0
196 29480 1 207 0.373098 0
196 30286 1 209 0.494042 0
196 31092 1 208 0.537351 0
400 32772 4 512 1.63323 0
400 34452 3 481 1.41219 0
400 36132 2 424 1.15169 0
400 37812 7 1094 2.5055 0
400 39492 2 475 0.971723 0
400 41172 4 574 1.52191 0
576 43610 11 1336 4.29335 0
576 46048 7 957 2.64473 0
576 48486 8 1001 2.97965 0
576 50924 5 629 2.12887 0
576 53362 6 772 2.65307 0
576 55800 12 1562 4.11915 0
784 59136 14 1722 4.73286 0
784 62472 9 975 3.62415 0
784 65808 18 2034 5.7835 0
784 69144 12 1301 3.93597 0
784 72480 17 1773 5.22562 0
784 75816 9 1002 3.34409 0
1089 80480 19 1486 6.82131 0
1089 85144 17 1391 5.10371 0
1089 89808 36 2909 11.6831 0
1089 94472 18 1533 6.40714 0
1089 99136 23 1849 7.64706 0
1089 103800 25 2177 7.55178 0
1225 109040 34 2368 11.2141 0
1225 114280 28 2186 9.24275 0
1225 119520 28 2136 9.30146 0
1225 124760 38 3239 9.38712 0
1225 130000 52 3479 16.3085 0
1225 135240 21 1633 6.11104 0
1296 140800 21 1740 5.4505 0
1296 146360 34 2704 9.24949 0
1296 151920 19 1401 6.30256 0
1296 157480 23 1957 6.97048 0
1296 163040 34 2193 12.5952 0
1296 168600 25 1885 7.29161 0
1369 174488 29 2183 8.5543 0
1369 180376 41 3267 11.1548 0
1369 186264 19 1389 5.91407 0
1369 192152 27 1721 9.13945 0
1369 198040 34 1991 11.6655 0
1369 203928 51 3899 12.5637 0
1521 210456 23 1613 6.11714 0
1521 216984 40 2214 12.9089 0
1521 223512 43 2711 11.9401 0
1521 230040 24 1850 6.15756 0
1521 236568 39 2162 13.0036 0
1521 243096 35 2185 11.4945 0
1600 249976 50 3360 11.2799 0
1600 256856 71 4519 17.0852 0
1600 263736 62 3383 20.9599 0
1600 270616 74 5084 15.5363 0
1600 277496 34 2067 10.1619 0
1600 284376 99 6158 24.4615 0
1681 291616 86 5042 22.7885 0
1681 298856 60 3150 20.1139 0
1681 306096 68 3176 23.9479 0
1681 313336 30 1900 8.35091 0
1681 320576 40 2415 11.2988 0
1681 327816 57 2899 18.3533 0
1764 335424 51 2990 15.8154 0
1764 343032 69 2964 26.3757 0
1764 350640 50 2780 16.4054 0
1764 358248 76 4308 21.6333 0
1764 365856 75 4709 15.1584 0
1764 373464 41 2410 11.6145 0
1936 381792 93 5327 17.3354 0
1936 390120 181 8062 51.7573 0
1936 398448 45 2665 12.4062 0
1936 406776 116 7004 21.964 0
1936 415104 90 4130 29.52 0
1936 423432 100 4666 28.4841 0
2025 432152 117 6096 27.495 0
2025 440872 81 3365 28.4757 0
2025 449592 596 17565 243.347 0
2025 458312 54 2760 14.7202 0
2025 467032 76 3919 19.7418 0
2025 475752 70 3357 20.8094 0
2116 484872 122 4615 44.8003 0
2116 493992 128 6754 27.2361 0
2116 503112 151 6945 42.6204 0
2116 512232 97 3852 36.4731 0
2116 521352 127 5051 41.2082 0
2116 530472 64 3108 18.2099 0
2209 540000 169 5588 68.5688 0
2209 549528 165 5287 68.3747 0
2209 559056 137 6954 36.3079 0
2209 568584 147 8034 27.0068 0
2209 578112 248 8230 84.8555 0
2209 587640 66 2746 19.9477 0
2304 597584 66 3167 14.9996 0
2304 607528 67 2855 20.2086 0
2304 617472 88 4560 21.3282 0
2304 627416 131 6126 33.4842 0
2304 637360 77 3207 25.8278 0
2304 647304 108 5469 20.6493 0
2401 657672 164 5245 58.1199 0
2401 668040 162 5782 53.3697 0
2401 678408 297 10401 84.0535 0
2401 688776 201 6013 81.9307 0
2401 699144 66 2817 19.616 0
2401 709512 139 7069 23.6229 0
2500 720312 347 11073 104.792 0
2500 731112 86 3385 24.1179 0
2500 741912 88 3422 27.6789 0
2500 752712 261 10154 72.6809 0
2500 763512 190 6252 60.0097 0
2500 774312 159 7018 27.7616 0
2601 785552 64 2741 16.6328 0
2601 796792 103 4316 26.07 0
2601 808032 117 5412 23.7923 0
2601 819272 120 4361 37.7714 0
2601 830512 373 10383 146.071 0
2601 841752 83 3418 21.8697 0
2704 853440 174 5883 57.0083 0
2704 865128 174 6996 39.6488 0
2704 876816 116 4956 26.703 0
2704 888504 223 8919 50.8552 0
2704 900192 143 5870 36.8334 0
2704 911880 353 11119 107.781 0
