1000 5400 32 2479 9.48111 0
1000 10800 19 1534 5.71132 0
1000 16200 28 2178 8.53602 0
1000 21600 26 1963 8.23446 0
1000 27000 15 1242 4.41109 0
1000 32400 41 3238 12.0973 0
216 33480 2 315 0.992896 0
216 34560 1 264 0.753574 0
216 35640 1 224 0.510724 0
216 36720 7 981 3.55133 0
216 37800 1 222 0.65252 0
216 38880 1 286 0.813244 0
343 40644 3 443 1.34129 0
343 42408 2 351 1.23061 0
343 44172 15 1676 6.95187 0
343 45936 2 373 1.1379 0
343 47700 4 570 1.50394 0
343 49464 3 491 1.48405 0
512 52152 5 550 1.98772 0
512 54840 11 1297 3.61838 0
512 57528 13 1314 5.82649 0
512 60216 5 555 1.88795 0
512 62904 12 1353 4.92053 0
512 65592 4 547 1.79202 0
729 69480 39 3260 15.3137 0
729 73368 33 2947 12.0902 0
729 77256 10 956 3.69954 0
729 81144 12 1164 4.03574 0
729 85032 13 1261 4.69949 0
729 88920 13 1337 4.54358 0
1000 94320 12 1031 4.012 0
1000 99720 22 1730 6.62529 0
1000 105120 50 3890 14.6025 0
1000 110520 397 27611 123.743 0
1000 115920 16 1320 4.93304 0
1000 121320 15 1253 4.93946 0
1000 126720 13 1031 4.13552 0
1000 132120 22 1730 6.5313 0
1000 137520 50 3890 14.7465 0
1000 142920 395 27611 123.031 0
1000 148320 16 1320 4.82878 0
1000 153720 15 1253 4.88396 0
1000 159120 13 1031 4.30266 0
1000 164520 22 1730 6.33208 0
1000 169920 50 3890 14.5803 0
1000 175320 396 27611 123.636 0
1000 180720 16 1320 4.81498 0
1000 186120 16 1253 5.18584 0
1331 193380 61 3990 17.5359 0
1331 200640 68 4426 18.421 0
1331 207900 59 3904 15.7153 0
1331 215160 24 1623 6.75458 0
1331 222420 101 6419 25.9449 0
1331 229680 342 20740 87.8358 0
1331 236940 61 3990 17.6062 0
1331 244200 68 4426 18.5433 0
1331 251460 59 3904 15.6656 0
1331 258720 24 1623 6.70774 0
1331 265980 100 6419 25.72 0
1331 273240 342 20740 87.7678 0
1331 280500 60 3990 17.2687 0
1331 287760 67 4426 18.3729 0
1331 295020 58 3904 15.3862 0
1331 302280 24 1623 6.96278 0
1331 309540 100 6419 25.4743 0
1331 316800 340 20740 87.2895 0
1331 324060 62 3990 17.6488 0
1331 331320 67 4426 17.9363 0
1331 338580 276 14924 88.5313 0
1331 345840 24 1623 6.78024 0
1331 353100 100 6419 25.7014 0
1331 360360 342 20740 88.0155 0
1728 369864 33 1824 8.44651 0
1728 379368 38 2080 10.1846 0
1728 388872 31 1769 7.72053 0
1728 398376 86 4871 22.7372 0
1728 407880 87 4467 22.996 0
1728 417384 250 12889 59.49 0
1728 426888 33 1824 8.35989 0
1728 436392 222 12089 51.0579 0
1728 445896 33 1769 8.18024 0
1728 455400 87 4871 22.6409 0
1728 464904 88 4467 23.3011 0
1728 474408 249 12889 59.3171 0
1728 483912 32 1824 7.92809 0
1728 493416 223 12089 51.4272 0
1728 502920 32 1769 7.86746 0
1728 512424 86 4871 22.6961 0
1728 521928 88 4467 23.2296 0
1728 531432 250 12889 59.4512 0
1728 540936 45 2512 10.5844 0
1728 550440 222 12089 51.5016 0
1728 559944 32 1769 7.93258 0
1728 569448 86 4871 22.153 0
1728 578952 87 4467 22.928 0
1728 588456 146 7858 31.7483 0
2197 600624 120 5486 26.3119 0
2197 612792 92 4139 21.9817 0
2197 624960 257 11328 59.705 0
2197 637128 54 2583 12.7768 0
2197 649296 7753 302864 2117.59 0
2197 661464 841 36611 196.54 0
2197 673632 120 5486 26.3 0
2197 685800 91 4139 21.682 0
2197 697968 259 11328 60.4759 0
2197 710136 106 4857 23.1147 0
2197 722304 7748 302864 2114.03 0
2197 734472 841 36611 196.504 0
2197 746640 120 5486 26.3462 0
2197 758808 92 4139 22.085 0
2197 770976 2117 84083 531.675 0
2197 783144 108 4857 24.0351 0
2197 795312 7756 302864 2117.22 0
2197 807480 845 36611 197.156 0
2197 819648 120 5486 26.105 0
2197 831816 54 2458 13.3539 0
2197 843984 2098 84083 526.541 0
2197 856152 105 4857 23.3021 0
2197 868320 7723 302864 2107.29 0
2197 880488 842 36611 196.466 0
2197 892656 107 4903 23.8828 0
2197 904824 54 2458 13.0106 0
2197 916992 2093 84083 525.821 0
2197 929160 104 4857 22.8703 0
2197 941328 7736 302864 2110.76 0
2197 953496 104 5038 25.012 0
2197 965664 107 4903 23.7564 0
2197 977832 54 2458 13.0719 0
2197 990000 2096 84083 526.447 0
2197 1002168 106 4857 23.1382 0
2197 1014336 209 10398 42.6689 0
2197 1026504 103 5038 24.6383 0
