1000 5800 15 1467 5.7912 0
1000 11600 41 3334 14.368 0
1000 17400 14 1095 6.13542 0
1000 23200 34 2362 14.3275 0
1000 29000 13 1024 5.14221 0
1000 34800 15 1077 6.85018 0
216 35966 1 310 0.790467 0
216 37132 1 258 0.733684 0
216 38298 2 328 1.0484 0
216 39464 1 247 0.700641 0
216 40630 2 353 0.914619 0
216 41796 1 259 0.676581 0
343 43696 3 396 1.33103 0
343 45596 2 374 1.24216 0
343 47496 2 375 1.02818 0
343 49396 4 575 2.13112 0
343 51296 2 356 1.26558 0
343 53196 2 396 1.34482 0
512 56088 6 803 2.28222 0
512 58980 5 560 2.04899 0
512 61872 6 707 2.91838 0
512 64764 10 1143 4.1137 0
512 67656 5 625 2.54111 0
512 70548 5 563 2.083 0
729 74726 12 1137 5.14541 0
729 78904 15 1318 6.54766 0
729 83082 10 1126 3.76947 0
729 87260 9 839 4.14033 0
729 91438 9 1002 3.79995 0
729 95616 10 1022 4.35815 0
1000 101456 12 1028 4.64111 0
1000 107296 15 1145 5.69592 0
1000 113136 14 1356 5.01741 0
1000 118976 13 1016 5.10756 0
1000 124816 14 1053 5.55155 0
1000 130656 18 1465 6.03854 0
1000 136536 18 1271 8.5604 0
1000 142416 14 1012 5.74693 0
1000 148296 14 1240 5.08318 0
1000 154176 14 1171 5.8422 0
1000 160056 22 1466 10.0826 0
1000 165936 19 1393 7.85302 0
1000 171856 23 1573 11.0768 0
1000 177776 21 1721 8.04454 0
1000 183696 16 1329 6.93968 0
1000 189616 13 1096 4.30201 0
1000 195536 12 1023 3.90036 0
1000 201456 28 1826 12.0886 0
1331 209276 26 1383 11.1804 0
1331 217096 26 1532 10.8452 0
1331 224916 25 1438 10.2597 0
1331 232736 22 1579 7.28487 0
1331 240556 42 2071 18.6555 0
1331 248376 42 2590 15.8206 0
1331 256236 23 1380 9.25045 0
1331 264096 30 1828 11.0393 0
1331 271956 43 2426 16.8253 0
1331 279816 36 1868 16.2068 0
1331 287676 24 1447 9.66975 0
1331 295536 25 1613 9.88822 0
1331 303436 30 1456 14.0529 0
1331 311336 78 3845 32.9321 0
1331 319236 22 1359 8.75898 0
1331 327136 23 1619 7.55916 0
1331 335036 49 3199 17.2238 0
1331 342936 33 1631 16.5863 0
1331 350876 26 1441 11.2978 0
1331 358816 22 1780 7.66535 0
1331 366756 26 1384 11.8589 0
1331 374696 34 2095 14.3461 0
1331 382636 25 1704 9.05636 0
1331 390576 34 1575 17.0467 0
1728 400800 44 2643 12.5823 0
1728 411024 33 2064 9.41599 0
1728 421248 60 3108 22.0092 0
1728 431472 81 3279 32.5676 0
1728 441696 48 2088 20.3619 0
1728 451920 54 2750 19.1557 0
1728 462184 31 1738 9.40765 0
1728 472448 50 2736 17.244 0
1728 482712 36 2067 12.0607 0
1728 492976 46 2333 16.7102 0
1728 503240 37 2126 11.5785 0
1728 513504 44 1839 19.5378 0
1728 523808 42 1743 18.4855 0
1728 534112 42 2530 12.4072 0
1728 544416 66 2407 32.5509 0
1728 554720 39 2413 14.503 0
1728 565024 58 2782 22.8321 0
1728 575328 48 2445 17.695 0
1728 585672 73 4308 23.0278 0
1728 596016 36 1974 11.4695 0
1728 606360 56 2097 25.6523 0
1728 616704 44 2202 17.0669 0
1728 627048 43 2652 16.8917 0
1728 637392 75 4262 25.0595 0
2197 650440 64 2294 27.1316 0
2197 663488 57 2412 19.7469 0
2197 676536 128 6280 34.1636 0
2197 689584 75 4087 20.8585 0
2197 702632 72 2552 31.9026 0
2197 715680 165 5865 57.6091 0
2197 728768 103 4187 39.3912 0
2197 741856 52 3244 16.3255 0
2197 754944 73 2332 34.8694 0
2197 768032 84 2368 42.8755 0
2197 781120 81 2654 38.679 0
2197 794208 128 6273 41.0459 0
2197 807336 72 3417 26.8332 0
2197 820464 68 3442 17.9267 0
2197 833592 65 2649 25.6042 0
2197 846720 70 3397 22.503 0
2197 859848 65 3199 21.0641 0
2197 872976 68 2790 24.1609 0
2197 886144 63 2309 25.9006 0
2197 899312 67 2632 27.3083 0
2197 912480 81 2927 35.4504 0
2197 925648 99 4730 31.704 0
2197 938816 61 2762 21.0799 0
2197 951984 72 2374 32.7794 0
2197 965192 64 2310 25.9523 0
2197 978400 72 2930 27.4395 0
2197 991608 91 3622 36.2777 0
2197 1004816 110 3612 44.6149 0
2197 1018024 61 2236 25.1997 0
2197 1031232 109 4201 41.3304 0
2197 1044480 78 2910 31.3377 0
2197 1057728 60 2738 20.6997 0
2197 1070976 70 2340 31.3081 0
2197 1084224 71 2715 27.4174 0
2197 1097472 70 2778 27.9544 0
2197 1110720 70 2782 27.9923 0
