1000 6600 24 1015 14.12 0
1000 13200 23 1017 13.043 0
1000 19800 24 1097 14.0083 0
1000 26400 24 1053 14.3493 0
1000 33000 26 1346 14.709 0
1000 39600 24 1045 14.2993 0
216 40938 2 244 1.08785 0
216 42276 1 231 0.957928 0
216 43614 1 231 0.858799 0
216 44952 2 227 1.14367 0
216 46290 1 224 0.83955 0
216 47628 1 237 0.892163 0
343 49802 4 359 2.35247 0
343 51976 4 399 2.45994 0
343 54150 4 360 2.36883 0
343 56324 4 403 2.15004 0
343 58498 5 433 2.81732 0
343 60672 4 373 2.2126 0
512 63974 6 521 3.31778 0
512 67276 9 634 5.30068 0
512 70578 7 563 3.73547 0
512 73880 7 561 4.20898 0
512 77182 8 624 4.82653 0
512 80484 8 648 4.53909 0
729 85246 14 920 8.41796 0
729 90008 13 747 7.72053 0
729 94770 12 829 6.96695 0
729 99532 13 797 7.58643 0
729 104294 15 966 8.23542 0
729 109056 15 798 8.88249 0
1000 115776 26 1109 15.1116 0
1000 122496 27 1103 16.0227 0
1000 129216 26 1162 15.1735 0
1000 135936 26 1076 15.8174 0
1000 142656 29 1248 17.4933 0
1000 149376 26 1147 15.0493 0
1000 156216 28 1125 17.1519 0
1000 163056 25 1089 14.6066 0
1000 169896 27 1003 16.5148 0
1000 176736 31 1336 18.9218 0
1000 183576 27 1103 16.4429 0
1000 190416 25 1354 13.8954 0
1000 197376 28 1160 16.8597 0
1000 204336 29 1079 18.2375 0
1000 211296 30 1169 18.6324 0
1000 218256 28 1025 17.688 0
1000 225216 26 1119 15.5912 0
1000 232176 29 1112 17.8824 0
1331 241116 46 1729 27.1357 0
1331 250056 38 1339 21.7106 0
1331 258996 43 1529 24.0993 0
1331 267936 47 1818 26.9381 0
1331 276876 47 1755 26.6346 0
1331 285816 43 1410 25.3902 0
1331 294876 50 1415 31.0842 0
1331 303936 48 1623 29.0092 0
1331 312996 44 1641 25.3642 0
1331 322056 46 1514 27.8649 0
1331 331116 46 1353 28.1376 0
1331 340176 45 1552 26.37 0
1331 349356 47 1811 26.3469 0
1331 358536 47 1740 27.572 0
1331 367716 46 1340 28.3307 0
1331 376896 50 1748 29.4686 0
1331 386076 48 1477 29.0564 0
1331 395256 44 1405 26.0928 0
1331 404556 45 1389 27.0773 0
1331 413856 48 1709 28.2624 0
1331 423156 46 1496 27.3077 0
1331 432456 50 1713 29.791 0
1331 441756 51 1780 29.8635 0
1331 451056 48 1532 28.9162 0
1728 462720 72 2401 41.2371 0
1728 474384 76 2386 42.6897 0
1728 486048 70 1734 42.1463 0
1728 497712 69 1998 40.7209 0
1728 509376 80 2301 46.7996 0
1728 521040 73 1760 44.0461 0
1728 532824 67 1783 39.4627 0
1728 544608 81 2216 47.8499 0
1728 556392 78 2248 45.748 0
1728 568176 86 2682 49.1623 0
1728 579960 73 2337 40.847 0
1728 591744 72 1981 41.5046 0
1728 603648 77 2226 45.4919 0
1728 615552 82 2230 49.2306 0
1728 627456 76 2468 42.6233 0
1728 639360 77 2267 44.7236 0
1728 651264 72 1743 43.1866 0
1728 663168 73 1753 44.3191 0
1728 675192 75 1925 45.4878 0
1728 687216 77 1907 46.8846 0
1728 699240 76 1809 45.6873 0
1728 711264 78 1853 47.1781 0
1728 723288 75 2195 42.726 0
1728 735312 77 1935 46.7598 0
2197 750120 113 2488 65.8022 0
2197 764928 120 2593 71.1183 0
2197 779736 120 2606 71.7737 0
2197 794544 131 2924 75.4947 0
2197 809352 115 2984 63.169 0
2197 824160 126 2978 73.6786 0
2197 839088 107 2201 62.5736 0
2197 854016 168 3604 93.3765 0
2197 868944 123 2581 74.0639 0
2197 883872 110 2440 64.3769 0
2197 898800 117 2385 71.1122 0
2197 913728 123 3252 67.1987 0
2197 928776 111 2422 65.8814 0
2197 943824 115 2206 69.4841 0
2197 958872 128 3177 72.764 0
2197 973920 129 2766 77.1777 0
2197 988968 120 2968 69.223 0
2197 1004016 115 2591 66.6055 0
2197 1019184 124 2262 76.8505 0
2197 1034352 123 3131 69.0369 0
2197 1049520 119 2360 71.5289 0
2197 1064688 120 2682 70.3612 0
2197 1079856 118 2441 70.4866 0
2197 1095024 123 2252 75.2625 0
2197 1110312 131 3288 75.3658 0
2197 1125600 113 2282 67.71 0
2197 1140888 128 2996 75.7385 0
2197 1156176 128 2462 79.2225 0
2197 1171464 120 2458 72.4519 0
2197 1186752 126 2504 76.9871 0
2197 1202160 132 2781 77.2409 0
2197 1217568 126 2503 77.3115 0
2197 1232976 120 2356 72.7682 0
2197 1248384 128 2756 77.4253 0
2197 1263792 131 2814 78.5161 0
2197 1279200 140 2857 83.495 0
