1000 6200 17 1012 8.20976 0
1000 12400 22 1298 11.2071 0
1000 18600 20 1016 11.235 0
1000 24800 21 1176 11.0425 0
1000 31000 22 1071 12.1374 0
1000 37200 14 1086 6.2538 0
216 38452 1 306 0.870348 0
216 39704 1 247 0.878047 0
216 40956 1 270 0.940283 0
216 42208 2 266 0.933226 0
216 43460 1 250 0.797845 0
216 44712 2 282 1.09427 0
343 46750 3 386 1.79395 0
343 48788 3 345 1.66146 0
343 50826 3 344 1.51613 0
343 52864 3 409 1.67974 0
343 54902 3 457 1.59762 0
343 56940 2 357 1.11063 0
512 60036 4 517 1.80742 0
512 63132 6 564 3.15353 0
512 66228 6 681 3.33799 0
512 69324 8 872 3.51604 0
512 72420 5 516 2.01787 0
512 75516 8 817 4.10247 0
729 79986 13 781 7.13024 0
729 84456 10 900 4.86503 0
729 88926 11 786 5.45499 0
729 93396 12 738 6.9769 0
729 97866 16 1070 8.59825 0
729 102336 12 894 6.66411 0
1000 108616 23 1118 13.1428 0
1000 114896 23 1522 11.6668 0
1000 121176 20 1059 10.7477 0
1000 127456 22 1217 11.7213 0
1000 133736 25 1164 13.9945 0
1000 140016 23 1112 13.3241 0
1000 146376 24 1301 12.7655 0
1000 152736 26 1598 12.7912 0
1000 159096 24 1132 13.6051 0
1000 165456 19 1104 9.81732 0
1000 171816 22 1193 11.3973 0
1000 178176 25 1182 14.1928 0
1000 184616 25 1239 13.8476 0
1000 191056 25 1007 14.6528 0
1000 197496 27 1177 15.7237 0
1000 203936 27 1030 16.4397 0
1000 210376 24 1014 14.2409 0
1000 216816 27 1175 16.5867 0
1331 225196 33 1406 16.7249 0
1331 233576 34 1372 17.4371 0
1331 241956 51 2584 24.8769 0
1331 250336 40 1862 20.7267 0
1331 258716 49 2422 23.807 0
1331 267096 40 1699 21.1626 0
1331 275556 35 1366 19.2243 0
1331 284016 42 1756 22.6951 0
1331 292476 44 2311 19.728 0
1331 300936 35 1509 18.4659 0
1331 309396 40 1731 21.0686 0
1331 317856 33 1601 16.9655 0
1331 326396 39 1776 20.6567 0
1331 334936 51 2238 25.3559 0
1331 343476 36 1619 20.0302 0
1331 352016 39 1608 21.1867 0
1331 360556 42 1558 23.8314 0
1331 369096 40 1512 21.938 0
1331 377716 38 1711 19.8691 0
1331 386336 44 1592 26.336 0
1331 394956 35 1475 18.267 0
1331 403576 41 1580 22.5142 0
1331 412196 41 1721 21.8607 0
1331 420816 41 1510 22.7083 0
1728 431760 78 3087 37.8519 0
1728 442704 61 1742 34.3763 0
1728 453648 60 2365 31.1003 0
1728 464592 66 2070 36.3753 0
1728 475536 66 2425 34.5223 0
1728 486480 60 2192 31.6113 0
1728 497504 67 2366 35.4376 0
1728 508528 64 2057 34.6038 0
1728 519552 53 1760 28.0927 0
1728 530576 65 1921 36.2107 0
1728 541600 53 2040 26.2012 0
1728 552624 57 1939 30.0384 0
1728 563728 55 1991 28.4161 0
1728 574832 63 2290 32.6674 0
1728 585936 74 2407 40.788 0
1728 597040 61 1756 33.701 0
1728 608144 65 1804 37.3589 0
1728 619248 67 2189 35.0449 0
1728 630432 57 1926 30.3672 0
1728 641616 60 1761 32.8207 0
1728 652800 62 2064 34.4248 0
1728 663984 55 2158 27.1697 0
1728 675168 67 2119 36.9954 0
1728 686352 69 1970 39.7486 0
2197 700280 119 3711 55.8842 0
2197 714208 125 3706 59.884 0
2197 728136 87 2267 46.0598 0
2197 742064 92 2806 46.0858 0
2197 755992 87 2615 45.524 0
2197 769920 81 2489 40.1874 0
2197 783928 100 2820 53.1791 0
2197 797936 92 2393 49.6262 0
2197 811944 77 2231 37.501 0
2197 825952 88 2554 43.7205 0
2197 839960 95 2412 50.4683 0
2197 853968 78 2246 39.5455 0
2197 868056 109 2456 62.6663 0
2197 882144 121 3426 63.3121 0
2197 896232 114 3277 59.5664 0
2197 910320 102 3085 50.1103 0
2197 924408 98 2508 53.7261 0
2197 938496 121 3439 63.6855 0
2197 952664 102 2793 56.4825 0
2197 966832 122 3236 64.1241 0
2197 981000 83 2210 42.6098 0
2197 995168 97 2485 53.3751 0
2197 1009336 83 2251 43.2206 0
2197 1023504 91 2367 49.3622 0
2197 1037752 97 2537 53.6526 0
2197 1052000 92 2205 50.9081 0
2197 1066248 120 3816 59.6318 0
2197 1080496 99 2485 54.3302 0
2197 1094744 107 2551 58.3229 0
2197 1108992 104 2276 60.2555 0
2197 1123320 110 2713 61.5146 0
2197 1137648 109 2450 62.0869 0
2197 1151976 89 2512 47.1752 0
2197 1166304 121 3720 63.4093 0
2197 1180632 106 3058 56.2255 0
2197 1194960 99 2280 55.5624 0
