1296 7200 40 2743 11.7675 0
1296 14400 21 1543 5.47841 0
1296 21600 33 2253 7.98776 0
1296 28800 23 1651 5.99298 0
1296 36000 31 1996 7.54889 0
1296 43200 24 1811 6.54573 0
256 44544 2 303 0.79977 0
256 45888 2 269 0.911732 0
256 47232 2 328 1.06444 0
256 48576 1 289 0.749083 0
256 49920 1 299 0.869706 0
256 51264 2 309 0.981026 0
625 54664 7 826 2.73648 0
625 58064 6 706 2.4176 0
625 61464 7 790 2.48529 0
625 64864 6 709 2.2681 0
625 68264 6 699 2.26778 0
625 71664 7 792 2.70504 0
625 74664 7 796 2.36851 0
625 77664 6 763 2.04674 0
625 80664 6 780 1.98002 0
625 83664 7 848 2.27291 0
625 86664 6 696 1.83886 0
625 89664 7 878 2.51608 0
625 92664 6 796 2.12983 0
625 95664 6 763 2.12663 0
625 98664 6 780 2.06375 0
625 101664 7 848 2.38102 0
625 104664 5 696 1.72979 0
625 107664 8 878 2.60655 0
1296 114144 20 1536 4.57438 0
1296 120624 21 1681 4.83102 0
1296 127104 19 1457 4.17112 0
1296 133584 30 2204 6.91274 0
1296 140064 19 1437 4.33345 0
1296 146544 27 1987 6.10366 0
1296 153024 20 1536 4.58368 0
1296 159504 21 1681 4.90481 0
1296 165984 19 1457 4.35848 0
1296 172464 30 2204 6.94193 0
1296 178944 19 1437 4.16824 0
1296 185424 28 1987 6.08441 0
1296 191904 42 3030 10.8153 0
1296 198384 22 1681 5.01292 0
1296 204864 19 1457 4.29656 0
1296 211344 30 2204 6.75426 0
1296 217824 19 1437 4.33409 0
1296 224304 28 1987 6.35806 0
1296 230784 44 3030 11.1801 0
1296 237264 22 1681 4.91251 0
1296 243744 19 1457 4.28565 0
1296 250224 31 2204 7.16681 0
1296 256704 19 1437 4.52337 0
1296 263184 27 1987 6.17616 0
1296 269664 43 3030 10.9235 0
1296 276144 21 1681 4.83295 0
1296 282624 19 1457 4.26416 0
1296 289104 30 2204 6.94514 0
1296 295584 19 1437 4.54005 0
1296 302064 33 2344 7.35513 0
1296 308544 43 3030 10.9244 0
1296 315024 22 1681 5.12007 0
1296 321504 19 1457 4.43547 0
1296 327984 30 2204 7.22905 0
1296 334464 19 1437 4.20641 0
1296 340944 33 2344 7.73015 0
1296 347424 43 3030 10.9751 0
1296 353904 21 1681 4.85733 0
1296 360384 20 1457 4.48455 0
1296 366864 31 2021 7.14917 0
1296 373344 19 1437 4.44509 0
1296 379824 34 2344 7.85013 0
1296 386304 43 3030 10.943 0
1296 392784 21 1681 4.83327 0
1296 399264 19 1457 4.21219 0
1296 405744 30 2021 6.83478 0
1296 412224 19 1437 4.29784 0
1296 418704 33 2344 7.60792 0
1296 425184 43 3030 10.9363 0
1296 431664 42 2629 9.5889 0
1296 438144 19 1457 4.31068 0
1296 444624 30 2021 6.87616 0
1296 451104 19 1437 4.51503 0
1296 457584 33 2344 7.52098 0
1296 464064 43 3030 10.9738 0
1296 470544 42 2629 9.4038 0
1296 477024 19 1457 4.45825 0
1296 483504 30 2021 6.8967 0
1296 489984 18 1437 4.11178 0
1296 496464 34 2344 7.83858 0
1296 502944 42 3030 10.774 0
1296 509424 41 2629 9.06759 0
1296 515904 19 1457 4.42873 0
1296 522384 30 2021 6.87681 0
1296 528864 19 1437 4.2494 0
1296 535344 33 2344 7.67112 0
1296 541824 43 3030 10.9725 0
1296 548304 41 2629 8.98739 0
1296 554784 20 1457 4.44189 0
1296 561264 30 2021 6.92525 0
1296 567744 19 1437 4.24234 0
1296 574224 33 2344 7.5582 0
2401 586572 66 3112 10.2985 0
2401 598920 128 5220 17.3149 0
2401 611268 135 5354 22.1652 0
2401 623616 64 3008 10.3707 0
2401 635964 80 3690 12.8554 0
2401 648312 73 3345 11.679 0
2401 660660 67 3112 10.2928 0
2401 673008 129 5220 17.654 0
2401 685356 249 9185 38.5009 0
2401 697704 64 3008 10.3816 0
2401 710052 80 3690 12.9551 0
2401 722400 73 3345 11.5574 0
2401 734748 74 3402 11.3889 0
2401 747096 128 5220 17.3405 0
2401 759444 247 9185 38.3489 0
2401 771792 64 3008 10.4108 0
2401 784140 81 3690 13.1511 0
2401 796488 86 3863 13.7982 0
