1296 8754 40 1670 22.3557 0
1296 17508 36 1313 20.1531 0
1296 26262 38 1305 22.0487 0
1296 35016 38 1399 21.2152 0
1296 43770 40 1319 23.3634 0
1296 52524 36 1534 19.7498 0
256 54174 2 273 1.23158 0
256 55824 2 266 1.23125 0
256 57474 2 267 1.26751 0
256 59124 2 298 1.36439 0
256 60774 2 284 1.36696 0
256 62424 2 284 1.16677 0
625 66574 10 648 6.21017 0
625 70724 10 651 5.55476 0
625 74874 11 632 6.64037 0
625 79024 8 714 4.48295 0
625 83174 10 631 5.78446 0
625 87324 11 713 6.25572 0
625 91644 12 685 7.45426 0
625 95964 12 629 7.42603 0
625 100284 11 751 6.62978 0
625 104604 12 626 7.05421 0
625 108924 12 721 6.98684 0
625 113244 13 632 8.45293 0
625 117684 12 641 7.5922 0
625 122124 12 654 7.18318 0
625 126564 11 635 6.77736 0
625 131004 12 676 7.52644 0
625 135444 13 688 8.12891 0
625 139884 13 714 7.9005 0
1296 147924 32 1455 16.5263 0
1296 155964 33 1385 17.5853 0
1296 164004 30 1340 15.5408 0
1296 172044 33 1620 16.86 0
1296 180084 34 1546 18.0242 0
1296 188124 32 1547 16.288 0
1296 196284 31 1390 16.2553 0
1296 204444 37 1521 19.4736 0
1296 212604 37 1746 19.5442 0
1296 220764 30 1333 15.741 0
1296 228924 37 1653 20.3234 0
1296 237084 34 1506 17.551 0
1296 245364 38 1526 21.8296 0
1296 253644 37 1575 19.8557 0
1296 261924 36 1462 19.4964 0
1296 270204 32 1301 17.3595 0
1296 278484 39 1351 23.0105 0
1296 286764 37 1546 20.2037 0
1296 295164 38 1585 21.0487 0
1296 303564 36 1301 20.0873 0
1296 311964 41 1552 23.5854 0
1296 320364 37 1638 19.8784 0
1296 328764 40 1637 22.5007 0
1296 337164 37 1522 19.9991 0
1296 345684 40 1434 23.1022 0
1296 354204 38 1511 21.7369 0
1296 362724 41 1459 23.971 0
1296 371244 37 1461 20.6339 0
1296 379764 38 1312 22.1716 0
1296 388284 36 1329 20.0315 0
1296 396924 41 1574 23.8747 0
1296 405564 44 1500 26.3911 0
1296 414204 42 1652 23.8529 0
1296 422844 39 1377 22.7384 0
1296 431484 41 1623 24.3258 0
1296 440124 40 1436 23.553 0
1296 448884 42 1296 25.8384 0
1296 457644 42 1385 25.3302 0
1296 466404 41 1337 24.6793 0
1296 475164 40 1323 24.1076 0
1296 483924 41 1369 24.0217 0
1296 492684 43 1298 25.9353 0
1296 501564 46 1661 26.5926 0
1296 510444 42 1451 24.6713 0
1296 519324 48 1648 29.281 0
1296 528204 41 1498 23.7525 0
1296 537084 45 1579 26.6231 0
1296 545964 50 1704 30.1263 0
1296 554964 48 1330 30.083 0
1296 563964 45 1394 27.4264 0
1296 572964 45 1332 28.0388 0
1296 581964 44 1411 26.6276 0
1296 590964 43 1346 25.5837 0
1296 599964 47 1305 28.8828 0
1296 609084 50 1577 30.2947 0
1296 618204 46 1495 27.6747 0
1296 627324 48 1518 29.4529 0
1296 636444 48 1362 29.7872 0
1296 645564 45 1373 27.4466 0
1296 654684 49 1392 30.6678 0
1296 663924 47 1369 29.6383 0
1296 673164 49 1353 30.4731 0
1296 682404 49 1487 30.5122 0
1296 691644 47 1301 29.3265 0
1296 700884 49 1408 30.4076 0
1296 710124 50 1530 31.3001 0
1296 719484 50 1377 31.7932 0
1296 728844 49 1438 30.5623 0
1296 738204 46 1387 28.6955 0
1296 747564 52 1399 32.8782 0
1296 756924 51 1596 31.533 0
1296 766284 50 1311 31.5086 0
2401 781632 121 3249 62.7613 0
2401 796980 116 2897 64.1221 0
2401 812328 115 2785 62.7789 0
2401 827676 113 2512 61.9544 0
2401 843024 107 2891 55.2554 0
2401 858372 109 2660 58.6819 0
2401 873840 144 3539 74.3045 0
2401 889308 129 3033 71.8513 0
2401 904776 127 2935 69.255 0
2401 920244 119 2920 64.4824 0
2401 935712 115 2549 63.5229 0
2401 951180 118 2567 66.3588 0
2401 966768 124 3109 67.8627 0
2401 982356 123 2514 69.691 0
2401 997944 117 2925 62.3593 0
2401 1013532 125 2611 71.2036 0
2401 1029120 117 2719 64.749 0
2401 1044708 122 2557 69.1825 0
