1296 7718 29 2027 8.96493 0
1296 15436 24 1718 9.23569 0
1296 23154 22 1494 7.82254 0
1296 30872 22 1510 7.80041 0
1296 38590 22 1899 7.24285 0
1296 46308 26 1746 9.95238 0
256 47754 2 315 1.23029 0
256 49200 2 312 0.943171 0
256 50646 1 266 0.856874 0
256 52092 1 271 0.757103 0
256 53538 2 345 1.11544 0
256 54984 1 267 0.858799 0
625 58634 7 744 3.20999 0
625 62284 5 640 2.12117 0
625 65934 6 634 2.81379 0
625 69584 6 655 2.7846 0
625 73234 8 713 3.70628 0
625 76884 6 649 2.4208 0
625 80324 7 841 2.98414 0
625 83764 7 732 3.30142 0
625 87204 6 641 2.39001 0
625 90644 8 994 3.37424 0
625 94084 6 683 2.82855 0
625 97524 8 798 3.52053 0
625 101004 6 697 2.57575 0
625 104484 7 739 3.15898 0
625 107964 9 835 3.99821 0
625 111444 6 667 3.02649 0
625 114924 6 659 2.35921 0
625 118404 7 778 3.12626 0
1296 125404 20 1562 6.57942 0
1296 132404 20 1503 5.88295 0
1296 139404 24 1905 7.7664 0
1296 146404 24 1746 7.76608 0
1296 153404 18 1547 5.34656 0
1296 160404 29 2164 8.95691 0
1296 167444 26 1714 8.72401 0
1296 174484 19 1353 5.99202 0
1296 181524 38 3014 10.4945 0
1296 188564 26 1769 7.96755 0
1296 195604 34 2452 10.6322 0
1296 202644 23 1817 7.10875 0
1296 209724 23 1824 7.01796 0
1296 216804 22 1652 7.60022 0
1296 223884 28 2171 9.04 0
1296 230964 21 1738 6.6378 0
1296 238044 22 1554 7.01379 0
1296 245124 18 1386 5.6587 0
1296 252244 26 2039 7.32241 0
1296 259364 22 1631 8.11223 0
1296 266484 26 1908 8.51709 0
1296 273604 23 1984 7.31439 0
1296 280724 22 1539 7.74362 0
1296 287844 28 1835 10.4179 0
1296 295004 21 1445 7.81805 0
1296 302164 19 1361 5.92401 0
1296 309324 18 1368 5.85023 0
1296 316484 20 1464 6.88354 0
1296 323644 19 1453 6.63396 0
1296 330804 20 1622 6.41805 0
1296 338004 19 1324 6.79725 0
1296 345204 37 2401 13.642 0
1296 352404 18 1322 5.78927 0
1296 359604 18 1329 5.53231 0
1296 366804 19 1471 6.59033 0
1296 374004 34 2031 12.2702 0
1296 381244 20 1409 6.87969 0
1296 388484 20 1751 6.67245 0
1296 395724 29 2077 9.59853 0
1296 402964 20 1482 6.72346 0
1296 410204 21 1589 7.29353 0
1296 417444 22 1653 7.0956 0
1296 424724 18 1313 5.91984 0
1296 432004 25 1890 7.71892 0
1296 439284 22 1643 7.68235 0
1296 446564 19 1327 7.13409 0
1296 453844 21 1554 7.03849 0
1296 461124 21 1586 6.701 0
1296 468444 21 1517 6.93872 0
1296 475764 21 1671 6.92589 0
1296 483084 21 1676 7.69935 0
1296 490404 28 1924 10.738 0
1296 497724 19 1389 6.61856 0
1296 505044 27 1955 9.59243 0
1296 512404 21 1416 7.61755 0
1296 519764 19 1369 6.95925 0
1296 527124 20 1608 6.59802 0
1296 534484 22 1690 7.83345 0
1296 541844 18 1299 5.9577 0
1296 549204 20 1473 7.10779 0
1296 556604 20 1319 6.84023 0
1296 564004 20 1336 7.34165 0
1296 571404 31 1892 13.3372 0
1296 578804 20 1345 7.29578 0
1296 586204 23 1629 8.32108 0
1296 593604 18 1304 6.21242 0
1296 601044 25 1649 10.3537 0
1296 608484 23 1665 8.14784 0
1296 615924 22 1620 8.62039 0
1296 623364 21 1334 8.20687 0
1296 630804 22 1692 7.35192 0
1296 638244 23 1682 7.72983 0
2401 651592 67 2974 16.9273 0
2401 664940 70 2829 21.8918 0
2401 678288 92 4163 22.058 0
2401 691636 124 4861 36.8655 0
2401 704984 67 3316 17.9186 0
2401 718332 158 6917 38.637 0
2401 731720 66 3567 18.3363 0
2401 745108 79 3785 21.3253 0
2401 758496 90 4147 25.5586 0
2401 771884 79 3873 18.1118 0
2401 785272 56 2526 15.1687 0
2401 798660 162 6136 45.3697 0
2401 812088 52 2587 12.3424 0
2401 825516 87 3515 22.3384 0
2401 838944 57 2643 15.0253 0
2401 852372 71 3687 16.655 0
2401 865800 80 3272 24.8949 0
2401 879228 72 3108 21.5986 0
