1296 8236 32 1374 16.7506 0
1296 16472 21 1328 8.41154 0
1296 24708 35 1663 17.5805 0
1296 32944 27 1351 12.4415 0
1296 41180 32 1460 16.2504 0
1296 49416 32 1613 16.3627 0
256 50964 2 270 0.938359 0
256 52512 2 272 1.38043 0
256 54060 2 262 0.988084 0
256 55608 1 261 0.872914 0
256 57156 1 275 0.879009 0
256 58704 1 261 0.706095 0
625 62604 8 708 3.69954 0
625 66504 6 629 2.82823 0
625 70404 8 735 4.35591 0
625 74304 9 694 4.40499 0
625 78204 7 816 3.22763 0
625 82104 6 667 2.86223 0
625 85984 10 749 5.44986 0
625 89864 9 696 5.05302 0
625 93744 10 743 5.89674 0
625 97624 8 656 4.62122 0
625 101504 10 826 5.46109 0
625 105384 9 686 5.16883 0
625 109344 9 701 5.07965 0
625 113304 9 701 5.30389 0
625 117264 9 631 5.24551 0
625 121224 10 680 5.92273 0
625 125184 8 636 4.13134 0
625 129144 10 626 5.58588 0
1296 136664 30 1615 14.3894 0
1296 144184 22 1310 9.54559 0
1296 151704 26 1827 10.7557 0
1296 159224 23 1712 7.82062 0
1296 166744 25 1454 11.2837 0
1296 174264 21 1588 7.99225 0
1296 181864 23 1431 9.58152 0
1296 189464 28 1594 11.7704 0
1296 197064 28 1498 13.0337 0
1296 204664 29 1880 12.1461 0
1296 212264 28 1472 13.1486 0
1296 219864 23 1306 9.90746 0
1296 227544 26 1546 11.679 0
1296 235224 25 1373 11.4987 0
1296 242904 28 1435 13.6481 0
1296 250584 25 1397 10.849 0
1296 258264 25 1392 11.3543 0
1296 265944 29 1482 14.17 0
1296 273704 28 1362 14.1302 0
1296 281464 32 1703 16.3114 0
1296 289224 27 1323 12.9615 0
1296 296984 27 1337 13.1839 0
1296 304744 29 1338 14.8254 0
1296 312504 25 1398 11.9282 0
1296 320344 28 1663 12.7065 0
1296 328184 30 1465 15.4783 0
1296 336024 30 1748 13.2345 0
1296 343864 30 1411 15.4532 0
1296 351704 30 1548 14.3121 0
1296 359544 27 1325 12.8348 0
1296 367464 29 1315 14.4514 0
1296 375384 40 2079 20.3885 0
1296 383304 38 1763 19.6122 0
1296 391224 30 1486 14.4122 0
1296 399144 29 1327 14.3696 0
1296 407064 36 1698 18.5365 0
1296 415064 33 1559 16.176 0
1296 423064 32 1618 15.9627 0
1296 431064 34 1556 17.4952 0
1296 439064 31 1592 15.2896 0
1296 447064 33 1407 17.6209 0
1296 455064 33 1545 16.2684 0
1296 463144 33 1516 16.9886 0
1296 471224 34 1620 16.877 0
1296 479304 32 1654 15.356 0
1296 487384 35 1522 18.8939 0
1296 495464 39 1412 22.6752 0
1296 503544 37 1510 20.051 0
1296 511704 33 1306 17.859 0
1296 519864 34 1363 18.7659 0
1296 528024 35 1609 17.885 0
1296 536184 33 1328 17.7255 0
1296 544344 33 1340 18.1105 0
1296 552504 38 1407 21.6057 0
1296 560744 38 1379 21.4382 0
1296 568984 36 1335 20.3914 0
1296 577224 34 1299 18.9497 0
1296 585464 34 1539 18.2741 0
1296 593704 33 1592 16.5238 0
1296 601944 41 1531 22.0012 0
1296 610264 35 1458 19.3847 0
1296 618584 39 1402 21.9172 0
1296 626904 41 1736 22.3438 0
1296 635224 32 1300 17.4063 0
1296 643544 37 1525 20.2438 0
1296 651864 43 1470 25.2019 0
1296 660264 42 1643 24.2071 0
1296 668664 39 1360 22.426 0
1296 677064 35 1400 19.011 0
1296 685464 40 1716 22.2531 0
1296 693864 37 1584 20.0206 0
1296 702264 37 1397 20.9602 0
2401 716612 88 3075 38.2263 0
2401 730960 95 3657 35.6236 0
2401 745308 66 2414 23.8279 0
2401 759656 74 3067 26.3629 0
2401 774004 95 3154 41.7744 0
2401 788352 83 2476 38.6414 0
2401 802780 95 2956 45.0691 0
2401 817208 105 3185 47.6571 0
2401 831636 96 3076 38.9664 0
2401 846064 80 2906 32.5448 0
2401 860492 87 2647 39.9394 0
2401 874920 82 2573 36.9245 0
2401 889428 96 3724 37.6463 0
2401 903936 103 3212 48.3911 0
2401 918444 79 2978 29.2149 0
2401 932952 80 2438 35.5845 0
2401 947460 95 3144 44.0689 0
2401 961968 85 2456 39.3039 0
