1000 20094 76 1025 55.4851 0
1000 40170 71 1028 51.5706 0
1000 60264 70 1021 50.6633 0
1000 80354 73 1037 53.1621 0
1000 100442 75 1077 55.0738 0
1000 120518 74 1028 53.6356 0
200 121404 1 204 0.833455 0
200 122292 1 206 0.749404 0
200 123176 1 203 0.716681 0
200 124074 1 224 0.649312 0
200 124948 1 220 0.653803 0
200 125850 1 208 0.69615 0
400 129120 7 409 4.87209 0
400 132424 7 423 5.011 0
400 135730 7 405 4.28437 0
400 139024 7 402 4.88941 0
400 142302 9 415 6.05169 0
400 145592 7 400 4.40852 0
600 152870 21 610 14.9088 0
600 160152 21 600 14.2922 0
600 167442 22 603 15.7452 0
600 174728 21 624 14.8604 0
600 182030 21 642 15.1488 0
600 189324 22 617 15.1716 0
800 202184 44 832 31.8602 0
800 215062 43 860 30.954 0
800 227940 40 806 28.8001 0
800 240818 43 826 31.3662 0
800 253692 43 804 31.1618 0
800 266564 43 803 31.0249 0
1100 290832 88 1109 64.7288 0
1100 315106 93 1159 68.0989 0
1100 339384 91 1117 66.617 0
1100 363652 91 1173 67.1246 0
1100 387940 91 1132 66.7868 0
1100 412202 92 1187 67.5208 0
1200 441064 112 1223 83.1649 0
1200 469924 110 1248 80.4185 0
1200 498782 112 1216 83.905 0
1200 527654 111 1260 82.196 0
1200 556540 114 1222 84.2499 0
1200 585412 111 1231 82.0623 0
1300 619276 132 1318 98.1042 0
1300 653152 135 1340 100.379 0
1300 687016 137 1325 102.39 0
1300 720876 133 1319 98.6765 0
1300 754750 132 1319 98.1838 0
1300 788628 130 1308 96.0549 0
1400 827898 155 1419 115.608 0
1400 867174 160 1416 119.584 0
1400 906426 155 1400 115.312 0
1400 945686 159 1405 119.164 0
1400 984962 153 1402 113.123 0
1400 1024236 163 1482 121.739 0
1500 1069308 181 1525 134.651 0
1500 1114388 183 1539 136.826 0
1500 1159436 184 1512 137.985 0
1500 1204492 186 1501 139.248 0
1500 1249558 186 1582 139.131 0
1500 1294638 179 1534 132.728 0
1600 1345906 210 1613 156.99 0
1600 1397170 209 1606 156.441 0
1600 1448416 216 1615 162.32 0
1600 1499664 209 1611 156.916 0
1600 1550938 214 1651 160.838 0
1600 1602210 213 1685 159.935 0
1700 1660080 237 1710 177.232 0
1700 1717944 240 1760 179.968 0
1700 1775796 242 1737 182.126 0
1700 1833650 241 1712 181.936 0
1700 1891520 242 1720 182.309 0
1700 1949388 236 1713 175.846 0
1800 2014246 270 1838 202.483 0
1800 2079130 264 1812 197.882 0
1800 2143992 269 1807 201.569 0
1800 2208848 260 1801 194.349 0
1800 2273706 274 1836 206.714 0
1800 2338580 276 1846 209.443 0
1900 2410854 303 1939 227.683 0
1900 2483124 298 1915 222.237 0
1900 2555372 299 1901 224.324 0
1900 2627626 305 1900 229.983 0
1900 2699888 303 1951 228.664 0
1900 2772166 291 1901 217.684 0
2000 2852246 338 2012 254.716 0
2000 2932314 345 2068 260.905 0
2000 3012366 348 2006 264.416 0
2000 3092426 341 2010 256.996 0
2000 3172492 344 2024 259.779 0
2000 3252564 341 2022 256.301 0
2100 3340832 380 2109 285.88 0
2100 3429104 382 2110 287.675 0
2100 3517362 370 2100 278.22 0
2100 3605620 379 2119 285.338 0
2100 3693890 379 2101 285.485 0
2100 3782168 381 2225 287.909 0
2200 3879022 424 2205 320.587 0
2200 3975876 412 2216 310.817 0
2200 4072726 420 2269 317.872 0
2200 4169594 413 2233 311.968 0
2200 4266456 408 2206 307.907 0
2200 4363320 418 2310 316.634 0
2300 4469180 462 2323 351.142 0
2300 4575014 475 2324 361.532 0
2300 4680862 459 2330 348.069 0
2300 4786712 448 2301 336.831 0
2300 4892562 461 2317 348.748 0
2300 4998422 468 2367 354.904 0
2400 5113676 497 2400 375.423 0
2400 5228914 502 2401 379.594 0
2400 5344168 498 2470 377.471 0
2400 5459408 494 2402 372.532 0
2400 5574662 500 2405 378.239 0
2400 5689914 501 2432 378.945 0
2500 5814966 544 2506 413.388 0
2500 5940024 556 2521 422.871 0
2500 6065070 554 2517 420.8 0
2500 6190128 548 2568 414.835 0
2500 6315172 563 2564 429.01 0
2500 6440224 567 2618 432.81 0
2600 6575482 594 2604 451.699 0
2600 6710732 607 2638 464.791 0
2600 6845972 581 2608 440.228 0
2600 6981234 588 2602 445.33 0
2600 7116472 597 2617 453.252 0
2600 7251728 608 2609 463.358 0
2700 7397586 651 2751 495.624 0
2700 7543424 647 2767 491.855 0
2700 7689252 647 2756 491.381 0
2700 7835098 653 2800 497.362 0
2700 7980932 653 2726 498.061 0
2700 8126790 650 2706 495.977 0
