1000 99916 142 1012 103.05 0
1000 199830 151 1019 110.87 0
1000 299748 148 1012 108.874 0
1000 399660 137 1006 99.0021 0
1000 499580 145 1006 105.942 0
1000 599490 143 1011 103.988 0
200 603494 5 213 3.61966 0
200 607488 5 212 3.44546 0
200 611482 4 200 3.28153 0
200 615484 5 202 3.4121 0
200 619488 5 200 3.46984 0
200 623488 5 202 3.62511 0
400 639468 21 418 15.4664 0
400 655452 20 404 14.7282 0
400 671432 21 409 15.0003 0
400 687402 21 404 15.5578 0
400 703384 21 407 15.2739 0
400 719362 21 407 15.179 0
600 755316 52 629 37.664 0
600 791274 49 613 35.478 0
600 827228 47 601 33.974 0
600 863192 48 607 33.9121 0
600 899150 48 606 33.9695 0
600 935116 51 619 37.3845 0
800 999060 90 811 65.322 0
800 1063004 90 838 65.8038 0
800 1126940 91 813 66.6357 0
800 1190876 94 809 69.2692 0
800 1254820 90 817 65.1965 0
800 1318758 91 812 65.7015 0
1100 1439672 175 1133 128.257 0
1100 1560580 180 1133 131.243 0
1100 1681482 180 1143 132.253 0
1100 1802386 183 1140 135.36 0
1100 1923290 173 1111 125.133 0
1100 2044200 177 1106 130.066 0
1200 2188102 209 1229 152.196 0
1200 2331992 219 1217 162.272 0
1200 2475882 198 1200 142.899 0
1200 2619774 212 1234 155.156 0
1200 2763672 219 1245 161.773 0
1200 2907570 204 1200 148.264 0
1300 3076462 256 1322 189.94 0
1300 3245344 252 1317 186.319 0
1300 3414230 252 1346 184.164 0
1300 3583128 249 1318 182.884 0
1300 3752012 243 1305 176.191 0
1300 3920904 240 1309 173.581 0
1400 4116786 281 1408 205.268 0
1400 4312658 286 1416 209.034 0
1400 4508530 286 1421 209.643 0
1400 4704416 289 1419 211.247 0
1400 4900294 297 1446 219.46 0
1400 5096168 288 1420 211.408 0
1500 5321038 344 1525 255.542 0
1500 5545910 340 1530 250.722 0
1500 5770774 339 1507 250.333 0
1500 5995644 341 1549 252.262 0
1500 6220512 321 1503 234.073 0
1500 6445382 334 1528 246.188 0
1600 6701244 379 1611 279.032 0
1600 6957106 391 1638 289.829 0
1600 7212958 375 1608 275.515 0
1600 7468820 376 1616 276.03 0
1600 7724676 382 1636 281.139 0
1600 7980544 383 1634 282.303 0
1700 8269390 419 1702 305.669 0
1700 8558240 445 1743 331.295 0
1700 8847086 435 1708 322.496 0
1700 9135932 432 1724 318.613 0
1700 9424780 442 1749 328.155 0
1700 9713632 444 1711 329.121 0
1800 10037474 500 1848 372.406 0
1800 10361314 477 1804 350.13 0
1800 10685156 485 1819 358.913 0
1800 11008998 481 1824 354.379 0
1800 11332840 475 1817 349.033 0
1800 11656680 456 1804 332.03 0
1900 12017516 561 1947 417.902 0
1900 12378344 519 1900 378.521 0
1900 12739172 564 1926 422.418 0
1900 13100004 555 1941 412.464 0
1900 13460832 541 1921 398.575 0
1900 13821656 564 1908 423.099 0
2000 14221474 578 2000 422.452 0
2000 14621296 624 2033 466.382 0
2000 15021116 606 2007 448.418 0
2000 15420932 596 2027 439.438 0
2000 15820752 620 2042 462.294 0
2000 16220574 620 2004 463.855 0
2100 16661384 663 2120 490.561 0
2100 17102196 686 2125 510.906 0
2100 17543004 652 2100 479.188 0
2100 17983810 676 2120 503.314 0
2100 18424616 690 2162 515.294 0
2100 18865424 651 2105 477.745 0
2200 19349224 733 2237 543.472 0
2200 19833022 770 2254 576.998 0
2200 20316818 761 2261 568.686 0
2200 20800610 742 2223 552.704 0
2200 21284410 726 2221 537.06 0
2200 21768212 741 2224 550.932 0
2300 22296994 798 2310 589.523 0
2300 22825778 792 2320 586.232 0
2300 23354562 788 2318 581.147 0
2300 23883344 823 2346 615.234 0
2300 24412134 791 2315 584.924 0
2300 24940916 801 2314 593.819 0
2400 25516696 891 2436 664.479 0
2400 26092478 893 2432 665.023 0
2400 26668254 847 2406 621.945 0
2400 27244026 896 2429 671.814 0
2400 27819806 897 2450 671.234 0
2400 28395574 887 2412 660.556 0
2500 29020342 938 2509 692.534 0
2500 29645108 922 2509 677.586 0
2500 30269874 949 2533 705.187 0
2500 30894644 954 2541 706.923 0
2500 31519412 951 2524 706.015 0
2500 32144182 983 2515 734.354 0
2600 32819942 1011 2603 746.715 0
2600 33495704 1010 2620 746.736 0
2600 34171464 1025 2639 759.352 0
2600 34847228 1054 2647 790.065 0
2600 35522992 1060 2654 792.406 0
2600 36198754 1057 2654 790.699 0
2700 36927502 1141 2725 857.964 0
2700 37656260 1111 2733 827.28 0
2700 38385006 1142 2753 854.376 0
2700 39113758 1071 2703 788.196 0
2700 39842508 1138 2758 851.604 0
2700 40571252 1114 2705 829.948 0
