1000 199806 203 1000 143.48 0
1000 399616 222 1014 160.859 0
1000 599420 207 1001 145.225 0
1000 799226 218 1020 157.107 0
1000 999034 212 1009 152.036 0
1000 1198840 202 1001 141.438 0
200 1206806 7 204 5.27021 0
200 1214776 7 202 5.01613 0
200 1222742 8 208 5.46333 0
200 1230714 7 202 5.25417 0
200 1238676 7 203 5.26251 0
200 1246646 7 201 5.12232 0
400 1278572 32 408 22.4767 0
400 1310496 31 407 21.4706 0
400 1342426 34 409 24.9501 0
400 1374352 31 406 21.9104 0
400 1406280 31 406 22.0949 0
400 1438206 30 407 21.0706 0
600 1510090 76 612 54.1726 0
600 1581978 72 604 50.5183 0
600 1653864 71 604 49.4834 0
600 1725746 78 614 56.2143 0
600 1797636 73 606 51.9026 0
600 1869532 73 610 51.7185 0
800 1997382 142 819 103.287 0
800 2125230 136 809 97.486 0
800 2253082 137 815 97.9778 0
800 2380934 133 815 94.653 0
800 2508782 133 803 94.9779 0
800 2636632 127 800 88.693 0
1100 2878416 263 1108 189.55 0
1100 3120208 266 1105 193.521 0
1100 3362006 246 1100 174.408 0
1100 3603794 245 1106 173.038 0
1100 3845584 265 1121 190.934 0
1100 4087378 269 1131 195.711 0
1200 4375144 327 1218 238.949 0
1200 4662914 324 1212 237.181 0
1200 4950678 328 1226 239.425 0
1200 5238444 301 1207 214.906 0
1200 5526212 307 1216 220.55 0
1200 5813986 318 1224 230.176 0
1300 6151734 356 1306 253.624 0
1300 6489484 378 1316 276.17 0
1300 6827226 376 1328 273.644 0
1300 7164976 343 1303 241.196 0
1300 7502722 364 1308 261.532 0
1300 7840468 357 1308 255.558 0
1400 8232196 438 1417 318.803 0
1400 8623926 445 1436 326.141 0
1400 9015648 438 1422 319.141 0
1400 9407376 440 1417 322.186 0
1400 9799100 417 1410 299.21 0
1400 10190828 411 1404 292.983 0
1500 10640538 468 1500 332.432 0
1500 11090246 468 1503 333.399 0
1500 11539950 486 1513 350.682 0
1500 11989658 500 1529 364.193 0
1500 12439360 475 1502 339.649 0
1500 12889066 487 1507 351.267 0
1600 13400752 533 1600 379.141 0
1600 13912442 584 1630 429.019 0
1600 14424130 563 1616 407.539 0
1600 14935818 572 1616 414.864 0
1600 15447502 567 1611 412.674 0
1600 15959192 554 1602 399.637 0
1700 16536856 613 1706 440.471 0
1700 17114528 654 1725 480.353 0
1700 17692196 633 1712 458.143 0
1700 18269866 641 1721 466.588 0
1700 18847534 654 1710 481.052 0
1700 19425204 607 1710 433.437 0
1800 20072854 745 1836 548.66 0
1800 20720506 740 1828 544.548 0
1800 21368154 714 1813 518.26 0
1800 22015800 700 1809 504.923 0
1800 22663446 725 1814 529.247 0
1800 23311096 712 1811 519.249 0
1900 24032726 821 1920 603.866 0
1900 24754350 825 1935 605.275 0
1900 25475982 772 1905 555.129 0
1900 26197612 771 1901 552.553 0
1900 26919238 784 1911 567.32 0
1900 27640870 773 1901 556.789 0
2000 28440480 912 2012 670.915 0
2000 29240090 904 2000 663.147 0
2000 30039698 914 2015 673.099 0
2000 30839306 896 2023 654.438 0
2000 31638912 838 2002 599.269 0
2000 32438526 915 2016 673.353 0
2100 33320112 992 2117 726.151 0
2100 34201702 1006 2101 742.567 0
2100 35083294 967 2114 702.512 0
2100 35964878 972 2116 706.887 0
2100 36846466 985 2101 719.806 0
2100 37728058 987 2111 720.723 0
2200 38695624 1121 2227 827.361 0
2200 39663198 1052 2207 762.313 0
2200 40630766 1042 2213 753.176 0
2200 41598328 1072 2208 780.544 0
2200 42565896 1105 2216 813.093 0
2200 43533466 1022 2200 732.737 0
2300 44591012 1137 2302 820.509 0
2300 45648560 1154 2306 837.127 0
2300 46706110 1221 2329 898.575 0
2300 47763658 1185 2320 865.62 0
2300 48821212 1168 2312 849.571 0
2300 49878764 1249 2307 931.159 0
2400 51030294 1324 2418 974.707 0
2400 52181822 1371 2400 1022.86 0
2400 53333356 1264 2404 915.991 0
2400 54484888 1317 2430 967.759 0
2400 55636414 1273 2404 926.267 0
2400 56787942 1357 2408 1010.02 0
2500 58037450 1472 2515 1090.55 0
2500 59286960 1371 2501 993.426 0
2500 60536466 1446 2523 1068.58 0
2500 61785972 1342 2500 968.438 0
2500 63035478 1483 2529 1106.28 0
2500 64284986 1497 2548 1114.88 0
2600 65636476 1475 2603 1068.86 0
2600 66987968 1520 2622 1112.75 0
2600 68339460 1501 2612 1095.29 0
2600 69690948 1504 2620 1097.9 0
2600 71042436 1474 2604 1069 0
2600 72393920 1476 2604 1069.85 0
2700 73851394 1670 2720 1232.28 0
2700 75308860 1687 2708 1248.18 0
2700 76766328 1599 2710 1164.24 0
2700 78223800 1610 2709 1173.58 0
2700 79681270 1695 2704 1258.8 0
2700 81138742 1588 2707 1153.47 0
