1024 3968 425 31315 111.931 0
1024 7936 440 34704 105.152 0
1024 11904 342 28852 71.3348 0
1024 15872 319 26345 75.906 0
1024 19840 23 2109 4.98084 0
1024 23808 17 1637 3.73034 0
196 24536 1 255 0.540559 0
196 25264 1 211 0.464207 0
196 25992 9 1622 3.66072 0
196 26720 1 225 0.408066 0
196 27448 2 433 0.967231 0
196 28176 2 475 0.874197 0
400 29696 39 5573 10.9565 0
400 31216 62 7891 21.6637 0
400 32736 3 477 1.11127 0
400 34256 2 408 0.791429 0
400 35776 19 2543 6.75682 0
400 37296 4 615 1.47731 0
576 39504 174 18326 57.3724 0
576 41712 76 8631 21.2614 0
576 43920 107 13173 28.0343 0
576 46128 79 9631 20.668 0
576 48336 8 1018 2.45289 0
576 50544 63 7731 17.7582 0
784 53568 91 9685 21.0032 0
784 56592 31 2835 9.3252 0
784 59616 341 31493 94.1278 0
784 62640 66 7227 16.4365 0
784 65664 52 5392 12.1858 0
784 68688 7 843 1.99574 0
1089 72912 1613 127198 343.766 0
1089 77136 17 1559 3.68671 0
1089 81360 16 1381 3.48781 0
1089 85584 16 1439 3.47369 0
1089 89808 73 6487 14.0106 0
1089 94032 350 25954 85.0663 0
1225 98792 21 1776 4.012 0
1225 103552 981 73737 197.364 0
1225 108312 1454 106162 307.717 0
1225 113072 366 29279 70.1774 0
1225 117832 89 5926 22.7651 0
1225 122592 146 11241 27.1736 0
1296 127632 339 21870 77.8713 0
1296 132672 157 12786 28.6249 0
1296 137712 376 27385 75.0738 0
1296 142752 108 9166 18.1317 0
1296 147792 16 1316 3.3566 0
1296 152832 1566 106207 320.356 0
1369 158160 210 15922 33.795 0
1369 163488 344 22388 70.5989 0
1369 168816 327 23553 57.3993 0
1369 174144 837 51738 177.661 0
1369 179472 386 28737 62.2666 0
1369 184800 19 1476 3.88657 0
1521 190728 1278 80071 259.742 0
1521 196656 629 40918 100.477 0
1521 202584 969 60246 177.904 0
1521 208512 213 15937 38.9809 0
1521 214440 22 1560 4.30266 0
1521 220368 2666 163663 491.004 0
1600 226608 1293 69040 292.315 0
1600 232848 41 2764 7.35032 0
1600 239088 1958 111554 384.937 0
1600 245328 2280 119254 538.968 0
1600 251568 8165 436241 1782.48 0
1600 257808 37 2571 6.53515 0
1681 264368 252 15234 46.5214 0
1681 270928 870 48451 160.737 0
1681 277488 491 27528 95.2933 0
1681 284048 2615 158586 413.851 0
1681 290608 449 24649 94.5747 0
1681 297168 101 6970 16.5109 0
1764 304056 960 56962 158.879 0
1764 310944 6882 367464 1285.76 0
1764 317832 1228 72501 178.939 0
1764 324720 2639 148732 446.251 0
1764 331608 821 49453 118.236 0
1764 338496 183 9914 34.4052 0
1936 346064 50 3037 7.90884 0
1936 353632 729 40930 99.9928 0
1936 361200 128 6862 21.613 0
1936 368768 4898 258764 771.563 0
1936 376336 246 14794 35.4648 0
1936 383904 6608 333494 1180 0
2025 391824 8083 388518 1464.3 0
2025 399744 884 44673 151.053 0
2025 407664 46 2545 7.63648 0
2025 415584 12723 586648 2567.1 0
2025 423504 1941 92372 364.391 0
2025 431424 4155 200949 722.34 0
2116 439704 71 3909 10.5151 0
2116 447984 3838 177710 688.306 0
2116 456264 2261 104874 369.972 0
2116 464544 3997 191479 692.085 0
2116 472824 11375 511047 1966.6 0
2116 481104 1502 67899 282.912 0
2209 489752 14534 612990 2746.42 0
2209 498400 590 24163 115.204 0
2209 507048 252 10924 49.0757 0
2209 515696 504 26086 67.3623 0
2209 524344 131 6254 21.5867 0
2209 532992 234 12631 32.0373 0
2304 542016 641 27286 112.239 0
2304 551040 1328 55145 247.833 0
2304 560064 2882 122291 514.499 0
2304 569088 2456 117575 322.633 0
2304 578112 1573 73916 204.4 0
2304 587136 232 11163 35.1344 0
2401 596544 1465 67418 204.501 0
2401 605952 1995 90531 275.887 0
2401 615360 9407 392599 1542.46 0
2401 624768 10910 471618 1657.48 0
2401 634176 60 2995 9.30018 0
2401 643584 17488 705281 3148.82 0
2500 653384 14510 584859 2486.77 0
2500 663184 472 23655 51.9604 0
2500 672984 2832 127932 306.19 0
2500 682784 1344 65946 167.899 0
2500 692584 104 5150 13.8412 0
2500 702384 3051 135088 387.909 0
2601 712584 446 20729 50.1218 0
2601 722784 650 27915 83.7757 0
2601 732984 16361 656260 2425.33 0
2601 743184 1580 64118 219.458 0
2601 753384 5046 198123 772.68 0
2601 763584 1667 75656 221.129 0
2704 774192 32467 1184814 5144.07 0
2704 784800 296 12875 39.2109 0
2704 795408 820 36142 94.1134 0
2704 806016 5542 214200 827.069 0
2704 816624 356 15523 40.3154 0
2704 827232 5016 206512 680.668 0
