1024 4376 39 3288 11.6164 0
1024 8752 12 1128 3.70916 0
1024 13128 19 1776 6.03661 0
1024 17504 13 1146 4.35976 0
1024 21880 39 2734 13.4633 0
1024 26256 27 2625 6.82163 0
196 27062 1 248 0.499175 0
196 27868 1 220 0.470944 0
196 28674 1 275 0.602795 0
196 29480 1 207 0.450412 0
196 30286 1 209 0.480889 0
196 31092 1 208 0.436297 0
400 32772 3 512 1.49432 0
400 34452 3 481 1.25724 0
400 36132 3 424 1.18153 0
400 37812 7 1094 2.68034 0
400 39492 3 475 1.06668 0
400 41172 3 574 1.41829 0
576 43610 11 1336 4.04665 0
576 46048 7 957 2.77818 0
576 48486 8 1001 3.00114 0
576 50924 5 629 1.97873 0
576 53362 6 772 2.64762 0
576 55800 12 1562 3.83845 0
784 59136 15 1722 4.87305 0
784 62472 9 975 3.25362 0
784 65808 18 2034 5.59262 0
784 69144 12 1301 3.98762 0
784 72480 17 1773 5.1807 0
784 75816 9 1002 3.43455 0
1089 80480 19 1486 6.8444 0
1089 85144 17 1391 5.05334 0
1089 89808 36 2909 11.5025 0
1089 94472 19 1533 6.41356 0
1089 99136 24 1849 8.05737 0
1089 103800 25 2177 7.4873 0
1225 109040 35 2368 11.5481 0
1225 114280 29 2186 9.41984 0
1225 119520 29 2136 9.68867 0
1225 124760 38 3239 9.51704 0
1225 130000 51 3479 16.4497 0
1225 135240 21 1633 5.91695 0
1296 140800 20 1740 5.12039 0
1296 146360 34 2704 9.19624 0
1296 151920 19 1401 6.47836 0
1296 157480 24 1957 7.22873 0
1296 163040 34 2193 12.7081 0
1296 168600 24 1885 6.6115 0
1369 174488 28 2183 8.23895 0
1369 180376 41 3267 10.7695 0
1369 186264 19 1389 5.78221 0
1369 192152 27 1721 9.12341 0
1369 198040 34 1991 11.9667 0
1369 203928 51 3899 12.582 0
1521 210456 23 1613 5.98913 0
1521 216984 40 2214 12.823 0
1521 223512 43 2711 11.5862 0
1521 230040 25 1850 6.55824 0
1521 236568 39 2162 12.9593 0
1521 243096 35 2185 11.3546 0
1600 249976 51 3360 11.8057 0
1600 256856 71 4519 17.2061 0
1600 263736 63 3383 20.8274 0
1600 270616 75 5084 15.9977 0
1600 277496 34 2067 10.1362 0
1600 284376 98 6158 23.8305 0
1681 291616 86 5042 22.7426 0
1681 298856 60 3150 20.0379 0
1681 306096 68 3176 23.9934 0
1681 313336 31 1900 8.51388 0
1681 320576 40 2415 11.062 0
1681 327816 58 2899 18.6735 0
1764 335424 52 2990 15.7715 0
1764 343032 68 2964 26.0296 0
1764 350640 49 2780 15.6521 0
1764 358248 77 4308 22.0436 0
1764 365856 75 4709 14.8161 0
1764 373464 41 2410 11.5359 0
1936 381792 93 5327 17.2218 0
1936 390120 180 8062 51.5581 0
1936 398448 45 2665 12.335 0
1936 406776 116 7004 21.7423 0
1936 415104 90 4130 29.6178 0
1936 423432 101 4666 28.7369 0
2025 432152 116 6096 27.1197 0
2025 440872 80 3365 28.2614 0
2025 449592 594 17565 241.562 0
2025 458312 53 2760 14.0301 0
2025 467032 77 3919 20.0501 0
2025 475752 70 3357 21.2287 0
2116 484872 122 4615 45.0903 0
2116 493992 127 6754 26.8014 0
2116 503112 152 6945 42.7847 0
2116 512232 98 3852 36.3278 0
2116 521352 127 5051 41.1931 0
2116 530472 63 3108 18.0592 0
2209 540000 168 5588 68.2551 0
2209 549528 167 5287 68.7937 0
2209 559056 137 6954 36.1315 0
2209 568584 148 8034 27.3529 0
2209 578112 248 8230 84.0015 0
2209 587640 65 2746 19.9365 0
2304 597584 66 3167 15.0827 0
2304 607528 67 2855 20.3298 0
2304 617472 88 4560 20.8681 0
2304 627416 131 6126 33.1669 0
2304 637360 75 3207 24.7537 0
2304 647304 108 5469 20.6195 0
2401 657672 165 5245 58.8619 0
2401 668040 161 5782 53.0056 0
2401 678408 298 10401 85.1613 0
2401 688776 200 6013 81.4457 0
2401 699144 67 2817 20.1752 0
2401 709512 139 7069 23.3262 0
2500 720312 349 11073 105.586 0
2500 731112 86 3385 23.7743 0
2500 741912 88 3422 27.5839 0
2500 752712 262 10154 73.3062 0
2500 763512 191 6252 60.3629 0
2500 774312 160 7018 27.8251 0
2601 785552 64 2741 16.6479 0
2601 796792 102 4316 26.163 0
2601 808032 118 5412 23.9155 0
2601 819272 121 4361 37.8715 0
2601 830512 375 10383 147.539 0
2601 841752 83 3418 21.7186 0
2704 853440 174 5883 57.0307 0
2704 865128 175 6996 40.2256 0
2704 876816 116 4956 27.223 0
2704 888504 224 8919 50.5687 0
2704 900192 142 5870 36.9723 0
2704 911880 355 11119 108.69 0
