1024 5196 16 1215 6.3895 0
1024 10392 15 1212 6.00999 0
1024 15588 19 1560 7.8867 0
1024 20784 17 1408 7.25985 0
1024 25980 18 1387 6.65256 0
1024 31176 15 1087 6.60252 0
196 32138 2 290 1.04038 0
196 33100 1 232 0.66439 0
196 34062 1 234 0.637121 0
196 35024 1 200 0.536709 0
196 35986 1 205 0.542163 0
196 36948 1 199 0.512328 0
400 38948 3 418 1.58093 0
400 40948 4 545 1.9335 0
400 42948 4 544 1.81031 0
400 44948 3 433 1.63611 0
400 46948 3 444 1.62456 0
400 48948 3 447 1.45646 0
576 51846 6 633 2.6874 0
576 54744 5 587 1.85651 0
576 57642 5 588 2.51801 0
576 60540 7 813 3.13428 0
576 63438 6 609 2.7384 0
576 66336 5 601 2.14331 0
784 70300 12 954 5.4335 0
784 74264 14 1291 6.21787 0
784 78228 13 1059 5.42933 0
784 82192 17 1425 6.9307 0
784 86156 9 797 4.42713 0
784 90120 10 988 4.31581 0
1089 95664 16 1127 6.68689 0
1089 101208 21 1531 8.70123 0
1089 106752 18 1244 7.73111 0
1089 112296 16 1179 6.89349 0
1089 117840 19 1367 7.87612 0
1089 123384 17 1295 6.30513 0
1225 129584 19 1269 7.50751 0
1225 135784 27 1488 11.9273 0
1225 141984 20 1480 6.62497 0
1225 148184 25 1571 10.866 0
1225 154384 36 2110 14.1565 0
1225 160584 22 1555 8.67653 0
1296 167184 23 1526 9.26328 0
1296 173784 21 1329 8.74711 0
1296 180384 21 1306 8.90783 0
1296 186984 36 1968 14.3943 0
1296 193584 23 1569 8.72914 0
1296 200184 24 1456 9.53052 0
1369 207192 26 1614 10.184 0
1369 214200 27 1519 11.9516 0
1369 221208 33 1850 13.5165 0
1369 228216 26 1620 10.1192 0
1369 235224 27 1546 11.3684 0
1369 242232 28 2018 10.5751 0
1521 249960 31 1808 12.9243 0
1521 257688 27 1601 10.2437 0
1521 265416 32 2000 12.5268 0
1521 273144 32 1878 12.6645 0
1521 280872 32 1600 13.6814 0
1521 288600 36 1738 15.3673 0
1600 296760 35 1717 14.9027 0
1600 304920 37 1613 17.2764 0
1600 313080 46 2209 19.1878 0
1600 321240 45 2362 18.4422 0
1600 329400 42 2336 15.2749 0
1600 337560 35 1885 14.3099 0
1681 346160 37 1715 15.5617 0
1681 354760 53 2130 23.9784 0
1681 363360 38 1846 15.3471 0
1681 371960 39 2213 13.9644 0
1681 380560 39 2017 15.3102 0
1681 389160 39 2230 13.2211 0
1764 398208 51 2710 19.4858 0
1764 407256 53 2909 20.8463 0
1764 416304 49 2444 17.7383 0
1764 425352 43 2395 16.5446 0
1764 434400 49 2085 21.896 0
1764 443448 37 1829 14.5954 0
1936 453296 49 2514 16.8093 0
1936 463144 55 2380 21.1928 0
1936 472992 55 2366 22.6945 0
1936 482840 57 2680 19.8271 0
1936 492688 56 2600 20.5213 0
1936 502536 68 3335 25.3357 0
2025 512856 92 3472 39.0652 0
2025 523176 83 3044 37.6341 0
2025 533496 48 2246 17.1962 0
2025 543816 56 2141 23.954 0
2025 554136 52 2164 20.702 0
2025 564456 49 2272 17.5696 0
2116 575256 61 2389 26.0562 0
2116 586056 54 2339 20.2753 0
2116 596856 60 2681 21.3266 0
2116 607656 90 3202 36.9322 0
2116 618456 62 2689 21.2364 0
2116 629256 64 2487 24.6601 0
2209 640544 64 2771 24.4304 0
2209 651832 81 3103 30.1577 0
2209 663120 64 2507 25.8166 0
2209 674408 81 3253 32.0877 0
2209 685696 82 3294 30.1497 0
2209 696984 64 2460 25.1711 0
2304 708768 88 2949 34.171 0
2304 720552 74 2878 29.2197 0
2304 732336 69 2560 28.6429 0
2304 744120 126 3650 59.5138 0
2304 755904 69 2543 27.983 0
2304 767688 106 3125 50.177 0
2401 779976 99 3921 37.9864 0
2401 792264 92 2924 39.5288 0
2401 804552 76 2795 29.904 0
2401 816840 74 2690 29.7551 0
2401 829128 107 3639 43.758 0
2401 841416 74 3106 30.0137 0
2500 854216 117 4047 39.8432 0
2500 867016 94 3912 34.1267 0
2500 879816 93 2927 39.1656 0
2500 892616 87 3243 31.9908 0
2500 905416 133 4207 55.1582 0
2500 918216 77 2673 30.577 0
2601 931536 86 2835 33.8358 0
2601 944856 90 3069 33.5891 0
2601 958176 96 2932 40.744 0
2601 971496 103 3412 42.0333 0
2601 984816 83 2669 33.0155 0
2601 998136 125 4218 44.3338 0
2704 1011984 96 3090 38.2741 0
2704 1025832 94 3005 35.9765 0
2704 1039680 94 3209 35.0183 0
2704 1053528 187 4806 90.4045 0
2704 1067376 90 2822 35.4777 0
2704 1081224 124 4544 47.727 0
