1024 4786 12 1038 4.09156 0
1024 9572 14 1171 5.08414 0
1024 14358 16 1373 5.29555 0
1024 19144 13 1227 4.60806 0
1024 23930 19 1480 6.78698 0
1024 28716 20 1820 6.68945 0
196 29600 1 272 0.797204 0
196 30484 1 256 0.807149 0
196 31368 1 206 0.451695 0
196 32252 1 274 0.814207 0
196 33136 1 279 0.622364 0
196 34020 3 428 1.45774 0
400 35860 4 536 1.7099 0
400 37700 3 441 1.38043 0
400 39540 2 411 0.953437 0
400 41380 5 730 2.47727 0
400 43220 4 671 1.94858 0
400 45060 3 567 1.46641 0
576 47728 6 722 2.25944 0
576 50396 9 1005 3.30751 0
576 53064 4 593 1.79876 0
576 55732 5 606 1.79459 0
576 58400 5 594 2.15229 0
576 61068 7 978 2.67232 0
784 64718 11 1032 4.54326 0
784 68368 11 1202 3.84936 0
784 72018 8 1057 3.26356 0
784 75668 7 838 2.68258 0
784 79318 12 1273 4.36329 0
784 82968 9 1063 2.92736 0
1089 88072 17 1537 5.6401 0
1089 93176 23 1712 9.32712 0
1089 98280 16 1342 5.70747 0
1089 103384 17 1396 6.05009 0
1089 108488 13 1156 4.43354 0
1089 113592 13 1092 4.57534 0
1225 119312 35 1946 15.3939 0
1225 125032 20 1435 7.33556 0
1225 130752 16 1248 5.12135 0
1225 136472 40 2626 15.3015 0
1225 142192 26 2055 8.22259 0
1225 147912 28 1968 9.42882 0
1296 153992 19 1537 5.93492 0
1296 160072 22 1772 7.4379 0
1296 166152 28 2229 8.02914 0
1296 172232 18 1380 5.91727 0
1296 178312 20 1720 6.15371 0
1296 184392 22 1634 8.28098 0
1369 190840 23 1661 6.5499 0
1369 197288 20 1475 5.97181 0
1369 203736 21 1597 7.16874 0
1369 210184 45 2318 19.3449 0
1369 216632 41 2234 16.4959 0
1369 223080 23 1710 7.56397 0
1521 230208 32 1887 11.011 0
1521 237336 25 1575 8.13148 0
1521 244464 31 2016 10.3659 0
1521 251592 36 2071 12.5631 0
1521 258720 26 1910 7.40357 0
1521 265848 32 2132 9.63767 0
1600 273368 35 2017 12.0505 0
1600 280888 38 2519 11.1275 0
1600 288408 30 2075 9.6274 0
1600 295928 28 1838 9.04642 0
1600 303448 47 2617 18.0328 0
1600 310968 26 1612 8.35925 0
1681 318888 62 3731 19.2538 0
1681 326808 33 1920 11.4428 0
1681 334728 55 3502 14.7818 0
1681 342648 44 2697 12.3 0
1681 350568 50 2281 20.8479 0
1681 358488 33 2012 10.6383 0
1764 366816 67 3328 22.6294 0
1764 375144 35 1964 11.7094 0
1764 383472 35 1896 11.2776 0
1764 391800 39 2029 13.3443 0
1764 400128 34 1839 11.2815 0
1764 408456 35 1974 11.892 0
1936 417544 37 2676 10.0204 0
1936 426632 40 2298 11.8037 0
1936 435720 60 3571 16.1208 0
1936 444808 97 4218 35.187 0
1936 453896 63 2795 23.4362 0
1936 462984 67 3183 24.3338 0
2025 472504 44 2308 14.3076 0
2025 482024 47 2375 14.274 0
2025 491544 40 2121 11.4461 0
2025 501064 45 2477 12.3748 0
2025 510584 166 6165 63.3262 0
2025 520104 50 2797 14.9573 0
2116 530064 74 2862 28.6374 0
2116 540024 117 4734 43.6675 0
2116 549984 70 3984 17.4317 0
2116 559944 52 2887 14.8328 0
2116 569904 44 2535 11.9876 0
2116 579864 58 2935 17.3454 0
2209 590272 65 2811 23.1786 0
2209 600680 74 3081 22.126 0
2209 611088 267 8509 107.175 0
2209 621496 71 3278 19.0418 0
2209 631904 57 2824 15.7253 0
2209 642312 61 3370 16.2479 0
2304 653176 57 2603 15.9871 0
2304 664040 87 3300 32.7078 0
2304 674904 51 2458 13.6615 0
2304 685768 83 3522 27.0462 0
2304 696632 59 2812 14.6958 0
2304 707496 97 3735 38.2324 0
2401 718824 85 3819 27.8508 0
2401 730152 64 2986 17.8526 0
2401 741480 70 3057 19.1614 0
2401 752808 68 2848 20.8046 0
2401 764136 72 2725 26.079 0
2401 775464 67 3138 17.9725 0
2500 787264 55 2529 13.3414 0
2500 799064 139 4840 50.1343 0
2500 810864 80 3676 21.6057 0
2500 822664 169 4455 79.1202 0
2500 834464 104 3604 38.6485 0
2500 846264 139 4356 52.3001 0
2601 858544 62 2877 15.3663 0
2601 870824 96 4391 24.014 0
2601 883104 73 2969 21.6496 0
2601 895384 81 3425 23.8552 0
2601 907664 328 7162 153.686 0
2601 919944 80 3511 22.9932 0
2704 932712 257 6407 110.46 0
2704 945480 184 6198 58.8455 0
2704 958248 144 4673 44.0666 0
2704 971016 73 2788 22.5408 0
2704 983784 146 4161 61.3671 0
2704 996552 73 2835 21.3795 0
