1000 5400 32 2479 9.58858 0
1000 10800 19 1534 5.65742 0
1000 16200 28 2178 8.36438 0
1000 21600 25 1963 7.91429 0
1000 27000 15 1242 4.32928 0
1000 32400 41 3238 11.9266 0
216 33480 2 315 0.953757 0
216 34560 1 264 0.753895 0
216 35640 1 224 0.545371 0
216 36720 7 981 3.48364 0
216 37800 1 222 0.553712 0
216 38880 2 286 0.899541 0
343 40644 3 443 1.30632 0
343 42408 2 351 1.26558 0
343 44172 15 1676 6.80815 0
343 45936 2 373 1.08721 0
343 47700 4 570 1.51581 0
343 49464 3 491 1.43817 0
512 52152 4 550 1.9274 0
512 54840 10 1297 3.48139 0
512 57528 14 1314 6.07607 0
512 60216 5 555 2.04418 0
512 62904 13 1353 5.2593 0
512 65592 4 547 1.8626 0
729 69480 39 3260 15.2216 0
729 73368 33 2947 12.4816 0
729 77256 10 956 3.53817 0
729 81144 12 1164 4.11691 0
729 85032 13 1261 4.69885 0
729 88920 14 1337 4.70783 0
1000 94320 13 1031 4.14546 0
1000 99720 22 1730 6.64069 0
1000 105120 50 3890 14.4671 0
1000 110520 396 27611 123.525 0
1000 115920 16 1320 4.76077 0
1000 121320 16 1253 5.09922 0
1000 126720 13 1031 4.14354 0
1000 132120 22 1730 6.39945 0
1000 137520 49 3890 14.5373 0
1000 142920 397 27611 123.785 0
1000 148320 16 1320 4.69725 0
1000 153720 15 1253 5.1467 0
1000 159120 13 1031 3.99917 0
1000 164520 22 1730 6.58263 0
1000 169920 49 3890 14.5473 0
1000 175320 397 27611 123.864 0
1000 180720 17 1320 5.02158 0
1000 186120 16 1253 5.19867 0
1331 193380 60 3990 17.439 0
1331 200640 68 4426 18.4024 0
1331 207900 59 3904 15.6169 0
1331 215160 24 1623 6.85146 0
1331 222420 101 6419 25.8467 0
1331 229680 341 20740 87.3774 0
1331 236940 61 3990 17.4204 0
1331 244200 68 4426 18.5869 0
1331 251460 59 3904 15.6839 0
1331 258720 25 1623 7.05165 0
1331 265980 100 6419 25.7113 0
1331 273240 341 20740 87.3421 0
1331 280500 61 3990 17.5224 0
1331 287760 68 4426 18.387 0
1331 295020 60 3904 15.9653 0
1331 302280 25 1623 7.03143 0
1331 309540 100 6419 25.55 0
1331 316800 342 20740 87.6735 0
1331 324060 61 3990 17.5933 0
1331 331320 69 4426 18.6138 0
1331 338580 270 14924 84.7853 0
1331 345840 24 1623 6.62818 0
1331 353100 101 6419 25.9327 0
1331 360360 344 20740 88.3158 0
1728 369864 32 1824 8.1488 0
1728 379368 38 2080 10.1417 0
1728 388872 32 1769 7.82671 0
1728 398376 87 4871 22.8501 0
1728 407880 88 4467 23.1192 0
1728 417384 252 12889 59.9715 0
1728 426888 33 1824 7.98134 0
1728 436392 223 12089 51.4875 0
1728 445896 32 1769 7.69197 0
1728 455400 86 4871 22.4898 0
1728 464904 88 4467 23.135 0
1728 474408 249 12889 59.1881 0
1728 483912 33 1824 8.32621 0
1728 493416 223 12089 51.3694 0
1728 502920 31 1769 7.76287 0
1728 512424 85 4871 22.4609 0
1728 521928 89 4467 23.3172 0
1728 531432 250 12889 59.7284 0
1728 540936 45 2512 10.6004 0
1728 550440 224 12089 51.7942 0
1728 559944 32 1769 7.91076 0
1728 569448 86 4871 22.595 0
1728 578952 89 4467 23.7583 0
1728 588456 146 7858 32.0223 0
2197 600624 120 5486 26.3151 0
2197 612792 93 4139 22.2418 0
2197 624960 257 11328 59.6912 0
2197 637128 54 2583 12.9336 0
2197 649296 7743 302864 2109.08 0
2197 661464 844 36611 196.872 0
2197 673632 121 5486 26.2657 0
2197 685800 92 4139 22.3249 0
2197 697968 259 11328 60.4043 0
2197 710136 105 4857 23.1529 0
2197 722304 7743 302864 2111.69 0
2197 734472 843 36611 197.178 0
2197 746640 120 5486 26.5297 0
2197 758808 91 4139 21.7128 0
2197 770976 2102 84083 526.524 0
2197 783144 106 4857 23.269 0
2197 795312 7755 302864 2114.58 0
2197 807480 842 36611 196.805 0
2197 819648 120 5486 26.2304 0
2197 831816 54 2458 13.3927 0
2197 843984 2106 84083 528.732 0
2197 856152 105 4857 23.1154 0
2197 868320 7766 302864 2116.42 0
2197 880488 842 36611 196.825 0
2197 892656 106 4903 23.5315 0
2197 904824 55 2458 13.4383 0
2197 916992 2100 84083 527.078 0
2197 929160 106 4857 23.2767 0
2197 941328 7757 302864 2110.63 0
2197 953496 105 5038 25.3482 0
2197 965664 106 4903 23.9735 0
2197 977832 55 2458 13.7494 0
2197 990000 2102 84083 527.06 0
2197 1002168 107 4857 23.4904 0
2197 1014336 208 10398 42.341 0
2197 1026504 104 5038 25.0062 0
