1000 6600 24 1015 14.1068 0
1000 13200 23 1017 13.0318 0
1000 19800 24 1097 14.0061 0
1000 26400 25 1053 14.4597 0
1000 33000 26 1346 14.2493 0
1000 39600 24 1045 14.3561 0
216 40938 1 244 0.854949 0
216 42276 1 231 1.02626 0
216 43614 1 231 0.915581 0
216 44952 2 227 1.17255 0
216 46290 1 224 0.837946 0
216 47628 1 237 0.91494 0
343 49802 4 359 2.36531 0
343 51976 4 399 2.51993 0
343 54150 4 360 2.45898 0
343 56324 4 403 2.06824 0
343 58498 4 433 2.65852 0
343 60672 3 373 2.18148 0
512 63974 6 521 3.22956 0
512 67276 8 634 5.02158 0
512 70578 6 563 3.51058 0
512 73880 7 561 3.97126 0
512 77182 8 624 4.97763 0
512 80484 8 648 4.34244 0
729 85246 14 920 8.50939 0
729 90008 13 747 7.97364 0
729 94770 12 829 6.63331 0
729 99532 13 797 7.33043 0
729 104294 15 966 8.06475 0
729 109056 15 798 9.04578 0
1000 115776 26 1109 15.2588 0
1000 122496 26 1103 15.75 0
1000 129216 26 1162 15.0291 0
1000 135936 26 1076 15.5517 0
1000 142656 29 1248 17.1086 0
1000 149376 25 1147 14.589 0
1000 156216 28 1125 17.2751 0
1000 163056 25 1089 14.9011 0
1000 169896 27 1003 16.1754 0
1000 176736 31 1336 18.5433 0
1000 183576 27 1103 16.2803 0
1000 190416 25 1354 13.9066 0
1000 197376 28 1160 16.9585 0
1000 204336 29 1079 17.7983 0
1000 211296 30 1169 18.4188 0
1000 218256 29 1025 17.9892 0
1000 225216 27 1119 15.9848 0
1000 232176 30 1112 18.5882 0
1331 241116 47 1729 27.2406 0
1331 250056 38 1339 22.0218 0
1331 258996 43 1529 24.8214 0
1331 267936 46 1818 26.6991 0
1331 276876 47 1755 26.7142 0
1331 285816 43 1410 24.8538 0
1331 294876 49 1415 30.5735 0
1331 303936 48 1623 28.7042 0
1331 312996 43 1641 25.0575 0
1331 322056 46 1514 27.836 0
1331 331116 47 1353 28.6782 0
1331 340176 44 1552 26.3828 0
1331 349356 47 1811 26.7604 0
1331 358536 47 1740 27.4835 0
1331 367716 46 1340 28.3599 0
1331 376896 51 1748 29.6008 0
1331 386076 50 1477 30.1282 0
1331 395256 43 1405 25.7482 0
1331 404556 45 1389 26.9201 0
1331 413856 48 1709 28.2553 0
1331 423156 46 1496 27.8498 0
1331 432456 51 1713 30.1956 0
1331 441756 51 1780 30.1542 0
1331 451056 49 1532 29.6881 0
1728 462720 72 2401 40.9436 0
1728 474384 76 2386 42.6724 0
1728 486048 70 1734 42.0224 0
1728 497712 69 1998 40.4059 0
1728 509376 81 2301 47.462 0
1728 521040 72 1760 43.5703 0
1728 532824 66 1783 38.7217 0
1728 544608 80 2216 47.5708 0
1728 556392 79 2248 46.1939 0
1728 568176 85 2682 48.5354 0
1728 579960 72 2337 40.5685 0
1728 591744 71 1981 41.1777 0
1728 603648 78 2226 45.849 0
1728 615552 83 2230 50.0134 0
1728 627456 76 2468 42.3711 0
1728 639360 77 2267 45.0457 0
1728 651264 72 1743 43.2402 0
1728 663168 73 1753 43.8029 0
1728 675192 76 1925 45.908 0
1728 687216 77 1907 46.2815 0
1728 699240 75 1809 45.0524 0
1728 711264 78 1853 46.7562 0
1728 723288 76 2195 43.2194 0
1728 735312 78 1935 47.2339 0
2197 750120 113 2488 65.6495 0
2197 764928 120 2593 70.6788 0
2197 779736 118 2606 70.058 0
2197 794544 130 2924 75.3898 0
2197 809352 115 2984 63.5675 0
2197 824160 127 2978 74.1797 0
2197 839088 107 2201 62.7581 0
2197 854016 168 3604 93.5532 0
2197 868944 124 2581 74.1846 0
2197 883872 111 2440 64.6775 0
2197 898800 118 2385 71.6159 0
2197 913728 122 3252 66.9536 0
2197 928776 112 2422 66.0906 0
2197 943824 114 2206 69.5329 0
2197 958872 129 3177 73.3588 0
2197 973920 130 2766 77.4144 0
2197 988968 119 2968 68.7469 0
2197 1004016 118 2591 68.197 0
2197 1019184 124 2262 76.4658 0
2197 1034352 123 3131 69.4097 0
2197 1049520 119 2360 71.3473 0
2197 1064688 120 2682 70.5684 0
2197 1079856 116 2441 69.5694 0
2197 1095024 123 2252 75.4748 0
2197 1110312 132 3288 75.6012 0
2197 1125600 114 2282 67.9012 0
2197 1140888 128 2996 75.8261 0
2197 1156176 127 2462 78.835 0
2197 1171464 119 2458 71.6685 0
2197 1186752 126 2504 77.0981 0
2197 1202160 131 2781 76.9505 0
2197 1217568 127 2503 77.3538 0
2197 1232976 120 2356 73.0649 0
2197 1248384 128 2756 77.9601 0
2197 1263792 133 2814 79.441 0
2197 1279200 140 2857 83.3067 0
