1000 6200 17 1012 8.05737 0
1000 12400 22 1298 11.0377 0
1000 18600 21 1016 11.3873 0
1000 24800 21 1176 10.748 0
1000 31000 23 1071 12.7684 0
1000 37200 15 1086 6.59995 0
216 38452 1 306 0.894729 0
216 39704 1 247 0.904995 0
216 40956 2 270 0.999953 0
216 42208 1 266 0.935792 0
216 43460 1 250 0.742667 0
216 44712 2 282 1.22356 0
343 46750 3 386 1.73075 0
343 48788 3 345 1.63226 0
343 50826 3 344 1.8225 0
343 52864 3 409 1.69033 0
343 54902 3 457 1.58093 0
343 56940 3 357 1.34065 0
512 60036 4 517 1.89853 0
512 63132 6 564 3.12273 0
512 66228 6 681 3.0406 0
512 69324 7 872 3.42461 0
512 72420 5 516 2.09743 0
512 75516 8 817 3.88561 0
729 79986 12 781 6.9939 0
729 84456 10 900 4.90545 0
729 88926 11 786 5.50825 0
729 93396 12 738 6.76196 0
729 97866 15 1070 8.35701 0
729 102336 12 894 6.54509 0
1000 108616 23 1118 12.6921 0
1000 114896 24 1522 11.8285 0
1000 121176 20 1059 10.9408 0
1000 127456 22 1217 11.8172 0
1000 133736 25 1164 14.2262 0
1000 140016 24 1112 13.4488 0
1000 146376 24 1301 12.7633 0
1000 152736 26 1598 12.8406 0
1000 159096 24 1132 13.634 0
1000 165456 20 1104 10.0377 0
1000 171816 22 1193 11.3976 0
1000 178176 25 1182 14.5765 0
1000 184616 25 1239 14.0731 0
1000 191056 25 1007 14.8697 0
1000 197496 27 1177 15.4532 0
1000 203936 27 1030 16.3762 0
1000 210376 24 1014 14.5665 0
1000 216816 27 1175 16.5321 0
1331 225196 33 1406 16.9107 0
1331 233576 34 1372 17.9969 0
1331 241956 52 2584 25.2606 0
1331 250336 41 1862 21.0119 0
1331 258716 49 2422 23.7089 0
1331 267096 40 1699 21.3205 0
1331 275556 36 1366 19.4325 0
1331 284016 42 1756 22.9858 0
1331 292476 45 2311 20.1142 0
1331 300936 36 1509 18.7643 0
1331 309396 40 1731 21.2281 0
1331 317856 34 1601 17.6023 0
1331 326396 39 1776 20.7584 0
1331 334936 51 2238 25.5012 0
1331 343476 37 1619 20.0417 0
1331 352016 39 1608 21.1132 0
1331 360556 42 1558 23.6694 0
1331 369096 39 1512 21.8607 0
1331 377716 38 1711 19.7867 0
1331 386336 44 1592 26.2413 0
1331 394956 35 1475 18.5375 0
1331 403576 42 1580 22.9123 0
1331 412196 41 1721 22.0323 0
1331 420816 40 1510 22.5277 0
1728 431760 78 3087 37.8555 0
1728 442704 61 1742 34.5903 0
1728 453648 58 2365 30.568 0
1728 464592 65 2070 35.9496 0
1728 475536 67 2425 34.4036 0
1728 486480 60 2192 31.2539 0
1728 497504 67 2366 35.4007 0
1728 508528 64 2057 34.9727 0
1728 519552 54 1760 28.4052 0
1728 530576 65 1921 35.9162 0
1728 541600 54 2040 26.5169 0
1728 552624 57 1939 30.0076 0
1728 563728 55 1991 28.452 0
1728 574832 63 2290 32.3912 0
1728 585936 73 2407 40.4386 0
1728 597040 60 1756 33.634 0
1728 608144 64 1804 36.8793 0
1728 619248 67 2189 34.7042 0
1728 630432 56 1926 30.124 0
1728 641616 59 1761 32.6844 0
1728 652800 62 2064 34.5816 0
1728 663984 54 2158 27.0616 0
1728 675168 66 2119 36.4102 0
1728 686352 70 1970 39.9985 0
2197 700280 121 3711 57.2886 0
2197 714208 124 3706 59.2773 0
2197 728136 88 2267 46.9497 0
2197 742064 91 2806 45.8772 0
2197 755992 88 2615 45.5555 0
2197 769920 83 2489 40.7017 0
2197 783928 101 2820 53.258 0
2197 797936 93 2393 49.7616 0
2197 811944 77 2231 37.5077 0
2197 825952 89 2554 44.5706 0
2197 839960 96 2412 50.543 0
2197 853968 78 2246 39.4942 0
2197 868056 111 2456 63.555 0
2197 882144 122 3426 63.3846 0
2197 896232 114 3277 59.7932 0
2197 910320 101 3085 50.1587 0
2197 924408 98 2508 53.7033 0
2197 938496 122 3439 63.9171 0
2197 952664 104 2793 57.2145 0
2197 966832 123 3236 65.3945 0
2197 981000 82 2210 42.8129 0
2197 995168 98 2485 53.4223 0
2197 1009336 84 2251 43.8857 0
2197 1023504 91 2367 49.1119 0
2197 1037752 98 2537 54.5512 0
2197 1052000 93 2205 50.8164 0
2197 1066248 120 3816 60.1467 0
2197 1080496 99 2485 54.5865 0
2197 1094744 107 2551 58.3893 0
2197 1108992 105 2276 60.7039 0
2197 1123320 110 2713 61.2814 0
2197 1137648 111 2450 62.9121 0
2197 1151976 90 2512 47.5576 0
2197 1166304 121 3720 63.4841 0
2197 1180632 106 3058 56.0272 0
2197 1194960 102 2280 57.108 0
