1000 5800 16 1467 6.19605 0
1000 11600 41 3334 14.4504 0
1000 17400 15 1095 6.19894 0
1000 23200 35 2362 14.3538 0
1000 29000 13 1024 5.45724 0
1000 34800 15 1077 7.01315 0
216 35966 1 310 0.81549 0
216 37132 1 258 0.772181 0
216 38298 2 328 1.17062 0
216 39464 1 247 0.658295 0
216 40630 2 353 0.949908 0
216 41796 1 259 0.669202 0
343 43696 2 396 1.19276 0
343 45596 3 374 1.49464 0
343 47496 2 375 1.10069 0
343 49396 4 575 2.00119 0
343 51296 2 356 1.23831 0
343 53196 3 396 1.434 0
512 56088 6 803 2.28478 0
512 58980 4 560 1.89917 0
512 61872 6 707 2.83882 0
512 64764 9 1143 4.01842 0
512 67656 6 625 2.66494 0
512 70548 4 563 2.06054 0
729 74726 13 1137 5.52429 0
729 78904 15 1318 6.53611 0
729 83082 10 1126 3.73707 0
729 87260 9 839 4.11819 0
729 91438 10 1002 4.19871 0
729 95616 10 1022 4.30522 0
1000 101456 13 1028 5.02896 0
1000 107296 14 1145 5.39757 0
1000 113136 14 1356 5.20252 0
1000 118976 13 1016 5.15921 0
1000 124816 13 1053 5.34528 0
1000 130656 18 1465 6.0302 0
1000 136536 19 1271 8.69706 0
1000 142416 13 1012 5.62021 0
1000 148296 14 1240 4.95357 0
1000 154176 14 1171 5.66512 0
1000 160056 22 1466 9.85389 0
1000 165936 19 1393 8.01021 0
1000 171856 23 1573 11.0742 0
1000 177776 21 1721 8.101 0
1000 183696 17 1329 6.9846 0
1000 189616 12 1096 4.20866 0
1000 195536 12 1023 4.089 0
1000 201456 28 1826 12.0026 0
1331 209276 25 1383 11.0807 0
1331 217096 26 1532 11.0223 0
1331 224916 25 1438 10.2652 0
1331 232736 22 1579 7.44239 0
1331 240556 42 2071 18.807 0
1331 248376 43 2590 16.1853 0
1331 256236 24 1380 9.36434 0
1331 264096 30 1828 10.9562 0
1331 271956 42 2426 16.553 0
1331 279816 36 1868 16.1969 0
1331 287676 24 1447 9.67135 0
1331 295536 26 1613 10.0736 0
1331 303436 29 1456 13.8675 0
1331 311336 77 3845 32.9102 0
1331 319236 22 1359 8.77309 0
1331 327136 24 1619 7.98712 0
1331 335036 49 3199 17.2295 0
1331 342936 33 1631 17.0432 0
1331 350876 26 1441 11.3703 0
1331 358816 23 1780 8.33615 0
1331 366756 27 1384 12.2015 0
1331 374696 35 2095 14.3827 0
1331 382636 25 1704 9.06984 0
1331 390576 35 1575 17.0015 0
1728 400800 44 2643 12.4017 0
1728 411024 33 2064 9.15389 0
1728 421248 60 3108 21.6605 0
1728 431472 81 3279 32.7017 0
1728 441696 49 2088 20.8633 0
1728 451920 55 2750 19.3703 0
1728 462184 30 1738 9.28606 0
1728 472448 50 2736 17.3377 0
1728 482712 36 2067 11.8272 0
1728 492976 46 2333 16.7875 0
1728 503240 37 2126 11.7017 0
1728 513504 44 1839 19.2866 0
1728 523808 42 1743 18.7694 0
1728 534112 42 2530 12.694 0
1728 544416 67 2407 32.5949 0
1728 554720 39 2413 14.3795 0
1728 565024 58 2782 23.0801 0
1728 575328 49 2445 17.9594 0
1728 585672 73 4308 23.4526 0
1728 596016 35 1974 11.4274 0
1728 606360 55 2097 25.6475 0
1728 616704 43 2202 16.756 0
1728 627048 43 2652 16.98 0
1728 637392 74 4262 24.9866 0
2197 650440 64 2294 26.7941 0
2197 663488 58 2412 20.1303 0
2197 676536 130 6280 34.889 0
2197 689584 78 4087 21.8075 0
2197 702632 72 2552 31.7865 0
2197 715680 166 5865 58.2132 0
2197 728768 104 4187 39.0861 0
2197 741856 52 3244 16.3993 0
2197 754944 74 2332 35.0218 0
2197 768032 85 2368 43.5235 0
2197 781120 82 2654 39.1348 0
2197 794208 127 6273 40.5339 0
2197 807336 72 3417 26.4887 0
2197 820464 68 3442 17.8622 0
2197 833592 66 2649 25.7598 0
2197 846720 70 3397 22.5774 0
2197 859848 66 3199 21.0086 0
2197 872976 68 2790 23.7092 0
2197 886144 63 2309 25.8458 0
2197 899312 68 2632 27.3003 0
2197 912480 81 2927 35.7487 0
2197 925648 100 4730 31.9626 0
2197 938816 62 2762 21.9027 0
2197 951984 72 2374 32.8506 0
2197 965192 63 2310 25.8942 0
2197 978400 71 2930 27.4427 0
2197 991608 92 3622 36.7343 0
2197 1004816 109 3612 44.4821 0
2197 1018024 62 2236 25.0591 0
2197 1031232 109 4201 41.2775 0
2197 1044480 77 2910 31.3617 0
2197 1057728 60 2738 20.9644 0
2197 1070976 71 2340 31.8198 0
2197 1084224 69 2715 26.8091 0
2197 1097472 71 2778 28.248 0
2197 1110720 69 2782 27.5492 0
