1296 7200 41 2743 11.7252 0
1296 14400 21 1543 5.71132 0
1296 21600 33 2253 8.02561 0
1296 28800 23 1651 6.00004 0
1296 36000 32 1996 7.93996 0
1296 43200 25 1811 6.7379 0
256 44544 1 303 0.778597 0
256 45888 1 269 0.874839 0
256 47232 2 328 1.02626 0
256 48576 1 289 0.786938 0
256 49920 1 299 0.801374 0
256 51264 2 309 1.00444 0
625 54664 8 826 2.78685 0
625 58064 6 706 2.42562 0
625 61464 7 790 2.3884 0
625 64864 6 709 2.27773 0
625 68264 6 699 2.32585 0
625 71664 7 792 2.57896 0
625 74664 6 796 2.09487 0
625 77664 6 763 2.08652 0
625 80664 6 780 2.02461 0
625 83664 7 848 2.28254 0
625 86664 5 696 1.76347 0
625 89664 8 878 2.75091 0
625 92664 7 796 2.32938 0
625 95664 6 763 2.01081 0
625 98664 6 780 1.90078 0
625 101664 7 848 2.28254 0
625 104664 5 696 1.73011 0
625 107664 8 878 2.74578 0
1296 114144 20 1536 4.66228 0
1296 120624 21 1681 4.83166 0
1296 127104 20 1457 4.65233 0
1296 133584 31 2204 7.16457 0
1296 140064 19 1437 4.39569 0
1296 146544 28 1987 6.2785 0
1296 153024 20 1536 4.50829 0
1296 159504 22 1681 4.94651 0
1296 165984 20 1457 4.44766 0
1296 172464 30 2204 6.85852 0
1296 178944 19 1437 4.20385 0
1296 185424 28 1987 6.34042 0
1296 191904 43 3030 10.9177 0
1296 198384 22 1681 5.1544 0
1296 204864 19 1457 4.24491 0
1296 211344 31 2204 7.14949 0
1296 217824 19 1437 4.57181 0
1296 224304 28 1987 6.35229 0
1296 230784 44 3030 11.2327 0
1296 237264 21 1681 4.73286 0
1296 243744 19 1457 4.28277 0
1296 250224 30 2204 7.02373 0
1296 256704 19 1437 4.19775 0
1296 263184 28 1987 6.61663 0
1296 269664 44 3030 11.1557 0
1296 276144 22 1681 5.05815 0
1296 282624 19 1457 4.58529 0
1296 289104 30 2204 6.99967 0
1296 295584 19 1437 4.37644 0
1296 302064 33 2344 7.66952 0
1296 308544 43 3030 11.0495 0
1296 315024 22 1681 5.22048 0
1296 321504 19 1457 4.2664 0
1296 327984 30 2204 6.93134 0
1296 334464 19 1437 4.52273 0
1296 340944 34 2344 7.80746 0
1296 347424 44 3030 11.0964 0
1296 353904 22 1681 4.87626 0
1296 360384 19 1457 4.56315 0
1296 366864 30 2021 6.86333 0
1296 373344 19 1437 4.29463 0
1296 379824 33 2344 7.63391 0
1296 386304 43 3030 10.9138 0
1296 392784 22 1681 4.97314 0
1296 399264 19 1457 4.2093 0
1296 405744 31 2021 7.15912 0
1296 412224 19 1437 4.2587 0
1296 418704 34 2344 7.74266 0
1296 425184 43 3030 10.9065 0
1296 431664 41 2629 9.23698 0
1296 438144 19 1457 4.34596 0
1296 444624 30 2021 6.93198 0
1296 451104 19 1437 4.31324 0
1296 457584 33 2344 7.65733 0
1296 464064 43 3030 10.9751 0
1296 470544 41 2629 9.13272 0
1296 477024 19 1457 4.31709 0
1296 483504 30 2021 6.92076 0
1296 489984 19 1437 4.5192 0
1296 496464 34 2344 7.84275 0
1296 502944 44 3030 10.9148 0
1296 509424 41 2629 8.9922 0
1296 515904 20 1457 4.45343 0
1296 522384 30 2021 7.00705 0
1296 528864 19 1437 4.5131 0
1296 535344 33 2344 7.59028 0
1296 541824 44 3030 11.157 0
1296 548304 41 2629 9.01658 0
1296 554784 19 1457 4.25101 0
1296 561264 30 2021 6.96471 0
1296 567744 19 1437 4.17562 0
1296 574224 34 2344 7.75902 0
2401 586572 67 3112 10.6306 0
2401 598920 129 5220 17.7467 0
2401 611268 137 5354 22.4427 0
2401 623616 64 3008 10.3986 0
2401 635964 81 3690 12.8942 0
2401 648312 73 3345 11.7839 0
2401 660660 67 3112 10.6062 0
2401 673008 129 5220 17.4984 0
2401 685356 248 9185 38.3133 0
2401 697704 64 3008 10.0999 0
2401 710052 80 3690 12.8024 0
2401 722400 73 3345 11.5962 0
2401 734748 74 3402 11.3703 0
2401 747096 128 5220 17.5927 0
2401 759444 250 9185 38.9199 0
2401 771792 65 3008 10.2725 0
2401 784140 81 3690 13.4825 0
2401 796488 87 3863 13.7145 0
