1296 7718 30 2027 8.94889 0
1296 15436 24 1718 9.2219 0
1296 23154 22 1494 7.81292 0
1296 30872 22 1510 7.94509 0
1296 38590 22 1899 6.75362 0
1296 46308 27 1746 10.0092 0
256 47754 2 315 1.11705 0
256 49200 2 312 0.890238 0
256 50646 1 266 0.89922 0
256 52092 1 271 0.786617 0
256 53538 2 345 1.04198 0
256 54984 1 267 0.852383 0
625 58634 7 744 3.12979 0
625 62284 5 640 2.15389 0
625 65934 6 634 3.02713 0
625 69584 6 655 2.59949 0
625 73234 7 713 3.47145 0
625 76884 6 649 2.36883 0
625 80324 7 841 3.05761 0
625 83764 7 732 3.32805 0
625 87204 6 641 2.4269 0
625 90644 8 994 3.33318 0
625 94084 6 683 2.65275 0
625 97524 7 798 3.39221 0
625 101004 6 697 2.60495 0
625 104484 7 739 3.0868 0
625 107964 9 835 3.97575 0
625 111444 7 667 3.07493 0
625 114924 5 659 2.13721 0
625 118404 7 778 3.28409 0
1296 125404 21 1562 6.39239 0
1296 132404 21 1503 6.22749 0
1296 139404 23 1905 7.48922 0
1296 146404 24 1746 7.76544 0
1296 153404 19 1547 5.52397 0
1296 160404 30 2164 9.4147 0
1296 167444 26 1714 9.01658 0
1296 174484 19 1353 6.04078 0
1296 181524 40 3014 10.9286 0
1296 188564 25 1769 7.7433 0
1296 195604 33 2452 10.8356 0
1296 202644 22 1817 6.47259 0
1296 209724 24 1824 7.27268 0
1296 216804 23 1652 7.76095 0
1296 223884 28 2171 9.02268 0
1296 230964 23 1738 7.31182 0
1296 238044 22 1554 6.93006 0
1296 245124 19 1386 5.54386 0
1296 252244 26 2039 7.55178 0
1296 259364 22 1631 7.86232 0
1296 266484 26 1908 8.79266 0
1296 273604 22 1984 7.06736 0
1296 280724 23 1539 7.6477 0
1296 287844 28 1835 10.5189 0
1296 295004 21 1445 7.57584 0
1296 302164 19 1361 6.01159 0
1296 309324 19 1368 6.03148 0
1296 316484 20 1464 6.58551 0
1296 323644 19 1453 6.59578 0
1296 330804 21 1622 6.56594 0
1296 338004 19 1324 6.49665 0
1296 345204 37 2401 13.5156 0
1296 352404 18 1322 6.13061 0
1296 359604 17 1329 5.25834 0
1296 366804 19 1471 6.56851 0
1296 374004 35 2031 12.566 0
1296 381244 20 1409 7.07282 0
1296 388484 21 1751 7.10554 0
1296 395724 28 2077 9.45769 0
1296 402964 20 1482 7.1681 0
1296 410204 20 1589 7.04972 0
1296 417444 22 1653 6.87616 0
1296 424724 19 1313 6.31732 0
1296 432004 25 1890 7.60792 0
1296 439284 22 1643 7.71507 0
1296 446564 20 1327 7.36988 0
1296 453844 20 1554 6.89605 0
1296 461124 21 1586 6.72154 0
1296 468444 21 1517 7.28583 0
1296 475764 21 1671 6.73469 0
1296 483084 24 1676 8.77855 0
1296 490404 28 1924 10.6553 0
1296 497724 19 1389 6.67694 0
1296 505044 27 1955 9.56741 0
1296 512404 21 1416 7.93579 0
1296 519764 19 1369 6.7719 0
1296 527124 20 1608 6.69138 0
1296 534484 22 1690 7.64706 0
1296 541844 18 1299 5.79216 0
1296 549204 20 1473 7.10779 0
1296 556604 20 1319 6.90728 0
1296 564004 20 1336 7.07025 0
1296 571404 31 1892 13.5467 0
1296 578804 19 1345 6.85948 0
1296 586204 24 1629 8.7224 0
1296 593604 18 1304 6.35646 0
1296 601044 25 1649 10.4358 0
1296 608484 24 1665 8.33038 0
1296 615924 22 1620 8.68647 0
1296 623364 21 1334 8.50105 0
1296 630804 22 1692 7.42538 0
1296 638244 24 1682 8.33198 0
2401 651592 66 2974 16.996 0
2401 664940 69 2829 21.5932 0
2401 678288 92 4163 21.8957 0
2401 691636 123 4861 36.6053 0
2401 704984 69 3316 18.0826 0
2401 718332 159 6917 39.294 0
2401 731720 66 3567 18.1349 0
2401 745108 79 3785 21.3558 0
2401 758496 91 4147 25.831 0
2401 771884 79 3873 17.8715 0
2401 785272 55 2526 14.9111 0
2401 798660 162 6136 45.3287 0
2401 812088 52 2587 12.4919 0
2401 825516 87 3515 22.1289 0
2401 838944 58 2643 15.3958 0
2401 852372 71 3687 16.7272 0
2401 865800 81 3272 25.1021 0
2401 879228 72 3108 21.8636 0
