1296 8754 41 1670 22.5774 0
1296 17508 37 1313 20.7738 0
1296 26262 38 1305 22.1302 0
1296 35016 38 1399 21.6685 0
1296 43770 40 1319 23.3294 0
1296 52524 36 1534 19.8185 0
256 54174 2 273 1.19565 0
256 55824 2 266 1.24858 0
256 57474 2 267 1.28162 0
256 59124 2 298 1.49335 0
256 60774 2 284 1.37626 0
256 62424 2 284 1.17832 0
625 66574 11 648 6.28973 0
625 70724 9 651 5.36388 0
625 74874 11 632 6.60701 0
625 79024 9 714 4.7659 0
625 83174 10 631 5.67699 0
625 87324 11 713 6.44692 0
625 91644 12 685 7.52066 0
625 95964 12 629 7.19697 0
625 100284 11 751 6.57749 0
625 104604 11 626 6.56145 0
625 108924 12 721 7.12896 0
625 113244 13 632 8.06828 0
625 117684 12 641 7.22905 0
625 122124 12 654 7.24381 0
625 126564 11 635 6.70742 0
625 131004 12 676 7.54665 0
625 135444 13 688 7.90307 0
625 139884 13 714 7.86938 0
1296 147924 31 1455 16.1436 0
1296 155964 33 1385 17.6883 0
1296 164004 30 1340 15.834 0
1296 172044 34 1620 16.9129 0
1296 180084 34 1546 17.9167 0
1296 188124 31 1547 15.7365 0
1296 196284 32 1390 16.8956 0
1296 204444 36 1521 19.3584 0
1296 212604 37 1746 19.5204 0
1296 220764 30 1333 15.5867 0
1296 228924 37 1653 19.9686 0
1296 237084 34 1506 17.6674 0
1296 245364 39 1526 21.7722 0
1296 253644 36 1575 19.3818 0
1296 261924 37 1462 20.4405 0
1296 270204 32 1301 17.4301 0
1296 278484 39 1351 22.8517 0
1296 286764 38 1546 20.5095 0
1296 295164 38 1585 20.7064 0
1296 303564 35 1301 19.9256 0
1296 311964 41 1552 23.3258 0
1296 320364 36 1638 19.1922 0
1296 328764 39 1637 22.1523 0
1296 337164 36 1522 19.8059 0
1296 345684 39 1434 23.0124 0
1296 354204 39 1511 21.8739 0
1296 362724 41 1459 23.9168 0
1296 371244 37 1461 20.454 0
1296 379764 38 1312 22.1847 0
1296 388284 36 1329 19.7649 0
1296 396924 41 1574 23.5732 0
1296 405564 44 1500 26.259 0
1296 414204 43 1652 24.2668 0
1296 422844 39 1377 22.5065 0
1296 431484 42 1623 24.6569 0
1296 440124 40 1436 23.6274 0
1296 448884 42 1296 25.6828 0
1296 457644 43 1385 25.8737 0
1296 466404 41 1337 24.559 0
1296 475164 41 1323 24.815 0
1296 483924 41 1369 24.2469 0
1296 492684 42 1298 25.9767 0
1296 501564 46 1661 26.6074 0
1296 510444 42 1451 24.509 0
1296 519324 49 1648 29.5662 0
1296 528204 41 1498 23.852 0
1296 537084 45 1579 26.8294 0
1296 545964 51 1704 30.1613 0
1296 554964 48 1330 30.0422 0
1296 563964 45 1394 27.6404 0
1296 572964 46 1332 28.4023 0
1296 581964 45 1411 26.8999 0
1296 590964 43 1346 25.9199 0
1296 599964 47 1305 29.399 0
1296 609084 50 1577 30.645 0
1296 618204 46 1495 28.0693 0
1296 627324 48 1518 29.6345 0
1296 636444 48 1362 29.7923 0
1296 645564 45 1373 27.5191 0
1296 654684 49 1392 30.8507 0
1296 663924 49 1369 30.5141 0
1296 673164 48 1353 29.9787 0
1296 682404 49 1487 30.2543 0
1296 691644 47 1301 29.0112 0
1296 700884 49 1408 30.6133 0
1296 710124 50 1530 31.4519 0
1296 719484 51 1377 32.0864 0
1296 728844 49 1438 30.2883 0
1296 738204 47 1387 29.2883 0
1296 747564 52 1399 32.813 0
1296 756924 51 1596 31.8506 0
1296 766284 52 1311 32.8512 0
2401 781632 122 3249 63.2996 0
2401 796980 118 2897 64.7288 0
2401 812328 116 2785 63.3917 0
2401 827676 113 2512 61.984 0
2401 843024 107 2891 55.2849 0
2401 858372 108 2660 58.245 0
2401 873840 143 3539 74.1528 0
2401 889308 128 3033 71.3323 0
2401 904776 127 2935 69.4578 0
2401 920244 118 2920 64.2181 0
2401 935712 117 2549 64.0721 0
2401 951180 117 2567 65.6668 0
2401 966768 123 3109 67.7274 0
2401 982356 123 2514 69.4597 0
2401 997944 118 2925 62.8354 0
2401 1013532 127 2611 72.6389 0
2401 1029120 118 2719 64.5533 0
2401 1044708 119 2557 67.4553 0
