1296 8236 33 1374 17.0053 0
1296 16472 21 1328 8.46223 0
1296 24708 35 1663 17.5834 0
1296 32944 26 1351 12.2923 0
1296 41180 33 1460 16.9931 0
1296 49416 32 1613 16.3274 0
256 50964 2 270 0.981347 0
256 52512 2 272 1.26686 0
256 54060 1 262 0.902428 0
256 55608 1 261 0.87516 0
256 57156 2 275 0.91109 0
256 58704 1 261 0.689734 0
625 62604 7 708 3.49711 0
625 66504 7 629 3.07429 0
625 70404 8 735 4.34019 0
625 74304 8 694 4.13648 0
625 78204 8 816 3.4384 0
625 82104 7 667 3.04734 0
625 85984 10 749 5.29427 0
625 89864 9 696 5.02992 0
625 93744 10 743 5.5939 0
625 97624 8 656 4.57951 0
625 101504 11 826 5.90412 0
625 105384 10 686 5.60192 0
625 109344 9 701 4.87562 0
625 113304 10 701 5.48354 0
625 117264 10 631 5.46494 0
625 121224 11 680 6.12484 0
625 125184 8 636 4.42969 0
625 129144 9 626 5.48098 0
1296 136664 31 1615 14.607 0
1296 144184 22 1310 9.5148 0
1296 151704 26 1827 10.9437 0
1296 159224 22 1712 7.41769 0
1296 166744 25 1454 11.0325 0
1296 174264 21 1588 7.72662 0
1296 181864 23 1431 9.51608 0
1296 189464 29 1594 11.9802 0
1296 197064 29 1498 13.5922 0
1296 204664 28 1880 11.9452 0
1296 212264 29 1472 13.7668 0
1296 219864 23 1306 9.91548 0
1296 227544 26 1546 11.8971 0
1296 235224 26 1373 11.8875 0
1296 242904 29 1435 13.8572 0
1296 250584 25 1397 11.2395 0
1296 258264 25 1392 11.4749 0
1296 265944 30 1482 14.1925 0
1296 273704 29 1362 14.367 0
1296 281464 32 1703 16.3008 0
1296 289224 27 1323 13.0966 0
1296 296984 27 1337 13.1896 0
1296 304744 29 1338 14.8456 0
1296 312504 26 1398 12.2054 0
1296 320344 28 1663 12.5297 0
1296 328184 30 1465 15.4356 0
1296 336024 30 1748 13.5422 0
1296 343864 31 1411 15.767 0
1296 351704 29 1548 14.2262 0
1296 359544 27 1325 12.7168 0
1296 367464 29 1315 14.2926 0
1296 375384 40 2079 20.0398 0
1296 383304 39 1763 19.7126 0
1296 391224 29 1486 14.1934 0
1296 399144 28 1327 14.2512 0
1296 407064 36 1698 18.6254 0
1296 415064 33 1559 16.4442 0
1296 423064 34 1618 16.5164 0
1296 431064 34 1556 17.9148 0
1296 439064 31 1592 15.2867 0
1296 447064 33 1407 18.1118 0
1296 455064 32 1545 16.2033 0
1296 463144 33 1516 16.894 0
1296 471224 34 1620 16.586 0
1296 479304 32 1654 15.8013 0
1296 487384 35 1522 18.7466 0
1296 495464 40 1412 22.9899 0
1296 503544 38 1510 20.5611 0
1296 511704 32 1306 17.4535 0
1296 519864 35 1363 19.4056 0
1296 528024 35 1609 18.0941 0
1296 536184 33 1328 17.8009 0
1296 544344 33 1340 17.9289 0
1296 552504 38 1407 21.7151 0
1296 560744 38 1379 21.3548 0
1296 568984 37 1335 20.7555 0
1296 577224 35 1299 19.3356 0
1296 585464 34 1539 17.977 0
1296 593704 33 1592 16.6784 0
1296 601944 40 1531 21.759 0
1296 610264 35 1458 19.3741 0
1296 618584 38 1402 21.7404 0
1296 626904 41 1736 22.5331 0
1296 635224 33 1300 17.8853 0
1296 643544 37 1525 19.957 0
1296 651864 43 1470 25.2998 0
1296 660264 42 1643 24.4288 0
1296 668664 39 1360 22.7542 0
1296 677064 35 1400 19.3308 0
1296 685464 41 1716 22.8286 0
1296 693864 38 1584 20.3061 0
1296 702264 38 1397 21.3336 0
2401 716612 88 3075 38.6087 0
2401 730960 94 3657 35.3086 0
2401 745308 65 2414 23.5263 0
2401 759656 73 3067 25.8904 0
2401 774004 96 3154 42.2807 0
2401 788352 84 2476 38.7534 0
2401 802780 97 2956 45.7441 0
2401 817208 105 3185 47.2336 0
2401 831636 96 3076 39.2112 0
2401 846064 80 2906 32.2577 0
2401 860492 87 2647 39.849 0
2401 874920 82 2573 36.63 0
2401 889428 95 3724 37.262 0
2401 903936 103 3212 48.4594 0
2401 918444 79 2978 29.1411 0
2401 932952 79 2438 35.3035 0
2401 947460 94 3144 43.6804 0
2401 961968 85 2456 39.8069 0
