1000 20094 77 1025 56.177 0
1000 40170 72 1028 51.8737 0
1000 60264 70 1021 50.8629 0
1000 80354 73 1037 53.3414 0
1000 100442 76 1077 55.2762 0
1000 120518 74 1028 54.4758 0
200 121404 1 204 0.68011 0
200 122292 1 206 0.664069 0
200 123176 1 203 0.71604 0
200 124074 1 224 0.631347 0
200 124948 1 220 0.810999 0
200 125850 1 208 0.679789 0
400 129120 7 409 4.91572 0
400 132424 8 423 5.19514 0
400 135730 6 405 4.28694 0
400 139024 7 402 4.71746 0
400 142302 8 415 5.46943 0
400 145592 7 400 4.62539 0
600 152870 22 610 15.5976 0
600 160152 20 600 14.513 0
600 167442 21 603 15.1796 0
600 174728 21 624 14.6429 0
600 182030 22 642 15.5004 0
600 189324 21 617 15.0619 0
800 202184 44 832 31.6504 0
800 215062 43 860 30.8446 0
800 227940 41 806 29.1395 0
800 240818 43 826 31.5343 0
800 253692 44 804 31.235 0
800 266564 45 803 32.0871 0
1100 290832 90 1109 65.9084 0
1100 315106 92 1159 68.0299 0
1100 339384 91 1117 67.182 0
1100 363652 95 1173 70.0744 0
1100 387940 91 1132 66.7813 0
1100 412202 93 1187 68.3966 0
1200 441064 113 1223 83.7988 0
1200 469924 110 1248 81.2038 0
1200 498782 126 1216 92.4019 0
1200 527654 113 1260 83.0866 0
1200 556540 116 1222 85.9623 0
1200 585412 113 1231 83.6227 0
1300 619276 136 1318 101.191 0
1300 653152 141 1340 104.2 0
1300 687016 142 1325 106.484 0
1300 720876 135 1319 100.354 0
1300 754750 136 1319 100.693 0
1300 788628 135 1308 100.416 0
1400 827898 159 1419 118.207 0
1400 867174 162 1416 119.873 0
1400 906426 155 1400 115.267 0
1400 945686 160 1405 119.793 0
1400 984962 155 1402 114.257 0
1400 1024236 163 1482 122.582 0
1500 1069308 183 1525 136.782 0
1500 1114388 182 1539 136.489 0
1500 1159436 186 1512 138.99 0
1500 1204492 186 1501 138.567 0
1500 1249558 187 1582 140.087 0
1500 1294638 180 1534 134.222 0
1600 1345906 211 1613 156.896 0
1600 1397170 208 1606 155.48 0
1600 1448416 218 1615 164.561 0
1600 1499664 210 1611 157.275 0
1600 1550938 217 1651 162.114 0
1600 1602210 216 1685 162.335 0
1700 1660080 238 1710 178.161 0
1700 1717944 242 1760 181.629 0
1700 1775796 243 1737 183.139 0
1700 1833650 242 1712 182.478 0
1700 1891520 242 1720 181.791 0
1700 1949388 238 1713 178.202 0
1800 2014246 271 1838 203.554 0
1800 2079130 266 1812 199.016 0
1800 2143992 272 1807 204.197 0
1800 2208848 262 1801 195.164 0
1800 2273706 277 1836 208.49 0
1800 2338580 280 1846 211.149 0
1900 2410854 305 1939 229.154 0
1900 2483124 300 1915 225.471 0
1900 2555372 298 1901 223.572 0
1900 2627626 309 1900 233.055 0
1900 2699888 304 1951 228.913 0
1900 2772166 294 1901 219.133 0
2000 2852246 341 2012 256.016 0
2000 2932314 345 2068 259.907 0
2000 3012366 352 2006 266.448 0
2000 3092426 343 2010 259.15 0
2000 3172492 344 2024 258.868 0
2000 3252564 342 2022 257.915 0
2100 3340832 382 2109 287.889 0
2100 3429104 387 2110 291.746 0
2100 3517362 372 2100 280.21 0
2100 3605620 382 2119 287.417 0
2100 3693890 380 2101 286.968 0
2100 3782168 384 2225 290.587 0
2200 3879022 426 2205 322.318 0
2200 3975876 416 2216 314.308 0
2200 4072726 423 2269 321.156 0
2200 4169594 414 2233 311.703 0
2200 4266456 412 2206 311.744 0
2200 4363320 418 2310 315.822 0
2300 4469180 465 2323 353.197 0
2300 4575014 477 2324 361.937 0
2300 4680862 463 2330 350.684 0
2300 4786712 450 2301 338.405 0
2300 4892562 464 2317 352.105 0
2300 4998422 473 2367 359.191 0
2400 5113676 501 2400 378.424 0
2400 5228914 504 2401 380.899 0
2400 5344168 503 2470 381.666 0
2400 5459408 499 2402 376.499 0
2400 5574662 505 2405 383.092 0
2400 5689914 502 2432 379.705 0
2500 5814966 545 2506 414.644 0
2500 5940024 554 2521 420.558 0
2500 6065070 560 2517 425.651 0
2500 6190128 551 2568 417.493 0
2500 6315172 565 2564 430.892 0
2500 6440224 572 2618 435.255 0
2600 6575482 595 2604 453.043 0
2600 6710732 606 2638 462.625 0
2600 6845972 582 2608 440.136 0
2600 6981234 593 2602 448.672 0
2600 7116472 602 2617 458.097 0
2600 7251728 608 2609 462.933 0
2700 7397586 654 2751 497.56 0
2700 7543424 650 2767 494.278 0
2700 7689252 648 2756 491.619 0
2700 7835098 659 2800 501.434 0
2700 7980932 655 2726 499.84 0
2700 8126790 656 2706 500.445 0
