1000 99916 144 1012 104.223 0
1000 199830 152 1019 112.113 0
1000 299748 149 1012 109.22 0
1000 399660 138 1006 99.4083 0
1000 499580 147 1006 107.92 0
1000 599490 144 1011 104.897 0
200 603494 5 213 3.56191 0
200 607488 5 212 3.60554 0
200 611482 4 200 3.30719 0
200 615484 4 202 3.24464 0
200 619488 5 200 3.34152 0
200 623488 5 202 3.52438 0
400 639468 22 418 16.0685 0
400 655452 20 404 14.368 0
400 671432 21 409 15.2463 0
400 687402 21 404 15.2338 0
400 703384 22 407 15.4234 0
400 719362 21 407 15.3451 0
600 755316 52 629 37.6662 0
600 791274 49 613 35.4696 0
600 827228 48 601 34.3863 0
600 863192 49 607 34.752 0
600 899150 50 606 35.4526 0
600 935116 52 619 37.9261 0
800 999060 91 811 65.2241 0
800 1063004 92 838 66.2821 0
800 1126940 92 813 67.241 0
800 1190876 94 809 68.2301 0
800 1254820 91 817 66.2314 0
800 1318758 91 812 65.6777 0
1100 1439672 177 1133 129.75 0
1100 1560580 184 1133 134.099 0
1100 1681482 181 1143 133.12 0
1100 1802386 187 1140 137.684 0
1100 1923290 174 1111 126.144 0
1100 2044200 177 1106 129.397 0
1200 2188102 208 1229 152.268 0
1200 2331992 219 1217 162.793 0
1200 2475882 199 1200 143.386 0
1200 2619774 212 1234 155.544 0
1200 2763672 219 1245 161.698 0
1200 2907570 209 1200 152.01 0
1300 3076462 262 1322 194.769 0
1300 3245344 254 1317 186.981 0
1300 3414230 253 1346 186.086 0
1300 3583128 251 1318 183.903 0
1300 3752012 246 1305 178.448 0
1300 3920904 240 1309 174.762 0
1400 4116786 284 1408 207.638 0
1400 4312658 286 1416 209.848 0
1400 4508530 287 1421 209.776 0
1400 4704416 289 1419 211.725 0
1400 4900294 300 1446 222.066 0
1400 5096168 290 1420 211.619 0
1500 5321038 345 1525 255.415 0
1500 5545910 339 1530 249.895 0
1500 5770774 342 1507 252.854 0
1500 5995644 344 1549 254.156 0
1500 6220512 324 1503 235.203 0
1500 6445382 337 1528 248.619 0
1600 6701244 382 1611 280.599 0
1600 6957106 394 1638 293.021 0
1600 7212958 378 1608 278.785 0
1600 7468820 377 1616 277.002 0
1600 7724676 386 1636 283.509 0
1600 7980544 384 1634 282.854 0
1700 8269390 424 1702 310.534 0
1700 8558240 449 1743 333.214 0
1700 8847086 440 1708 326.204 0
1700 9135932 436 1724 321.785 0
1700 9424780 445 1749 330.143 0
1700 9713632 437 1711 322.921 0
1800 10037474 502 1848 373.769 0
1800 10361314 478 1804 349.882 0
1800 10685156 489 1819 360.873 0
1800 11008998 484 1824 355.898 0
1800 11332840 480 1817 353.324 0
1800 11656680 457 1804 332.157 0
1900 12017516 566 1947 422.345 0
1900 12378344 522 1900 382.351 0
1900 12739172 567 1926 423.017 0
1900 13100004 559 1941 415.693 0
1900 13460832 541 1921 399.279 0
1900 13821656 564 1908 421.8 0
2000 14221474 577 2000 421.344 0
2000 14621296 630 2033 470.407 0
2000 15021116 612 2007 453.146 0
2000 15420932 600 2027 442.815 0
2000 15820752 623 2042 463.72 0
2000 16220574 623 2004 466.295 0
2100 16661384 668 2120 494.049 0
2100 17102196 689 2125 513.588 0
2100 17543004 648 2100 476.133 0
2100 17983810 677 2120 503.151 0
2100 18424616 697 2162 521.323 0
2100 18865424 653 2105 480.392 0
2200 19349224 735 2237 543.954 0
2200 19833022 767 2254 574.45 0
2200 20316818 764 2261 571.193 0
2200 20800610 747 2223 557.796 0
2200 21284410 733 2221 543.281 0
2200 21768212 735 2224 544.476 0
2300 22296994 802 2310 594.035 0
2300 22825778 794 2320 586.673 0
2300 23354562 795 2318 586.572 0
2300 23883344 831 2346 620.583 0
2300 24412134 796 2315 588.89 0
2300 24940916 806 2314 596.856 0
2400 25516696 897 2436 668.303 0
2400 26092478 896 2432 667.949 0
2400 26668254 855 2406 627.881 0
2400 27244026 902 2429 674.992 0
2400 27819806 911 2450 682.319 0
2400 28395574 892 2412 664.978 0
2500 29020342 938 2509 691.004 0
2500 29645108 927 2509 683.468 0
2500 30269874 954 2533 708.339 0
2500 30894644 957 2541 709.457 0
2500 31519412 959 2524 711.364 0
2500 32144182 975 2515 726.189 0
2600 32819942 1025 2603 758.208 0
2600 33495704 1017 2620 752.142 0
2600 34171464 1034 2639 766.579 0
2600 34847228 1059 2647 793.613 0
2600 35522992 1069 2654 799.477 0
2600 36198754 1064 2654 796.174 0
2700 36927502 1152 2725 865.041 0
2700 37656260 1123 2733 837.278 0
2700 38385006 1150 2753 861.21 0
2700 39113758 1080 2703 794.65 0
2700 39842508 1146 2758 858.032 0
2700 40571252 1127 2705 841.419 0
