1000 199806 205 1000 144.341 0
1000 399616 223 1014 162.823 0
1000 599420 207 1001 146.739 0
1000 799226 220 1020 157.951 0
1000 999034 213 1009 151.403 0
1000 1198840 205 1001 144.48 0
200 1206806 8 204 5.41265 0
200 1214776 7 202 5.12873 0
200 1222742 7 208 5.18519 0
200 1230714 8 202 5.44601 0
200 1238676 8 203 5.57882 0
200 1246646 7 201 5.03955 0
400 1278572 32 408 22.3621 0
400 1310496 30 407 20.7918 0
400 1342426 34 409 24.7146 0
400 1374352 32 406 22.0102 0
400 1406280 32 406 22.5033 0
400 1438206 30 407 20.8954 0
600 1510090 77 612 54.7899 0
600 1581978 72 604 50.3031 0
600 1653864 71 604 49.5691 0
600 1725746 79 614 57.3887 0
600 1797636 74 606 52.2995 0
600 1869532 75 610 52.5718 0
800 1997382 142 819 103.5 0
800 2125230 137 809 98.7365 0
800 2253082 139 815 99.7159 0
800 2380934 133 815 94.3543 0
800 2508782 134 803 95.8255 0
800 2636632 127 800 89.5573 0
1100 2878416 264 1108 190.341 0
1100 3120208 268 1105 194.575 0
1100 3362006 247 1100 174.491 0
1100 3603794 258 1106 184.232 0
1100 3845584 266 1121 190.911 0
1100 4087378 271 1131 197.666 0
1200 4375144 327 1218 240.553 0
1200 4662914 329 1212 241.41 0
1200 4950678 327 1226 238.594 0
1200 5238444 301 1207 215.039 0
1200 5526212 305 1216 218.041 0
1200 5813986 318 1224 230.658 0
1300 6151734 358 1306 255.974 0
1300 6489484 380 1316 277.76 0
1300 6827226 380 1328 276.82 0
1300 7164976 344 1303 243.05 0
1300 7502722 365 1308 262.274 0
1300 7840468 359 1308 256.861 0
1400 8232196 440 1417 321.261 0
1400 8623926 447 1436 327.177 0
1400 9015648 440 1422 321.475 0
1400 9407376 443 1417 323.329 0
1400 9799100 417 1410 298.821 0
1400 10190828 409 1404 291.636 0
1500 10640538 469 1500 334.303 0
1500 11090246 471 1503 335.732 0
1500 11539950 490 1513 353.841 0
1500 11989658 501 1529 363.82 0
1500 12439360 480 1502 343.727 0
1500 12889066 485 1507 349.777 0
1600 13400752 535 1600 381.094 0
1600 13912442 588 1630 432.76 0
1600 14424130 565 1616 408.652 0
1600 14935818 576 1616 418.586 0
1600 15447502 576 1611 420.888 0
1600 15959192 550 1602 395.393 0
1700 16536856 617 1706 443.976 0
1700 17114528 659 1725 484.764 0
1700 17692196 635 1712 459.299 0
1700 18269866 640 1721 466.055 0
1700 18847534 662 1710 487.183 0
1700 19425204 612 1710 437.688 0
1800 20072854 747 1836 550.332 0
1800 20720506 742 1828 545.35 0
1800 21368154 707 1813 513.215 0
1800 22015800 699 1809 504.261 0
1800 22663446 725 1814 529.621 0
1800 23311096 714 1811 520.638 0
1900 24032726 823 1920 604.717 0
1900 24754350 816 1935 597.485 0
1900 25475982 774 1905 556.945 0
1900 26197612 769 1901 551.109 0
1900 26919238 787 1911 570.877 0
1900 27640870 768 1901 551.361 0
2000 28440480 908 2012 667.631 0
2000 29240090 899 2000 659.225 0
2000 30039698 913 2015 671.569 0
2000 30839306 899 2023 656.184 0
2000 31638912 840 2002 602.667 0
2000 32438526 913 2016 671.891 0
2100 33320112 995 2117 728.098 0
2100 34201702 1010 2101 746.427 0
2100 35083294 967 2114 701.077 0
2100 35964878 972 2116 706.168 0
2100 36846466 985 2101 718.738 0
2100 37728058 988 2111 721.265 0
2200 38695624 1121 2227 829.309 0
2200 39663198 1054 2207 764.547 0
2200 40630766 1042 2213 753.044 0
2200 41598328 1068 2208 777.594 0
2200 42565896 1109 2216 815.515 0
2200 43533466 1023 2200 733.575 0
2300 44591012 1139 2302 822.374 0
2300 45648560 1151 2306 833.824 0
2300 46706110 1218 2329 896.485 0
2300 47763658 1183 2320 864.484 0
2300 48821212 1168 2312 850.107 0
2300 49878764 1251 2307 932.032 0
2400 51030294 1313 2418 966.115 0
2400 52181822 1349 2400 1003.37 0
2400 53333356 1265 2404 917.612 0
2400 54484888 1314 2430 964.967 0
2400 55636414 1268 2404 921.902 0
2400 56787942 1357 2408 1010.64 0
2500 58037450 1429 2515 1051.09 0
2500 59286960 1359 2501 983.73 0
2500 60536466 1445 2523 1067.94 0
2500 61785972 1346 2500 970.565 0
2500 63035478 1482 2529 1105.09 0
2500 64284986 1493 2548 1109.55 0
2600 65636476 1468 2603 1063.97 0
2600 66987968 1520 2622 1112.09 0
2600 68339460 1500 2612 1095.55 0
2600 69690948 1505 2620 1098.38 0
2600 71042436 1475 2604 1070.12 0
2600 72393920 1474 2604 1069.98 0
2700 73851394 1673 2720 1233.83 0
2700 75308860 1693 2708 1254.7 0
2700 76766328 1595 2710 1160.81 0
2700 78223800 1612 2709 1174.85 0
2700 79681270 1692 2704 1255.89 0
2700 81138742 1591 2707 1154.44 0
