1024 3968 424 31315 112.829 0
1024 7936 441 34704 107.747 0
1024 11904 342 28852 71.8609 0
1024 15872 320 26345 75.9891 0
1024 19840 23 2109 5.26507 0
1024 23808 17 1637 3.88144 0
196 24536 1 255 0.538313 0
196 25264 1 211 0.446562 0
196 25992 9 1622 4.00848 0
196 26720 1 225 0.407103 0
196 27448 2 433 1.10518 0
196 28176 2 475 0.876443 0
400 29696 38 5573 11.0171 0
400 31216 62 7891 21.8347 0
400 32736 3 477 1.02786 0
400 34256 2 408 0.811961 0
400 35776 19 2543 6.58391 0
400 37296 4 615 1.53538 0
576 39504 174 18326 57.6582 0
576 41712 76 8631 21.0487 0
576 43920 108 13173 28.6057 0
576 46128 79 9631 20.8309 0
576 48336 8 1018 2.43749 0
576 50544 63 7731 17.8712 0
784 53568 92 9685 21.1822 0
784 56592 31 2835 9.48624 0
784 59616 340 31493 94.8547 0
784 62640 66 7227 16.5369 0
784 65664 52 5392 12.5005 0
784 68688 7 843 2.16127 0
1089 72912 1639 127198 359.728 0
1089 77136 17 1559 3.88978 0
1089 81360 15 1381 3.51828 0
1089 85584 15 1439 3.41113 0
1089 89808 72 6487 14.1216 0
1089 94032 350 25954 85.7711 0
1225 98792 22 1776 4.43868 0
1225 103552 980 73737 199.022 0
1225 108312 1449 106162 308.574 0
1225 113072 367 29279 71.5799 0
1225 117832 88 5926 22.4417 0
1225 122592 147 11241 27.5897 0
1296 127632 337 21870 78.1638 0
1296 132672 157 12786 29.1157 0
1296 137712 374 27385 75.3109 0
1296 142752 107 9166 18.0986 0
1296 147792 17 1316 3.53144 0
1296 152832 1573 106207 327.284 0
1369 158160 211 15922 34.522 0
1369 163488 344 22388 71.4519 0
1369 168816 327 23553 58.5125 0
1369 174144 838 51738 179.742 0
1369 179472 385 28737 62.5691 0
1369 184800 20 1476 4.32896 0
1521 190728 1277 80071 261.59 0
1521 196656 624 40918 100.464 0
1521 202584 965 60246 178.921 0
1521 208512 211 15937 38.8975 0
1521 214440 21 1560 3.80541 0
1521 220368 2659 163663 493.433 0
1600 226608 1286 69040 293.125 0
1600 232848 41 2764 7.49917 0
1600 239088 1954 111554 389.681 0
1600 245328 2276 119254 541.234 0
1600 251568 8145 436241 1791.31 0
1600 257808 37 2571 6.84088 0
1681 264368 252 15234 47.0838 0
1681 270928 867 48451 161.12 0
1681 277488 490 27528 96.3914 0
1681 284048 2612 158586 418.391 0
1681 290608 449 24649 95.2744 0
1681 297168 102 6970 17.4124 0
1764 304056 958 56962 159.286 0
1764 310944 6871 367464 1295.11 0
1764 317832 1224 72501 180.003 0
1764 324720 2633 148732 448.39 0
1764 331608 815 49453 118.844 0
1764 338496 184 9914 35.0738 0
1936 346064 51 3037 8.10678 0
1936 353632 726 40930 100.45 0
1936 361200 128 6862 22.213 0
1936 368768 4886 258764 780.435 0
1936 376336 245 14794 35.8989 0
1936 383904 6606 333494 1195.54 0
2025 391824 8068 388518 1479.3 0
2025 399744 881 44673 151.601 0
2025 407664 47 2545 7.92552 0
2025 415584 12709 586648 2592.13 0
2025 423504 1945 92372 370.986 0
2025 431424 4152 200949 730.449 0
2116 439704 71 3909 10.2786 0
2116 447984 3833 177710 695.166 0
2116 456264 2257 104874 374.363 0
2116 464544 3988 191479 695.908 0
2116 472824 11312 511047 1975.47 0
2116 481104 1500 67899 285.821 0
2209 489752 14474 612990 2758.01 0
2209 498400 589 24163 116.248 0
2209 507048 251 10924 49.5373 0
2209 515696 504 26086 68.0177 0
2209 524344 131 6254 21.4645 0
2209 532992 233 12631 32.2667 0
2304 542016 643 27286 114.779 0
2304 551040 1335 55145 253.534 0
2304 560064 2884 122291 523.51 0
2304 569088 2449 117575 325.789 0
2304 578112 1574 73916 208.25 0
2304 587136 231 11163 35.3336 0
2401 596544 1463 67418 206.041 0
2401 605952 1998 90531 282.012 0
2401 615360 9428 392599 1582.12 0
2401 624768 10884 471618 1679.18 0
2401 634176 61 2995 9.54046 0
2401 643584 17486 705281 3188.73 0
2500 653384 14488 584859 2514.39 0
2500 663184 470 23655 52.4958 0
2500 672984 2822 127932 307.524 0
2500 682784 1339 65946 168.969 0
2500 692584 106 5150 14.2855 0
2500 702384 3044 135088 391.518 0
2601 712584 445 20729 50.7435 0
2601 722784 648 27915 84.0753 0
2601 732984 16348 656260 2457.39 0
2601 743184 1576 64118 221.823 0
2601 753384 5024 198123 777.507 0
2601 763584 1652 75656 220.429 0
2704 774192 32418 1184814 5204.49 0
2704 784800 297 12875 39.9013 0
2704 795408 817 36142 94.5785 0
2704 806016 5536 214200 841.889 0
2704 816624 354 15523 40.7793 0
2704 827232 4991 206512 680.698 0
