1024 5196 16 1215 6.20985 0
1024 10392 14 1212 5.56375 0
1024 15588 19 1560 7.51008 0
1024 20784 17 1408 7.15655 0
1024 25980 17 1387 6.37089 0
1024 31176 15 1087 6.65096 0
196 32138 2 290 1.20912 0
196 33100 1 232 0.641934 0
196 34062 1 234 0.606645 0
196 35024 1 200 0.509761 0
196 35986 1 205 0.562053 0
196 36948 1 199 0.516819 0
400 38948 3 418 1.40192 0
400 40948 4 545 1.94473 0
400 42948 4 544 1.78304 0
400 44948 3 433 1.60756 0
400 46948 3 444 1.60371 0
400 48948 3 447 1.50009 0
576 51846 5 633 2.50614 0
576 54744 4 587 1.84111 0
576 57642 5 588 2.34317 0
576 60540 7 813 3.12241 0
576 63438 6 609 2.72974 0
576 66336 5 601 2.05637 0
784 70300 11 954 4.97827 0
784 74264 13 1291 5.6664 0
784 78228 12 1059 5.25481 0
784 82192 17 1425 7.24637 0
784 86156 9 797 4.30875 0
784 90120 10 988 4.22855 0
1089 95664 16 1127 6.4989 0
1089 101208 20 1531 8.6313 0
1089 106752 20 1244 8.46801 0
1089 112296 16 1179 6.73148 0
1089 117840 18 1367 7.45394 0
1089 123384 17 1295 5.99651 0
1225 129584 19 1269 7.66278 0
1225 135784 26 1488 11.3184 0
1225 141984 19 1480 6.45142 0
1225 148184 24 1571 10.3598 0
1225 154384 36 2110 13.907 0
1225 160584 22 1555 8.58638 0
1296 167184 23 1526 9.1279 0
1296 173784 21 1329 8.86677 0
1296 180384 22 1306 9.04995 0
1296 186984 34 1968 13.6368 0
1296 193584 22 1569 8.58927 0
1296 200184 23 1456 9.10031 0
1369 207192 25 1614 9.77561 0
1369 214200 27 1519 11.5064 0
1369 221208 33 1850 13.3783 0
1369 228216 24 1620 9.47662 0
1369 235224 27 1546 11.0624 0
1369 242232 28 2018 10.4548 0
1521 249960 31 1808 12.2615 0
1521 257688 27 1601 9.92543 0
1521 265416 32 2000 12.1929 0
1521 273144 32 1878 12.7395 0
1521 280872 31 1600 13.3135 0
1521 288600 35 1738 14.5412 0
1600 296760 34 1717 14.3741 0
1600 304920 36 1613 16.4596 0
1600 313080 45 2209 19.0245 0
1600 321240 44 2362 17.8157 0
1600 329400 42 2336 15.1276 0
1600 337560 34 1885 13.8807 0
1681 346160 36 1715 15.0683 0
1681 354760 53 2130 23.705 0
1681 363360 36 1846 14.6381 0
1681 371960 38 2213 13.4636 0
1681 380560 38 2017 14.8411 0
1681 389160 38 2230 13.0847 0
1764 398208 49 2710 18.8179 0
1764 407256 53 2909 20.9997 0
1764 416304 47 2444 16.6864 0
1764 425352 42 2395 16.1215 0
1764 434400 48 2085 21.1796 0
1764 443448 38 1829 14.5296 0
1936 453296 49 2514 16.7583 0
1936 463144 53 2380 20.0806 0
1936 472992 52 2366 21.196 0
1936 482840 56 2680 19.0248 0
1936 492688 55 2600 19.5288 0
1936 502536 67 3335 24.6328 0
2025 512856 89 3472 37.3383 0
2025 523176 81 3044 36.6451 0
2025 533496 47 2246 16.8029 0
2025 543816 55 2141 23.3072 0
2025 554136 51 2164 20.2464 0
2025 564456 48 2272 17.0983 0
2116 575256 60 2389 25.2654 0
2116 586056 53 2339 20.0443 0
2116 596856 57 2681 20.2653 0
2116 607656 87 3202 35.9152 0
2116 618456 61 2689 20.7446 0
2116 629256 63 2487 24.3158 0
2209 640544 62 2771 23.2466 0
2209 651832 79 3103 29.3907 0
2209 663120 64 2507 25.397 0
2209 674408 78 3253 30.5696 0
2209 685696 81 3294 29.4959 0
2209 696984 63 2460 24.6915 0
2304 708768 85 2949 32.8981 0
2304 720552 73 2878 28.2409 0
2304 732336 67 2560 27.5893 0
2304 744120 125 3650 58.7775 0
2304 755904 68 2543 27.4982 0
2304 767688 104 3125 48.5653 0
2401 779976 96 3921 36.2765 0
2401 792264 90 2924 38.4182 0
2401 804552 75 2795 29.5745 0
2401 816840 72 2690 28.658 0
2401 829128 106 3639 42.9415 0
2401 841416 72 3106 28.5245 0
2500 854216 113 4047 38.4984 0
2500 867016 91 3912 32.832 0
2500 879816 91 2927 37.8972 0
2500 892616 86 3243 31.4512 0
2500 905416 131 4207 53.9792 0
2500 918216 76 2673 29.5719 0
2601 931536 84 2835 32.9041 0
2601 944856 87 3069 32.2648 0
2601 958176 92 2932 38.8898 0
2601 971496 103 3412 41.4909 0
2601 984816 81 2669 31.8394 0
2601 998136 119 4218 42.1017 0
2704 1011984 93 3090 36.8372 0
2704 1025832 92 3005 34.9669 0
2704 1039680 92 3209 33.7155 0
2704 1053528 181 4806 87.4255 0
2704 1067376 88 2822 34.2262 0
2704 1081224 121 4544 46.004 0
