1024 4376 39 3288 11.6212 0
1024 8752 12 1128 3.63827 0
1024 13128 19 1776 6.03084 0
1024 17504 13 1146 4.12878 0
1024 21880 39 2734 13.6882 0
1024 26256 27 2625 7.07635 0
196 27062 1 248 0.512649 0
196 27868 1 220 0.443996 0
196 28674 1 275 0.584509 0
196 29480 1 207 0.396517 0
196 30286 1 209 0.499175 0
196 31092 1 208 0.42571 0
400 32772 3 512 1.44555 0
400 34452 3 481 1.31434 0
400 36132 2 424 1.15394 0
400 37812 7 1094 2.75605 0
400 39492 3 475 1.1873 0
400 41172 3 574 1.40898 0
576 43610 11 1336 3.98089 0
576 46048 7 957 2.87956 0
576 48486 8 1001 2.88052 0
576 50924 5 629 1.99253 0
576 53362 6 772 2.55554 0
576 55800 12 1562 3.87438 0
784 59136 15 1722 4.76269 0
784 62472 9 975 3.35884 0
784 65808 18 2034 5.7588 0
784 69144 12 1301 4.15508 0
784 72480 17 1773 5.35554 0
784 75816 9 1002 3.32997 0
1089 80480 19 1486 6.89317 0
1089 85144 17 1391 5.03891 0
1089 89808 36 2909 11.6594 0
1089 94472 19 1533 6.43858 0
1089 99136 22 1849 7.50398 0
1089 103800 24 2177 7.44271 0
1225 109040 35 2368 11.6074 0
1225 114280 29 2186 9.5395 0
1225 119520 28 2136 9.26842 0
1225 124760 38 3239 9.50966 0
1225 130000 52 3479 16.2873 0
1225 135240 21 1633 6.26182 0
1296 140800 20 1740 5.27694 0
1296 146360 34 2704 9.62323 0
1296 151920 20 1401 6.85242 0
1296 157480 24 1957 7.47511 0
1296 163040 34 2193 12.8608 0
1296 168600 24 1885 6.778 0
1369 174488 28 2183 8.06764 0
1369 180376 41 3267 11.139 0
1369 186264 19 1389 5.81943 0
1369 192152 26 1721 9.05701 0
1369 198040 34 1991 11.8573 0
1369 203928 51 3899 12.9468 0
1521 210456 22 1613 6.12676 0
1521 216984 39 2214 12.6584 0
1521 223512 43 2711 12.3549 0
1521 230040 25 1850 6.16847 0
1521 236568 39 2162 13.2862 0
1521 243096 35 2185 11.6135 0
1600 249976 49 3360 11.2812 0
1600 256856 71 4519 17.2876 0
1600 263736 63 3383 21.205 0
1600 270616 75 5084 15.9338 0
1600 277496 34 2067 10.0804 0
1600 284376 99 6158 24.5507 0
1681 291616 85 5042 22.3743 0
1681 298856 60 3150 20.4443 0
1681 306096 67 3176 23.6999 0
1681 313336 31 1900 8.50041 0
1681 320576 41 2415 11.1836 0
1681 327816 59 2899 19.1701 0
1764 335424 52 2990 16.0525 0
1764 343032 70 2964 26.6667 0
1764 350640 49 2780 15.4548 0
1764 358248 76 4308 21.7998 0
1764 365856 75 4709 15.2505 0
1764 373464 40 2410 11.4621 0
1936 381792 93 5327 17.2915 0
1936 390120 180 8062 51.5661 0
1936 398448 44 2665 12.1829 0
1936 406776 115 7004 21.7224 0
1936 415104 90 4130 30.0294 0
1936 423432 100 4666 28.7481 0
2025 432152 116 6096 27.5278 0
2025 440872 83 3365 29.5447 0
2025 449592 597 17565 243.077 0
2025 458312 54 2760 14.1918 0
2025 467032 77 3919 20.2955 0
2025 475752 70 3357 20.8829 0
2116 484872 122 4615 45.4297 0
2116 493992 127 6754 27.2512 0
2116 503112 148 6945 41.8928 0
2116 512232 97 3852 36.5344 0
2116 521352 126 5051 41.1479 0
2116 530472 64 3108 18.5577 0
2209 540000 168 5588 68.5098 0
2209 549528 165 5287 68.3087 0
2209 559056 137 6954 36.5543 0
2209 568584 147 8034 27.6465 0
2209 578112 246 8230 83.9999 0
2209 587640 66 2746 20.4514 0
2304 597584 68 3167 16.0544 0
2304 607528 67 2855 20.3905 0
2304 617472 88 4560 21.5912 0
2304 627416 133 6126 33.8723 0
2304 637360 76 3207 25.1256 0
2304 647304 107 5469 20.5303 0
2401 657672 164 5245 58.5921 0
2401 668040 164 5782 54.1351 0
2401 678408 298 10401 85.3746 0
2401 688776 201 6013 81.5127 0
2401 699144 66 2817 19.6417 0
2401 709512 139 7069 23.6713 0
2500 720312 347 11073 105.636 0
2500 731112 87 3385 24.5077 0
2500 741912 88 3422 28.2502 0
2500 752712 262 10154 73.4018 0
2500 763512 191 6252 60.4829 0
2500 774312 159 7018 27.8351 0
2601 785552 64 2741 16.4096 0
2601 796792 102 4316 26.3366 0
2601 808032 118 5412 24.1827 0
2601 819272 119 4361 37.5465 0
2601 830512 372 10383 146.156 0
2601 841752 83 3418 21.7301 0
2704 853440 175 5883 57.5453 0
2704 865128 173 6996 39.7081 0
2704 876816 116 4956 27.2256 0
2704 888504 223 8919 50.9672 0
2704 900192 143 5870 37.0259 0
2704 911880 352 11119 107.447 0
