1024 4786 12 1038 4.12621 0
1024 9572 14 1171 4.78515 0
1024 14358 17 1373 5.66737 0
1024 19144 13 1227 4.5609 0
1024 23930 67 1480 22.8424 0
1024 28716 77 1820 11.4092 0
196 29600 2 272 0.952474 0
196 30484 1 256 0.714115 0
196 31368 1 206 0.790146 0
196 32252 2 274 0.906599 0
196 33136 1 279 0.657011 0
196 34020 2 428 1.40706 0
400 35860 4 536 1.75481 0
400 37700 4 441 1.56008 0
400 39540 2 411 0.93483 0
400 41380 5 730 2.25046 0
400 43220 4 671 1.75866 0
400 45060 3 567 1.45261 0
576 47728 5 722 2.01531 0
576 50396 8 1005 2.95687 0
576 53064 4 593 1.74807 0
576 55732 4 606 1.67204 0
576 58400 5 594 2.00151 0
576 61068 7 978 2.69092 0
784 64718 11 1032 4.59523 0
784 68368 12 1202 3.95618 0
784 72018 8 1057 3.23982 0
784 75668 7 838 2.72204 0
784 79318 12 1273 4.25389 0
784 82968 9 1063 3.0066 0
1089 88072 16 1537 5.37768 0
1089 93176 23 1712 9.39129 0
1089 98280 16 1342 5.70907 0
1089 103384 15 1396 5.50119 0
1089 108488 14 1156 4.48391 0
1089 113592 13 1092 4.76462 0
1225 119312 34 1946 14.8925 0
1225 125032 20 1435 6.85018 0
1225 130752 16 1248 5.04725 0
1225 136472 38 2626 14.0497 0
1225 142192 25 2055 8.16067 0
1225 147912 28 1968 9.24821 0
1296 153992 19 1537 5.5769 0
1296 160072 21 1772 7.16842 0
1296 166152 27 2229 7.67978 0
1296 172232 18 1380 5.58331 0
1296 178312 20 1720 6.2291 0
1296 184392 23 1634 8.4186 0
1369 190840 22 1661 6.52777 0
1369 197288 19 1475 5.65902 0
1369 203736 21 1597 7.12479 0
1369 210184 44 2318 18.8066 0
1369 216632 39 2234 15.774 0
1369 223080 23 1710 7.40068 0
1521 230208 32 1887 11.1092 0
1521 237336 24 1575 7.83634 0
1521 244464 31 2016 9.93313 0
1521 251592 36 2071 12.2801 0
1521 258720 25 1910 7.06351 0
1521 265848 31 2132 9.26906 0
1600 273368 34 2017 11.6995 0
1600 280888 37 2519 10.9738 0
1600 288408 31 2075 10.0011 0
1600 295928 29 1838 9.26104 0
1600 303448 45 2617 17.4743 0
1600 310968 26 1612 8.17126 0
1681 318888 60 3731 18.4297 0
1681 326808 33 1920 11.0373 0
1681 334728 53 3502 14.2207 0
1681 342648 43 2697 11.5891 0
1681 350568 49 2281 19.7119 0
1681 358488 32 2012 9.91292 0
1764 366816 64 3328 20.7825 0
1764 375144 33 1964 11.1442 0
1764 383472 32 1896 9.90586 0
1764 391800 38 2029 12.667 0
1764 400128 33 1839 10.9385 0
1764 408456 34 1974 11.3796 0
1936 417544 36 2676 9.60366 0
1936 426632 40 2298 11.7848 0
1936 435720 59 3571 15.758 0
1936 444808 96 4218 34.4132 0
1936 453896 62 2795 22.5928 0
1936 462984 65 3183 23.5097 0
2025 472504 45 2308 14.3911 0
2025 482024 46 2375 13.666 0
2025 491544 39 2121 10.8246 0
2025 501064 44 2477 12.1576 0
2025 510584 164 6165 62.155 0
2025 520104 49 2797 14.5848 0
2116 530064 72 2862 27.8848 0
2116 540024 116 4734 42.9428 0
2116 549984 69 3984 16.7904 0
2116 559944 51 2887 14.59 0
2116 569904 42 2535 11.3168 0
2116 579864 58 2935 16.6816 0
2209 590272 64 2811 22.5819 0
2209 600680 70 3081 21.2111 0
2209 611088 259 8509 103.484 0
2209 621496 69 3278 18.1079 0
2209 631904 55 2824 15.0407 0
2209 642312 59 3370 15.4074 0
2304 653176 54 2603 15.0837 0
2304 664040 85 3300 31.8339 0
2304 674904 50 2458 13.1604 0
2304 685768 81 3522 26.2994 0
2304 696632 58 2812 14.0927 0
2304 707496 94 3735 36.7606 0
2401 718824 84 3819 26.9766 0
2401 730152 63 2986 17.68 0
2401 741480 68 3057 18.4268 0
2401 752808 66 2848 20.4771 0
2401 764136 71 2725 25.4685 0
2401 775464 66 3138 17.6405 0
2500 787264 54 2529 12.9763 0
2500 799064 138 4840 48.8546 0
2500 810864 80 3676 21.1565 0
2500 822664 166 4455 76.5126 0
2500 834464 103 3604 37.7788 0
2500 846264 136 4356 51.2065 0
2601 858544 61 2877 14.5967 0
2601 870824 94 4391 23.1773 0
2601 883104 69 2969 20.6105 0
2601 895384 77 3425 22.4863 0
2601 907664 324 7162 151.616 0
2601 919944 77 3511 21.7571 0
2704 932712 253 6407 107.957 0
2704 945480 180 6198 57.5103 0
2704 958248 140 4673 42.571 0
2704 971016 72 2788 21.6839 0
2704 983784 141 4161 59.5462 0
2704 996552 71 2835 20.6035 0
