1000 5400 31 2479 9.38327 0
1000 10800 18 1534 5.43446 0
1000 16200 27 2178 8.03395 0
1000 21600 24 1963 7.62781 0
1000 27000 14 1242 4.18043 0
1000 32400 41 3238 12.2676 0
216 33480 2 315 0.998029 0
216 34560 1 264 0.745554 0
216 35640 1 224 0.492759 0
216 36720 7 981 3.36815 0
216 37800 1 222 0.510724 0
216 38880 1 286 0.804903 0
343 40644 3 443 1.19597 0
343 42408 2 351 1.06989 0
343 44172 14 1676 6.778 0
343 45936 2 373 1.04134 0
343 47700 3 570 1.39583 0
343 49464 3 491 1.36567 0
512 52152 5 550 1.89372 0
512 54840 10 1297 3.2318 0
512 57528 13 1314 5.75334 0
512 60216 4 555 1.71728 0
512 62904 13 1353 5.00811 0
512 65592 4 547 1.72498 0
729 69480 38 3260 14.6217 0
729 73368 32 2947 11.9215 0
729 77256 10 956 3.69761 0
729 81144 12 1164 4.02452 0
729 85032 13 1261 4.72131 0
729 88920 13 1337 4.40724 0
1000 94320 13 1031 3.94303 0
1000 99720 21 1730 6.33561 0
1000 105120 49 3890 14.1742 0
1000 110520 389 27611 119.991 0
1000 115920 16 1320 4.56989 0
1000 121320 16 1253 4.96223 0
1000 126720 13 1031 3.98474 0
1000 132120 21 1730 6.28909 0
1000 137520 49 3890 14.3603 0
1000 142920 389 27611 120.728 0
1000 148320 15 1320 4.61127 0
1000 153720 15 1253 4.66966 0
1000 159120 12 1031 3.79706 0
1000 164520 21 1730 6.35325 0
1000 169920 49 3890 14.1283 0
1000 175320 389 27611 120.239 0
1000 180720 16 1320 4.54454 0
1000 186120 15 1253 4.96801 0
1331 193380 60 3990 16.8802 0
1331 200640 66 4426 17.6408 0
1331 207900 59 3904 15.5331 0
1331 215160 24 1623 6.75201 0
1331 222420 98 6419 24.7695 0
1331 229680 339 20740 86.5927 0
1331 236940 60 3990 17.0425 0
1331 244200 65 4426 17.5991 0
1331 251460 58 3904 15.1305 0
1331 258720 24 1623 6.58648 0
1331 265980 99 6419 25.2038 0
1331 273240 338 20740 86.1878 0
1331 280500 60 3990 17.1436 0
1331 287760 67 4426 17.9847 0
1331 295020 59 3904 15.3092 0
1331 302280 24 1623 6.57461 0
1331 309540 100 6419 25.3148 0
1331 316800 338 20740 86.4721 0
1331 324060 61 3990 17.372 0
1331 331320 66 4426 17.7993 0
1331 338580 266 14924 83.3577 0
1331 345840 24 1623 6.50852 0
1331 353100 98 6419 24.9251 0
1331 360360 337 20740 85.6155 0
1728 369864 31 1824 7.72373 0
1728 379368 37 2080 9.45994 0
1728 388872 30 1769 7.38528 0
1728 398376 84 4871 21.8944 0
1728 407880 87 4467 22.7747 0
1728 417384 244 12889 57.0926 0
1728 426888 32 1824 7.95247 0
1728 436392 218 12089 49.4921 0
1728 445896 30 1769 7.47318 0
1728 455400 85 4871 21.7006 0
1728 464904 86 4467 22.5334 0
1728 474408 246 12889 57.9501 0
1728 483912 31 1824 7.59509 0
1728 493416 219 12089 49.8103 0
1728 502920 31 1769 7.48313 0
1728 512424 85 4871 21.7898 0
1728 521928 87 4467 22.8732 0
1728 531432 244 12889 57.1937 0
1728 540936 44 2512 10.2825 0
1728 550440 219 12089 49.922 0
1728 559944 31 1769 7.5736 0
1728 569448 84 4871 21.6092 0
1728 578952 87 4467 22.3493 0
1728 588456 142 7858 30.7057 0
2197 600624 117 5486 25.1426 0
2197 612792 91 4139 21.5421 0
2197 624960 253 11328 58.3755 0
2197 637128 52 2583 12.345 0
2197 649296 7603 302864 2054.68 0
2197 661464 826 36611 190.515 0
2197 673632 117 5486 25.0033 0
2197 685800 90 4139 21.0298 0
2197 697968 253 11328 58.218 0
2197 710136 103 4857 22.279 0
2197 722304 7593 302864 2050.3 0
2197 734472 827 36611 191.047 0
2197 746640 118 5486 25.2346 0
2197 758808 90 4139 20.9272 0
2197 770976 2061 84083 510.96 0
2197 783144 103 4857 22.2158 0
2197 795312 7598 302864 2051.1 0
2197 807480 830 36611 191.854 0
2197 819648 118 5486 25.0518 0
2197 831816 54 2458 13.0103 0
2197 843984 2057 84083 510.077 0
2197 856152 102 4857 21.9509 0
2197 868320 7604 302864 2056.62 0
2197 880488 825 36611 190.091 0
2197 892656 105 4903 22.886 0
2197 904824 53 2458 12.839 0
2197 916992 2059 84083 510.489 0
2197 929160 103 4857 22.4946 0
2197 941328 7607 302864 2052.7 0
2197 953496 101 5038 23.7958 0
2197 965664 105 4903 22.9813 0
2197 977832 53 2458 12.7338 0
2197 990000 2061 84083 512.841 0
2197 1002168 104 4857 22.3143 0
2197 1014336 206 10398 41.3648 0
2197 1026504 102 5038 24.0265 0
