1000 5800 15 1467 5.83803 0
1000 11600 41 3334 14.3086 0
1000 17400 15 1095 6.28652 0
1000 23200 34 2362 14.2294 0
1000 29000 13 1024 5.14734 0
1000 34800 16 1077 6.91819 0
216 35966 1 310 0.813244 0
216 37132 1 258 0.725985 0
216 38298 2 328 1.02883 0
216 39464 1 247 0.620119 0
216 40630 2 353 0.959853 0
216 41796 1 259 0.649312 0
343 43696 2 396 1.18538 0
343 45596 2 374 1.16389 0
343 47496 2 375 1.05192 0
343 49396 4 575 1.86741 0
343 51296 2 356 1.14945 0
343 53196 3 396 1.34675 0
512 56088 6 803 2.339 0
512 58980 4 560 1.79555 0
512 61872 7 707 3.02456 0
512 64764 10 1143 4.01874 0
512 67656 6 625 2.55939 0
512 70548 5 563 2.0121 0
729 74726 12 1137 5.09825 0
729 78904 14 1318 6.00614 0
729 83082 10 1126 3.71109 0
729 87260 9 839 4.13231 0
729 91438 10 1002 3.82818 0
729 95616 10 1022 4.37387 0
1000 101456 12 1028 4.48776 0
1000 107296 14 1145 5.46333 0
1000 113136 14 1356 5.23331 0
1000 118976 13 1016 4.86984 0
1000 124816 13 1053 5.3395 0
1000 130656 17 1465 5.77516 0
1000 136536 18 1271 8.55687 0
1000 142416 13 1012 5.45852 0
1000 148296 14 1240 5.09505 0
1000 154176 14 1171 5.79248 0
1000 160056 22 1466 9.75893 0
1000 165936 19 1393 7.60375 0
1000 171856 22 1573 10.3235 0
1000 177776 20 1721 7.50815 0
1000 183696 16 1329 6.85563 0
1000 189616 13 1096 4.29175 0
1000 195536 12 1023 3.99308 0
1000 201456 27 1826 11.9369 0
1331 209276 25 1383 11.2728 0
1331 217096 26 1532 10.7996 0
1331 224916 24 1438 9.94019 0
1331 232736 22 1579 7.37341 0
1331 240556 41 2071 18.3472 0
1331 248376 41 2590 15.4722 0
1331 256236 23 1380 9.14972 0
1331 264096 29 1828 10.414 0
1331 271956 42 2426 16.4603 0
1331 279816 35 1868 15.9713 0
1331 287676 24 1447 9.66044 0
1331 295536 25 1613 9.69766 0
1331 303436 29 1456 13.9041 0
1331 311336 77 3845 32.1846 0
1331 319236 22 1359 8.39647 0
1331 327136 22 1619 7.50045 0
1331 335036 47 3199 16.6223 0
1331 342936 33 1631 16.4622 0
1331 350876 25 1441 10.9979 0
1331 358816 21 1780 7.50238 0
1331 366756 26 1384 12.0851 0
1331 374696 33 2095 13.3224 0
1331 382636 24 1704 8.94729 0
1331 390576 35 1575 16.9674 0
1728 400800 43 2643 12.2317 0
1728 411024 33 2064 8.99958 0
1728 421248 60 3108 21.8482 0
1728 431472 79 3279 31.5997 0
1728 441696 48 2088 20.4774 0
1728 451920 52 2750 18.1942 0
1728 462184 29 1738 8.99092 0
1728 472448 48 2736 16.4792 0
1728 482712 36 2067 11.9779 0
1728 492976 45 2333 16.1378 0
1728 503240 37 2126 11.6299 0
1728 513504 43 1839 18.8968 0
1728 523808 41 1743 18.4521 0
1728 534112 41 2530 12.3793 0
1728 544416 66 2407 32.0636 0
1728 554720 37 2413 13.9759 0
1728 565024 57 2782 22.4558 0
1728 575328 46 2445 17.031 0
1728 585672 70 4308 22.2524 0
1728 596016 34 1974 10.8471 0
1728 606360 55 2097 25.2632 0
1728 616704 42 2202 16.0913 0
1728 627048 42 2652 16.5164 0
1728 637392 73 4262 24.3508 0
2197 650440 62 2294 26.0989 0
2197 663488 55 2412 19.0196 0
2197 676536 126 6280 33.2221 0
2197 689584 74 4087 20.1203 0
2197 702632 71 2552 30.9123 0
2197 715680 162 5865 56.2762 0
2197 728768 99 4187 37.5844 0
2197 741856 51 3244 15.5594 0
2197 754944 73 2332 34.3401 0
2197 768032 83 2368 42.512 0
2197 781120 81 2654 38.0229 0
2197 794208 125 6273 39.593 0
2197 807336 70 3417 25.8188 0
2197 820464 66 3442 17.0502 0
2197 833592 65 2649 24.7784 0
2197 846720 69 3397 21.9393 0
2197 859848 65 3199 20.6779 0
2197 872976 66 2790 23.2443 0
2197 886144 62 2309 25.1246 0
2197 899312 65 2632 26.1496 0
2197 912480 79 2927 35.1937 0
2197 925648 99 4730 31.7351 0
2197 938816 60 2762 20.1928 0
2197 951984 71 2374 32.1082 0
2197 965192 62 2310 24.9013 0
2197 978400 70 2930 26.6151 0
2197 991608 90 3622 35.7645 0
2197 1004816 108 3612 43.9296 0
2197 1018024 60 2236 24.1574 0
2197 1031232 107 4201 40.3767 0
2197 1044480 76 2910 30.3181 0
2197 1057728 58 2738 20.1454 0
2197 1070976 69 2340 30.8462 0
2197 1084224 69 2715 26.1425 0
2197 1097472 70 2778 27.6785 0
2197 1110720 68 2782 27.266 0
