1000 6600 24 1015 14.2566 0
1000 13200 23 1017 13.0876 0
1000 19800 24 1097 14.1014 0
1000 26400 26 1053 14.8979 0
1000 33000 26 1346 14.5158 0
1000 39600 25 1045 14.5787 0
216 40938 1 244 0.873877 0
216 42276 1 231 0.985838 0
216 43614 1 231 0.875481 0
216 44952 2 227 1.26783 0
216 46290 1 224 0.917185 0
216 47628 1 237 0.968835 0
343 49802 4 359 2.56324 0
343 51976 4 399 2.50229 0
343 54150 4 360 2.42883 0
343 56324 4 403 2.12727 0
343 58498 4 433 2.73327 0
343 60672 4 373 2.16865 0
512 63974 6 521 3.37585 0
512 67276 9 634 5.08382 0
512 70578 6 563 3.52053 0
512 73880 7 561 4.02837 0
512 77182 8 624 4.79413 0
512 80484 8 648 4.46274 0
729 85246 15 920 8.87607 0
729 90008 14 747 8.06956 0
729 94770 13 829 7.14564 0
729 99532 13 797 7.53895 0
729 104294 15 966 8.15939 0
729 109056 15 798 9.08716 0
1000 115776 26 1109 15.0699 0
1000 122496 27 1103 16.22 0
1000 129216 26 1162 15.5399 0
1000 135936 26 1076 15.8212 0
1000 142656 29 1248 17.2793 0
1000 149376 25 1147 14.8723 0
1000 156216 28 1125 17.2482 0
1000 163056 26 1089 14.9663 0
1000 169896 27 1003 16.6643 0
1000 176736 31 1336 18.8596 0
1000 183576 28 1103 16.6986 0
1000 190416 25 1354 14.0045 0
1000 197376 28 1160 17.0294 0
1000 204336 29 1079 17.9032 0
1000 211296 30 1169 18.4159 0
1000 218256 29 1025 18.2058 0
1000 225216 27 1119 15.5235 0
1000 232176 30 1112 18.2949 0
1331 241116 47 1729 27.086 0
1331 250056 40 1339 22.8283 0
1331 258996 42 1529 24.0236 0
1331 267936 47 1818 26.8329 0
1331 276876 48 1755 27.129 0
1331 285816 43 1410 25.1211 0
1331 294876 50 1415 31.0188 0
1331 303936 50 1623 29.6492 0
1331 312996 44 1641 25.3877 0
1331 322056 46 1514 27.8113 0
1331 331116 47 1353 28.8322 0
1331 340176 45 1552 26.6574 0
1331 349356 47 1811 26.7601 0
1331 358536 48 1740 27.6272 0
1331 367716 46 1340 28.6041 0
1331 376896 52 1748 30.2366 0
1331 386076 49 1477 29.5668 0
1331 395256 44 1405 25.7858 0
1331 404556 45 1389 27.3112 0
1331 413856 49 1709 28.6974 0
1331 423156 46 1496 27.6602 0
1331 432456 51 1713 30.5574 0
1331 441756 52 1780 30.799 0
1331 451056 48 1532 28.8963 0
1728 462720 73 2401 41.3927 0
1728 474384 77 2386 43.2229 0
1728 486048 71 1734 42.7304 0
1728 497712 70 1998 41.4222 0
1728 509376 80 2301 47.2317 0
1728 521040 74 1760 44.6562 0
1728 532824 67 1783 39.5403 0
1728 544608 80 2216 47.5477 0
1728 556392 79 2248 46.4694 0
1728 568176 86 2682 49.2172 0
1728 579960 74 2337 41.7751 0
1728 591744 72 1981 41.9502 0
1728 603648 77 2226 45.6052 0
1728 615552 83 2230 49.939 0
1728 627456 76 2468 42.4 0
1728 639360 77 2267 45.0335 0
1728 651264 73 1743 43.8238 0
1728 663168 74 1753 44.689 0
1728 675192 76 1925 46.0842 0
1728 687216 77 1907 47.2423 0
1728 699240 76 1809 45.7736 0
1728 711264 77 1853 46.9112 0
1728 723288 75 2195 43.3711 0
1728 735312 78 1935 47.0982 0
2197 750120 113 2488 65.6572 0
2197 764928 121 2593 71.5077 0
2197 779736 120 2606 71.4327 0
2197 794544 131 2924 75.7969 0
2197 809352 115 2984 63.9001 0
2197 824160 127 2978 74.0681 0
2197 839088 107 2201 62.8781 0
2197 854016 171 3604 94.7024 0
2197 868944 126 2581 75.9551 0
2197 883872 111 2440 64.9665 0
2197 898800 118 2385 71.3185 0
2197 913728 123 3252 67.583 0
2197 928776 112 2422 66.696 0
2197 943824 117 2206 70.759 0
2197 958872 131 3177 74.1573 0
2197 973920 131 2766 77.6303 0
2197 988968 121 2968 69.7988 0
2197 1004016 116 2591 67.173 0
2197 1019184 125 2262 77.6868 0
2197 1034352 124 3131 69.0946 0
2197 1049520 120 2360 72.1952 0
2197 1064688 120 2682 70.4058 0
2197 1079856 118 2441 70.8924 0
2197 1095024 123 2252 76.0388 0
2197 1110312 132 3288 75.8672 0
2197 1125600 114 2282 68.4585 0
2197 1140888 128 2996 76.3927 0
2197 1156176 128 2462 79.6973 0
2197 1171464 121 2458 73.2051 0
2197 1186752 127 2504 77.5104 0
2197 1202160 134 2781 78.8224 0
2197 1217568 127 2503 77.8042 0
2197 1232976 121 2356 73.3857 0
2197 1248384 129 2756 77.5726 0
2197 1263792 132 2814 79.3781 0
2197 1279200 140 2857 83.6596 0
