1000 6200 16 1012 7.89376 0
1000 12400 22 1298 10.9944 0
1000 18600 21 1016 11.5426 0
1000 24800 21 1176 10.9087 0
1000 31000 22 1071 12.4088 0
1000 37200 14 1086 6.2368 0
216 38452 2 306 1.13116 0
216 39704 1 247 0.881576 0
216 40956 1 270 0.953437 0
216 42208 1 266 0.927451 0
216 43460 1 250 0.723098 0
216 44712 2 282 1.09716 0
343 46750 3 386 1.74647 0
343 48788 3 345 1.61622 0
343 50826 3 344 1.63226 0
343 52864 3 409 1.5989 0
343 54902 3 457 1.53634 0
343 56940 2 357 1.1302 0
512 60036 4 517 1.76989 0
512 63132 6 564 3.06787 0
512 66228 6 681 2.97131 0
512 69324 7 872 3.24656 0
512 72420 4 516 1.89276 0
512 75516 7 817 3.76242 0
729 79986 12 781 6.72988 0
729 84456 10 900 4.94716 0
729 88926 11 786 5.32988 0
729 93396 12 738 6.66732 0
729 97866 15 1070 8.45325 0
729 102336 12 894 6.3664 0
1000 108616 22 1118 12.761 0
1000 114896 23 1522 11.6405 0
1000 121176 20 1059 10.5247 0
1000 127456 22 1217 11.822 0
1000 133736 24 1164 13.6654 0
1000 140016 23 1112 13.1874 0
1000 146376 24 1301 12.5734 0
1000 152736 26 1598 12.7444 0
1000 159096 24 1132 13.2888 0
1000 165456 19 1104 9.71755 0
1000 171816 21 1193 11.233 0
1000 178176 24 1182 13.7831 0
1000 184616 24 1239 13.6237 0
1000 191056 25 1007 14.4693 0
1000 197496 27 1177 15.9425 0
1000 203936 27 1030 16.3801 0
1000 210376 24 1014 14.0038 0
1000 216816 27 1175 16.1866 0
1331 225196 33 1406 16.6444 0
1331 233576 33 1372 17.6476 0
1331 241956 50 2584 24.4214 0
1331 250336 40 1862 20.9384 0
1331 258716 49 2422 23.3817 0
1331 267096 39 1699 20.8133 0
1331 275556 36 1366 19.2413 0
1331 284016 42 1756 22.8806 0
1331 292476 44 2311 19.5618 0
1331 300936 34 1509 17.9587 0
1331 309396 39 1731 20.6561 0
1331 317856 33 1601 16.9062 0
1331 326396 39 1776 20.6481 0
1331 334936 50 2238 24.9847 0
1331 343476 35 1619 19.4309 0
1331 352016 38 1608 20.8348 0
1331 360556 42 1558 23.8356 0
1331 369096 39 1512 21.613 0
1331 377716 38 1711 19.7456 0
1331 386336 43 1592 25.7402 0
1331 394956 34 1475 17.9722 0
1331 403576 40 1580 21.9582 0
1331 412196 41 1721 21.7324 0
1331 420816 39 1510 22.1568 0
1728 431760 77 3087 36.953 0
1728 442704 59 1742 33.3876 0
1728 453648 57 2365 29.7221 0
1728 464592 65 2070 35.7667 0
1728 475536 66 2425 33.9737 0
1728 486480 60 2192 31.4442 0
1728 497504 67 2366 35.3519 0
1728 508528 62 2057 33.9776 0
1728 519552 54 1760 28.4289 0
1728 530576 65 1921 36.0721 0
1728 541600 65 2040 32.5702 0
1728 552624 56 1939 29.6839 0
1728 563728 55 1991 28.2306 0
1728 574832 61 2290 31.874 0
1728 585936 75 2407 41.4036 0
1728 597040 61 1756 33.8739 0
1728 608144 66 1804 37.8657 0
1728 619248 73 2189 37.4695 0
1728 630432 59 1926 31.8073 0
1728 641616 70 1761 36.049 0
1728 652800 63 2064 34.6426 0
1728 663984 55 2158 27.3805 0
1728 675168 68 2119 37.355 0
1728 686352 70 1970 39.8743 0
2197 700280 123 3711 58.0894 0
2197 714208 129 3706 60.994 0
2197 728136 89 2267 47.0726 0
2197 742064 93 2806 46.4848 0
2197 755992 89 2615 46.1172 0
2197 769920 84 2489 41.3799 0
2197 783928 100 2820 52.8583 0
2197 797936 92 2393 49.1309 0
2197 811944 76 2231 37.3249 0
2197 825952 86 2554 43.2861 0
2197 839960 94 2412 49.8562 0
2197 853968 79 2246 39.8746 0
2197 868056 111 2456 63.1681 0
2197 882144 120 3426 62.7151 0
2197 896232 114 3277 60.0072 0
2197 910320 101 3085 49.6015 0
2197 924408 97 2508 53.4826 0
2197 938496 121 3439 63.1912 0
2197 952664 103 2793 56.0256 0
2197 966832 120 3236 63.7734 0
2197 981000 84 2210 43.2678 0
2197 995168 97 2485 53.2385 0
2197 1009336 84 2251 44.1041 0
2197 1023504 90 2367 48.7459 0
2197 1037752 98 2537 53.7572 0
2197 1052000 91 2205 50.0439 0
2197 1066248 119 3816 59.4788 0
2197 1080496 99 2485 54.5814 0
2197 1094744 107 2551 58.1122 0
2197 1108992 104 2276 59.8054 0
2197 1123320 109 2713 61.1415 0
2197 1137648 109 2450 61.7709 0
2197 1151976 88 2512 46.8384 0
2197 1166304 120 3720 62.9214 0
2197 1180632 105 3058 55.9923 0
2197 1194960 98 2280 54.6859 0
