1296 7200 40 2743 11.7944 0
1296 14400 21 1543 5.86627 0
1296 21600 33 2253 7.95536 0
1296 28800 23 1651 5.88423 0
1296 36000 32 1996 7.85334 0
1296 43200 25 1811 6.69972 0
256 44544 1 303 0.779239 0
256 45888 2 269 0.893125 0
256 47232 2 328 1.19276 0
256 48576 1 289 0.737534 0
256 49920 1 299 0.827039 0
256 51264 2 309 1.01664 0
625 54664 7 826 2.70023 0
625 58064 6 706 2.34991 0
625 61464 7 790 2.35344 0
625 64864 6 709 2.40316 0
625 68264 6 699 2.34702 0
625 71664 7 792 2.39546 0
625 74664 7 796 2.2511 0
625 77664 6 763 2.05894 0
625 80664 6 780 1.90655 0
625 83664 7 848 2.34638 0
625 86664 6 696 1.94248 0
625 89664 8 878 2.56902 0
625 92664 7 796 2.19784 0
625 95664 6 763 2.04642 0
625 98664 7 780 2.11796 0
625 101664 7 848 2.27997 0
625 104664 5 696 1.76155 0
625 107664 8 878 2.51448 0
1296 114144 21 1536 4.67287 0
1296 120624 22 1681 4.8846 0
1296 127104 19 1457 4.22406 0
1296 133584 30 2204 7.02791 0
1296 140064 18 1437 4.217 0
1296 146544 27 1987 6.17873 0
1296 153024 21 1536 4.72387 0
1296 159504 21 1681 4.73574 0
1296 165984 19 1457 4.26512 0
1296 172464 30 2204 6.89285 0
1296 178944 19 1437 4.40563 0
1296 185424 28 1987 6.3911 0
1296 191904 43 3030 11.2013 0
1296 198384 21 1681 4.86086 0
1296 204864 19 1457 4.28661 0
1296 211344 30 2204 7.05293 0
1296 217824 18 1437 4.18845 0
1296 224304 27 1987 6.0055 0
1296 230784 42 3030 10.6697 0
1296 237264 21 1681 4.85412 0
1296 243744 19 1457 4.37419 0
1296 250224 30 2204 6.98428 0
1296 256704 18 1437 4.09092 0
1296 263184 28 1987 6.22557 0
1296 269664 43 3030 11.1426 0
1296 276144 22 1681 5.10916 0
1296 282624 20 1457 4.56796 0
1296 289104 30 2204 7.24637 0
1296 295584 19 1437 4.59331 0
1296 302064 34 2344 7.75774 0
1296 308544 43 3030 11.0139 0
1296 315024 21 1681 4.95903 0
1296 321504 19 1457 4.24651 0
1296 327984 30 2204 7.05132 0
1296 334464 18 1437 4.21123 0
1296 340944 33 2344 7.72149 0
1296 347424 43 3030 10.9613 0
1296 353904 21 1681 4.93914 0
1296 360384 19 1457 4.23817 0
1296 366864 30 2021 6.65737 0
1296 373344 19 1437 4.36457 0
1296 379824 33 2344 7.74074 0
1296 386304 43 3030 10.9777 0
1296 392784 22 1681 4.93817 0
1296 399264 19 1457 4.23881 0
1296 405744 30 2021 6.94578 0
1296 412224 19 1437 4.46081 0
1296 418704 33 2344 7.59605 0
1296 425184 42 3030 10.7194 0
1296 431664 41 2629 9.11668 0
1296 438144 19 1457 4.24555 0
1296 444624 31 2021 6.95059 0
1296 451104 19 1437 4.41879 0
1296 457584 33 2344 7.51553 0
1296 464064 43 3030 11.0213 0
1296 470544 41 2629 9.24019 0
1296 477024 19 1457 4.25967 0
1296 483504 30 2021 7.02758 0
1296 489984 18 1437 4.26063 0
1296 496464 33 2344 7.56109 0
1296 502944 42 3030 10.8112 0
1296 509424 40 2629 8.94055 0
1296 515904 19 1457 4.2093 0
1296 522384 30 2021 6.84986 0
1296 528864 19 1437 4.57342 0
1296 535344 33 2344 7.42988 0
1296 541824 43 3030 10.9427 0
1296 548304 41 2629 9.12758 0
1296 554784 19 1457 4.22342 0
1296 561264 31 2021 7.12511 0
1296 567744 19 1437 4.31452 0
1296 574224 34 2344 8.04133 0
2401 586572 68 3112 10.9706 0
2401 598920 133 5220 18.8737 0
2401 611268 136 5354 22.2839 0
2401 623616 65 3008 10.4368 0
2401 635964 80 3690 12.9542 0
2401 648312 72 3345 11.5891 0
2401 660660 66 3112 10.4849 0
2401 673008 128 5220 17.4483 0
2401 685356 247 9185 38.1731 0
2401 697704 64 3008 10.3287 0
2401 710052 81 3690 13.0552 0
2401 722400 73 3345 11.5336 0
2401 734748 75 3402 11.6097 0
2401 747096 128 5220 17.3316 0
2401 759444 247 9185 38.1192 0
2401 771792 64 3008 10.3123 0
2401 784140 80 3690 12.812 0
2401 796488 85 3863 13.4126 0
