1296 8754 40 1670 22.262 0
1296 17508 35 1313 19.8278 0
1296 26262 38 1305 21.6949 0
1296 35016 38 1399 21.5024 0
1296 43770 41 1319 23.9719 0
1296 52524 36 1534 19.6122 0
256 54174 2 273 1.18025 0
256 55824 2 266 1.33937 0
256 57474 2 267 1.20976 0
256 59124 3 298 1.51549 0
256 60774 2 284 1.33584 0
256 62424 2 284 1.18827 0
625 66574 11 648 6.26054 0
625 70724 10 651 5.5384 0
625 74874 11 632 6.62273 0
625 79024 8 714 4.44445 0
625 83174 10 631 5.84253 0
625 87324 11 713 6.39816 0
625 91644 12 685 7.38625 0
625 95964 12 629 7.44207 0
625 100284 12 751 6.72667 0
625 104604 11 626 6.71512 0
625 108924 12 721 7.18895 0
625 113244 12 632 7.90114 0
625 117684 12 641 7.28936 0
625 122124 12 654 7.19697 0
625 126564 11 635 6.66379 0
625 131004 12 676 7.50462 0
625 135444 12 688 7.78501 0
625 139884 13 714 7.81741 0
1296 147924 32 1455 16.3162 0
1296 155964 33 1385 17.5892 0
1296 164004 30 1340 15.4632 0
1296 172044 33 1620 16.7342 0
1296 180084 34 1546 17.8372 0
1296 188124 31 1547 16.159 0
1296 196284 31 1390 16.4048 0
1296 204444 36 1521 19.3629 0
1296 212604 37 1746 19.3389 0
1296 220764 31 1333 15.8549 0
1296 228924 37 1653 19.9526 0
1296 237084 34 1506 17.5038 0
1296 245364 38 1526 21.8091 0
1296 253644 36 1575 19.6635 0
1296 261924 36 1462 19.616 0
1296 270204 32 1301 16.9562 0
1296 278484 39 1351 22.9553 0
1296 286764 37 1546 20.0998 0
1296 295164 37 1585 20.6878 0
1296 303564 36 1301 20.1588 0
1296 311964 41 1552 23.3136 0
1296 320364 36 1638 19.2272 0
1296 328764 40 1637 22.4686 0
1296 337164 36 1522 19.3905 0
1296 345684 39 1434 22.3448 0
1296 354204 38 1511 21.4074 0
1296 362724 40 1459 23.1856 0
1296 371244 37 1461 20.3815 0
1296 379764 39 1312 22.5206 0
1296 388284 36 1329 20.0279 0
1296 396924 41 1574 23.3271 0
1296 405564 44 1500 26.4505 0
1296 414204 42 1652 23.7397 0
1296 422844 38 1377 22.5046 0
1296 431484 42 1623 24.6238 0
1296 440124 40 1436 23.5125 0
1296 448884 43 1296 25.9048 0
1296 457644 43 1385 25.6372 0
1296 466404 41 1337 24.1602 0
1296 475164 41 1323 24.2921 0
1296 483924 40 1369 23.8298 0
1296 492684 42 1298 25.796 0
1296 501564 46 1661 26.9692 0
1296 510444 41 1451 24.065 0
1296 519324 49 1648 29.4346 0
1296 528204 41 1498 23.6441 0
1296 537084 44 1579 26.5191 0
1296 545964 50 1704 29.9694 0
1296 554964 48 1330 30.2783 0
1296 563964 45 1394 27.7032 0
1296 572964 46 1332 28.1338 0
1296 581964 45 1411 26.7687 0
1296 590964 41 1346 24.8837 0
1296 599964 47 1305 28.9104 0
1296 609084 49 1577 30.5019 0
1296 618204 46 1495 27.8187 0
1296 627324 48 1518 29.5033 0
1296 636444 48 1362 30.1118 0
1296 645564 45 1373 27.4514 0
1296 654684 50 1392 31.1904 0
1296 663924 48 1369 29.981 0
1296 673164 48 1353 29.9838 0
1296 682404 49 1487 30.6341 0
1296 691644 47 1301 29.5575 0
1296 700884 49 1408 30.6316 0
1296 710124 50 1530 31.072 0
1296 719484 51 1377 31.891 0
1296 728844 49 1438 30.5539 0
1296 738204 47 1387 28.8334 0
1296 747564 52 1399 32.9471 0
1296 756924 51 1596 31.5609 0
1296 766284 50 1311 31.7749 0
2401 781632 121 3249 62.3522 0
2401 796980 116 2897 63.9409 0
2401 812328 114 2785 62.2416 0
2401 827676 111 2512 61.2307 0
2401 843024 107 2891 55.1229 0
2401 858372 107 2660 57.6848 0
2401 873840 142 3539 73.5606 0
2401 889308 127 3033 70.2165 0
2401 904776 127 2935 69.4299 0
2401 920244 118 2920 64.4692 0
2401 935712 114 2549 62.9656 0
2401 951180 118 2567 66.5946 0
2401 966768 123 3109 67.4521 0
2401 982356 124 2514 69.4847 0
2401 997944 116 2925 62.4103 0
2401 1013532 124 2611 70.9858 0
2401 1029120 115 2719 63.57 0
2401 1044708 119 2557 67.352 0
