1296 7718 30 2027 8.90077 0
1296 15436 23 1718 8.80357 0
1296 23154 22 1494 7.91686 0
1296 30872 22 1510 8.05384 0
1296 38590 22 1899 6.68432 0
1296 46308 25 1746 9.55426 0
256 47754 2 315 1.13373 0
256 49200 2 312 0.926168 0
256 50646 1 266 0.892483 0
256 52092 2 271 0.85944 0
256 53538 2 345 1.03653 0
256 54984 1 267 0.860403 0
625 58634 7 744 3.19427 0
625 62284 5 640 2.13978 0
625 65934 6 634 2.83689 0
625 69584 6 655 2.42465 0
625 73234 7 713 3.56673 0
625 76884 6 649 2.56485 0
625 80324 7 841 3.02135 0
625 83764 7 732 3.2549 0
625 87204 6 641 2.48336 0
625 90644 8 994 3.3736 0
625 94084 6 683 2.74065 0
625 97524 8 798 3.38098 0
625 101004 6 697 2.49619 0
625 104484 7 739 2.98959 0
625 107964 9 835 4.01457 0
625 111444 7 667 3.4214 0
625 114924 6 659 2.23634 0
625 118404 7 778 3.06434 0
1296 125404 21 1562 6.64582 0
1296 132404 21 1503 6.04014 0
1296 139404 23 1905 7.55339 0
1296 146404 23 1746 7.39715 0
1296 153404 18 1547 5.35875 0
1296 160404 29 2164 8.81929 0
1296 167444 25 1714 8.56008 0
1296 174484 19 1353 6.36031 0
1296 181524 38 3014 10.7175 0
1296 188564 25 1769 7.91718 0
1296 195604 33 2452 10.6046 0
1296 202644 22 1817 6.90953 0
1296 209724 24 1824 7.16393 0
1296 216804 22 1652 7.61787 0
1296 223884 28 2171 9.20426 0
1296 230964 22 1738 6.93295 0
1296 238044 23 1554 7.2159 0
1296 245124 18 1386 5.69977 0
1296 252244 26 2039 7.46837 0
1296 259364 22 1631 7.9483 0
1296 266484 26 1908 8.60242 0
1296 273604 22 1984 7.02951 0
1296 280724 22 1539 7.39042 0
1296 287844 28 1835 10.6039 0
1296 295004 20 1445 7.51104 0
1296 302164 18 1361 5.81686 0
1296 309324 18 1368 5.91631 0
1296 316484 20 1464 6.92172 0
1296 323644 19 1453 6.6208 0
1296 330804 21 1622 6.29454 0
1296 338004 19 1324 6.88996 0
1296 345204 37 2401 13.8373 0
1296 352404 18 1322 6.15756 0
1296 359604 17 1329 5.32025 0
1296 366804 19 1471 6.41292 0
1296 374004 34 2031 12.3135 0
1296 381244 19 1409 6.69427 0
1296 388484 21 1751 6.92846 0
1296 395724 28 2077 9.20714 0
1296 402964 20 1482 6.68143 0
1296 410204 21 1589 7.40517 0
1296 417444 22 1653 7.13056 0
1296 424724 18 1313 6.06549 0
1296 432004 25 1890 7.57296 0
1296 439284 22 1643 7.5813 0
1296 446564 20 1327 7.25632 0
1296 453844 21 1554 6.75907 0
1296 461124 21 1586 6.95027 0
1296 468444 21 1517 7.09014 0
1296 475764 21 1671 6.77896 0
1296 483084 22 1676 8.22515 0
1296 490404 28 1924 10.8769 0
1296 497724 19 1389 6.63845 0
1296 505044 27 1955 9.69766 0
1296 512404 21 1416 7.81324 0
1296 519764 19 1369 6.9955 0
1296 527124 21 1608 6.67694 0
1296 534484 22 1690 7.64321 0
1296 541844 18 1299 5.89642 0
1296 549204 21 1473 7.49949 0
1296 556604 20 1319 7.08693 0
1296 564004 19 1336 7.10779 0
1296 571404 31 1892 13.5435 0
1296 578804 20 1345 6.92525 0
1296 586204 24 1629 8.47185 0
1296 593604 18 1304 6.22268 0
1296 601044 25 1649 10.4464 0
1296 608484 24 1665 8.37978 0
1296 615924 22 1620 8.38139 0
1296 623364 21 1334 8.30375 0
1296 630804 22 1692 7.4241 0
1296 638244 23 1682 7.76031 0
2401 651592 66 2974 16.8488 0
2401 664940 69 2829 21.7086 0
2401 678288 90 4163 21.436 0
2401 691636 123 4861 36.8135 0
2401 704984 67 3316 18.0823 0
2401 718332 157 6917 38.6896 0
2401 731720 66 3567 18.0049 0
2401 745108 79 3785 21.2775 0
2401 758496 90 4147 25.6963 0
2401 771884 78 3873 17.9642 0
2401 785272 56 2526 15.1854 0
2401 798660 163 6136 45.5952 0
2401 812088 52 2587 12.3202 0
2401 825516 86 3515 22.1716 0
2401 838944 56 2643 14.8671 0
2401 852372 70 3687 16.4522 0
2401 865800 79 3272 24.883 0
2401 879228 71 3108 21.6804 0
