1296 8236 33 1374 17.2174 0
1296 16472 22 1328 8.72112 0
1296 24708 35 1663 17.5702 0
1296 32944 26 1351 12.0129 0
1296 41180 33 1460 17.0069 0
1296 49416 33 1613 16.7352 0
256 50964 2 270 0.955682 0
256 52512 2 272 1.2874 0
256 54060 1 262 0.892483 0
256 55608 1 261 0.910449 0
256 57156 2 275 0.930338 0
256 58704 1 261 0.708661 0
625 62604 7 708 3.47401 0
625 66504 6 629 2.83432 0
625 70404 8 735 4.31068 0
625 74304 8 694 4.17658 0
625 78204 8 816 3.27126 0
625 82104 7 667 2.99377 0
625 85984 10 749 5.30967 0
625 89864 8 696 4.54358 0
625 93744 10 743 5.65293 0
625 97624 9 656 4.67319 0
625 101504 10 826 5.50343 0
625 105384 10 686 5.50311 0
625 109344 9 701 4.87882 0
625 113304 9 701 5.12135 0
625 117264 9 631 5.00811 0
625 121224 11 680 6.06934 0
625 125184 8 636 4.16182 0
625 129144 9 626 5.31833 0
1296 136664 31 1615 14.6272 0
1296 144184 22 1310 9.4192 0
1296 151704 26 1827 10.9129 0
1296 159224 22 1712 7.6923 0
1296 166744 25 1454 10.9081 0
1296 174264 21 1588 7.98904 0
1296 181864 22 1431 9.24981 0
1296 189464 28 1594 12.1412 0
1296 197064 29 1498 13.2993 0
1296 204664 29 1880 12.3219 0
1296 212264 28 1472 13.0591 0
1296 219864 23 1306 9.94917 0
1296 227544 26 1546 11.5907 0
1296 235224 25 1373 11.7867 0
1296 242904 29 1435 13.8813 0
1296 250584 25 1397 10.9215 0
1296 258264 24 1392 11.1833 0
1296 265944 30 1482 14.538 0
1296 273704 29 1362 14.451 0
1296 281464 31 1703 15.946 0
1296 289224 26 1323 12.6914 0
1296 296984 27 1337 13.1797 0
1296 304744 30 1338 15.1722 0
1296 312504 26 1398 12.2939 0
1296 320344 28 1663 12.2041 0
1296 328184 30 1465 15.2216 0
1296 336024 30 1748 13.4017 0
1296 343864 30 1411 15.3756 0
1296 351704 29 1548 14.1752 0
1296 359544 27 1325 12.6577 0
1296 367464 28 1315 14.3878 0
1296 375384 40 2079 20.0822 0
1296 383304 38 1763 19.6247 0
1296 391224 29 1486 14.1427 0
1296 399144 28 1327 13.9573 0
1296 407064 35 1698 18.489 0
1296 415064 32 1559 16.1282 0
1296 423064 32 1618 15.7872 0
1296 431064 34 1556 17.9844 0
1296 439064 31 1592 15.401 0
1296 447064 33 1407 17.5757 0
1296 455064 31 1545 15.5851 0
1296 463144 33 1516 16.8465 0
1296 471224 33 1620 16.5138 0
1296 479304 31 1654 15.6072 0
1296 487384 35 1522 18.8073 0
1296 495464 39 1412 22.5751 0
1296 503544 38 1510 20.6423 0
1296 511704 32 1306 17.6071 0
1296 519864 34 1363 18.9157 0
1296 528024 35 1609 17.747 0
1296 536184 33 1328 17.6145 0
1296 544344 32 1340 17.5356 0
1296 552504 38 1407 21.8068 0
1296 560744 37 1379 21.2342 0
1296 568984 35 1335 19.9878 0
1296 577224 33 1299 18.6212 0
1296 585464 34 1539 18.0601 0
1296 593704 33 1592 16.8353 0
1296 601944 39 1531 21.504 0
1296 610264 36 1458 19.5227 0
1296 618584 38 1402 21.5014 0
1296 626904 41 1736 22.5395 0
1296 635224 32 1300 17.5462 0
1296 643544 36 1525 20.0363 0
1296 651864 42 1470 24.9979 0
1296 660264 42 1643 23.9001 0
1296 668664 39 1360 22.8892 0
1296 677064 35 1400 19.1502 0
1296 685464 40 1716 22.1844 0
1296 693864 37 1584 19.7553 0
1296 702264 37 1397 20.9801 0
2401 716612 88 3075 38.1426 0
2401 730960 94 3657 35.425 0
2401 745308 65 2414 23.4753 0
2401 759656 73 3067 25.8637 0
2401 774004 96 3154 41.9249 0
2401 788352 84 2476 38.7258 0
2401 802780 95 2956 44.8693 0
2401 817208 104 3185 47.3523 0
2401 831636 97 3076 38.9462 0
2401 846064 79 2906 32.0425 0
2401 860492 86 2647 39.5426 0
2401 874920 82 2573 36.9024 0
2401 889428 94 3724 37.0531 0
2401 903936 103 3212 48.8957 0
2401 918444 77 2978 28.3856 0
2401 932952 78 2438 34.8287 0
2401 947460 94 3144 43.5883 0
2401 961968 84 2456 39.2648 0
