1000 20094 76 1025 55.2268 0
1000 40170 71 1028 51.4336 0
1000 60264 70 1021 50.5883 0
1000 80354 73 1037 53.8935 0
1000 100442 76 1077 55.9085 0
1000 120518 76 1028 56.0747 0
200 121404 1 204 0.82768 0
200 122292 1 206 0.658295 0
200 123176 1 203 0.816131 0
200 124074 1 224 0.646425 0
200 124948 1 220 0.697754 0
200 125850 1 208 0.673373 0
400 129120 7 409 5.03538 0
400 132424 7 423 4.93336 0
400 135730 7 405 4.49353 0
400 139024 7 402 4.71457 0
400 142302 9 415 5.88808 0
400 145592 7 400 4.76975 0
600 152870 22 610 15.306 0
600 160152 21 600 14.6028 0
600 167442 21 603 15.2701 0
600 174728 21 624 15.0834 0
600 182030 22 642 15.4696 0
600 189324 22 617 15.5851 0
800 202184 44 832 31.5147 0
800 215062 43 860 30.9995 0
800 227940 40 806 28.6875 0
800 240818 43 826 31.3078 0
800 253692 44 804 31.78 0
800 266564 43 803 31.0682 0
1100 290832 89 1109 65.2286 0
1100 315106 91 1159 67.0351 0
1100 339384 90 1117 65.8028 0
1100 363652 90 1173 66.3052 0
1100 387940 91 1132 66.8833 0
1100 412202 91 1187 67.1801 0
1200 441064 112 1223 82.6625 0
1200 469924 109 1248 80.6908 0
1200 498782 111 1216 82.9342 0
1200 527654 112 1260 82.5817 0
1200 556540 112 1222 83.0475 0
1200 585412 110 1231 81.5637 0
1300 619276 132 1318 97.6663 0
1300 653152 135 1340 100.167 0
1300 687016 137 1325 101.937 0
1300 720876 133 1319 99.3287 0
1300 754750 133 1319 98.7182 0
1300 788628 129 1308 95.71 0
1400 827898 156 1419 115.783 0
1400 867174 160 1416 119.395 0
1400 906426 155 1400 114.812 0
1400 945686 159 1405 119.031 0
1400 984962 153 1402 113.357 0
1400 1024236 164 1482 122.793 0
1500 1069308 181 1525 134.699 0
1500 1114388 181 1539 135.267 0
1500 1159436 185 1512 138.869 0
1500 1204492 185 1501 138.602 0
1500 1249558 186 1582 139.095 0
1500 1294638 180 1534 133.451 0
1600 1345906 209 1613 156.213 0
1600 1397170 207 1606 154.733 0
1600 1448416 215 1615 162.427 0
1600 1499664 208 1611 155.446 0
1600 1550938 214 1651 160.388 0
1600 1602210 212 1685 159.179 0
1700 1660080 238 1710 178.1 0
1700 1717944 241 1760 180.795 0
1700 1775796 243 1737 182.625 0
1700 1833650 240 1712 181.155 0
1700 1891520 243 1720 182.5 0
1700 1949388 235 1713 175.943 0
1800 2014246 268 1838 201.084 0
1800 2079130 263 1812 196.921 0
1800 2143992 267 1807 199.972 0
1800 2208848 259 1801 192.387 0
1800 2273706 274 1836 205.778 0
1800 2338580 282 1846 212.749 0
1900 2410854 302 1939 227.449 0
1900 2483124 297 1915 221.796 0
1900 2555372 297 1901 222.633 0
1900 2627626 305 1900 230.523 0
1900 2699888 302 1951 226.662 0
1900 2772166 291 1901 217.433 0
2000 2852246 338 2012 255.059 0
2000 2932314 343 2068 260.007 0
2000 3012366 346 2006 261.987 0
2000 3092426 341 2010 256.649 0
2000 3172492 342 2024 258.766 0
2000 3252564 339 2022 255.903 0
2100 3340832 379 2109 285.24 0
2100 3429104 380 2110 286.923 0
2100 3517362 370 2100 277.933 0
2100 3605620 378 2119 284.32 0
2100 3693890 380 2101 286.855 0
2100 3782168 382 2225 289.139 0
2200 3879022 425 2205 321.563 0
2200 3975876 412 2216 311.567 0
2200 4072726 420 2269 318.239 0
2200 4169594 412 2233 310.52 0
2200 4266456 408 2206 307.932 0
2200 4363320 418 2310 315.332 0
2300 4469180 462 2323 351.372 0
2300 4575014 475 2324 361.639 0
2300 4680862 460 2330 348.627 0
2300 4786712 446 2301 336.389 0
2300 4892562 461 2317 350.42 0
2300 4998422 469 2367 354.811 0
2400 5113676 497 2400 375.862 0
2400 5228914 498 2401 377.108 0
2400 5344168 499 2470 378.091 0
2400 5459408 494 2402 372.915 0
2400 5574662 501 2405 380.397 0
2400 5689914 497 2432 375.271 0
2500 5814966 538 2506 408.492 0
2500 5940024 555 2521 422.011 0
2500 6065070 555 2517 421.028 0
2500 6190128 548 2568 415.737 0
2500 6315172 561 2564 428.078 0
2500 6440224 566 2618 432.218 0
2600 6575482 594 2604 452.303 0
2600 6710732 610 2638 465.535 0
2600 6845972 579 2608 439.053 0
2600 6981234 589 2602 445.418 0
2600 7116472 596 2617 453.525 0
2600 7251728 606 2609 461.725 0
2700 7397586 651 2751 494.916 0
2700 7543424 651 2767 494.786 0
2700 7689252 642 2756 486.25 0
2700 7835098 653 2800 497.917 0
2700 7980932 651 2726 496.226 0
2700 8126790 654 2706 500.161 0
