1000 99916 143 1012 103.319 0
1000 199830 150 1019 110.576 0
1000 299748 145 1012 106.286 0
1000 399660 136 1006 97.8142 0
1000 499580 145 1006 105.921 0
1000 599490 142 1011 103.778 0
200 603494 5 213 3.33446 0
200 607488 5 212 3.45188 0
200 611482 4 200 3.16187 0
200 615484 5 202 3.39092 0
200 619488 4 200 3.14743 0
200 623488 5 202 3.71013 0
400 639468 22 418 15.3852 0
400 655452 21 404 14.8472 0
400 671432 20 409 14.6233 0
400 687402 22 404 15.5732 0
400 703384 21 407 15.0673 0
400 719362 21 407 15.2646 0
600 755316 52 629 37.5947 0
600 791274 49 613 35.3144 0
600 827228 47 601 34.017 0
600 863192 48 607 34.2913 0
600 899150 47 606 33.7466 0
600 935116 51 619 37.2219 0
800 999060 91 811 65.5372 0
800 1063004 91 838 65.3242 0
800 1126940 90 813 65.4326 0
800 1190876 93 809 67.9006 0
800 1254820 92 817 66.098 0
800 1318758 91 812 65.9588 0
1100 1439672 177 1133 128.859 0
1100 1560580 178 1133 130.82 0
1100 1681482 181 1143 132.719 0
1100 1802386 184 1140 136.154 0
1100 1923290 174 1111 126.662 0
1100 2044200 175 1106 128.446 0
1200 2188102 209 1229 152.371 0
1200 2331992 218 1217 161.602 0
1200 2475882 197 1200 141.7 0
1200 2619774 212 1234 154.845 0
1200 2763672 219 1245 162.073 0
1200 2907570 204 1200 148.185 0
1300 3076462 256 1322 190.224 0
1300 3245344 253 1317 186.171 0
1300 3414230 255 1346 187.271 0
1300 3583128 249 1318 182.627 0
1300 3752012 243 1305 176.568 0
1300 3920904 238 1309 173.039 0
1400 4116786 279 1408 204.653 0
1400 4312658 286 1416 208.658 0
1400 4508530 288 1421 211.251 0
1400 4704416 291 1419 213.066 0
1400 4900294 298 1446 220.709 0
1400 5096168 289 1420 212.37 0
1500 5321038 347 1525 257.466 0
1500 5545910 341 1530 252.213 0
1500 5770774 339 1507 250.384 0
1500 5995644 343 1549 254.186 0
1500 6220512 318 1503 231.94 0
1500 6445382 342 1528 251.626 0
1600 6701244 377 1611 277.587 0
1600 6957106 394 1638 293.2 0
1600 7212958 378 1608 278.567 0
1600 7468820 377 1616 277.246 0
1600 7724676 385 1636 284.08 0
1600 7980544 385 1634 284.377 0
1700 8269390 421 1702 309.054 0
1700 8558240 447 1743 332.522 0
1700 8847086 437 1708 323.992 0
1700 9135932 435 1724 321.066 0
1700 9424780 445 1749 331.653 0
1700 9713632 434 1711 320.114 0
1800 10037474 503 1848 375.168 0
1800 10361314 476 1804 350.059 0
1800 10685156 486 1819 359.504 0
1800 11008998 482 1824 355.658 0
1800 11332840 480 1817 353.54 0
1800 11656680 457 1804 333.379 0
1900 12017516 562 1947 419.414 0
1900 12378344 519 1900 379.884 0
1900 12739172 564 1926 421.87 0
1900 13100004 554 1941 411.946 0
1900 13460832 541 1921 399.66 0
1900 13821656 566 1908 424.484 0
2000 14221474 577 2000 422.356 0
2000 14621296 627 2033 469.192 0
2000 15021116 613 2007 455.875 0
2000 15420932 596 2027 439.883 0
2000 15820752 623 2042 465.198 0
2000 16220574 625 2004 468.877 0
2100 16661384 664 2120 492.486 0
2100 17102196 687 2125 512.851 0
2100 17543004 646 2100 474.443 0
2100 17983810 672 2120 499.831 0
2100 18424616 693 2162 518.944 0
2100 18865424 653 2105 480.965 0
2200 19349224 738 2237 548.782 0
2200 19833022 763 2254 570.956 0
2200 20316818 764 2261 572.75 0
2200 20800610 743 2223 553.762 0
2200 21284410 728 2221 539.127 0
2200 21768212 729 2224 540.73 0
2300 22296994 805 2310 597.89 0
2300 22825778 794 2320 588.09 0
2300 23354562 794 2318 585.136 0
2300 23883344 829 2346 620.526 0
2300 24412134 793 2315 587.772 0
2300 24940916 805 2314 597.773 0
2400 25516696 896 2436 669.553 0
2400 26092478 891 2432 664.852 0
2400 26668254 849 2406 624.803 0
2400 27244026 896 2429 672.999 0
2400 27819806 906 2450 678.403 0
2400 28395574 893 2412 666.648 0
2500 29020342 938 2509 693.589 0
2500 29645108 919 2509 675.931 0
2500 30269874 956 2533 712.875 0
2500 30894644 957 2541 712.1 0
2500 31519412 952 2524 707.529 0
2500 32144182 972 2515 727.015 0
2600 32819942 1011 2603 746.288 0
2600 33495704 1017 2620 754.095 0
2600 34171464 1028 2639 763.012 0
2600 34847228 1061 2647 796.537 0
2600 35522992 1063 2654 795.156 0
2600 36198754 1060 2654 793.693 0
2700 36927502 1147 2725 863.602 0
2700 37656260 1113 2733 830.257 0
2700 38385006 1146 2753 858.759 0
2700 39113758 1095 2703 810.698 0
2700 39842508 1134 2758 847.715 0
2700 40571252 1114 2705 830.625 0
