1000 199806 206 1000 145.863 0
1000 399616 224 1014 163.229 0
1000 599420 206 1001 146.227 0
1000 799226 219 1020 158.245 0
1000 999034 213 1009 152.084 0
1000 1198840 203 1001 143.424 0
200 1206806 7 204 5.30518 0
200 1214776 8 202 5.5538 0
200 1222742 8 208 5.39372 0
200 1230714 8 202 5.54963 0
200 1238676 7 203 5.41008 0
200 1246646 7 201 5.21663 0
400 1278572 32 408 22.6598 0
400 1310496 30 407 21.1575 0
400 1342426 34 409 24.6867 0
400 1374352 32 406 22.7734 0
400 1406280 32 406 22.5418 0
400 1438206 30 407 21.0224 0
600 1510090 75 612 53.1672 0
600 1581978 71 604 49.989 0
600 1653864 71 604 49.2951 0
600 1725746 78 614 56.3131 0
600 1797636 72 606 50.2989 0
600 1869532 75 610 53.5888 0
800 1997382 143 819 103.282 0
800 2125230 136 809 98.2514 0
800 2253082 138 815 99.0868 0
800 2380934 132 815 93.8468 0
800 2508782 134 803 95.8704 0
800 2636632 128 800 89.7398 0
1100 2878416 263 1108 189.312 0
1100 3120208 268 1105 195.129 0
1100 3362006 246 1100 173.698 0
1100 3603794 247 1106 174.339 0
1100 3845584 265 1121 191.04 0
1100 4087378 270 1131 196.853 0
1200 4375144 326 1218 239.28 0
1200 4662914 327 1212 239.451 0
1200 4950678 328 1226 239.089 0
1200 5238444 302 1207 215.806 0
1200 5526212 311 1216 223.75 0
1200 5813986 319 1224 231.261 0
1300 6151734 360 1306 257.745 0
1300 6489484 379 1316 276.87 0
1300 6827226 379 1328 276.058 0
1300 7164976 344 1303 243.901 0
1300 7502722 365 1308 262.515 0
1300 7840468 358 1308 256.455 0
1400 8232196 439 1417 319.127 0
1400 8623926 446 1436 327.08 0
1400 9015648 442 1422 322.855 0
1400 9407376 443 1417 324.601 0
1400 9799100 421 1410 303.62 0
1400 10190828 412 1404 294.026 0
1500 10640538 470 1500 335.59 0
1500 11090246 473 1503 338.158 0
1500 11539950 492 1513 356.409 0
1500 11989658 502 1529 365.084 0
1500 12439360 481 1502 344.85 0
1500 12889066 488 1507 353.046 0
1600 13400752 538 1600 384.388 0
1600 13912442 584 1630 430.511 0
1600 14424130 565 1616 409.994 0
1600 14935818 572 1616 416.562 0
1600 15447502 570 1611 416.806 0
1600 15959192 549 1602 395.617 0
1700 16536856 614 1706 442.216 0
1700 17114528 662 1725 487.136 0
1700 17692196 633 1712 459.043 0
1700 18269866 642 1721 468.692 0
1700 18847534 662 1710 488.378 0
1700 19425204 614 1710 440.223 0
1800 20072854 751 1836 554.007 0
1800 20720506 750 1828 553.971 0
1800 21368154 712 1813 517.913 0
1800 22015800 694 1809 500.465 0
1800 22663446 730 1814 535.424 0
1800 23311096 721 1811 526.423 0
1900 24032726 821 1920 604.426 0
1900 24754350 822 1935 604.347 0
1900 25475982 773 1905 556.81 0
1900 26197612 767 1901 550.986 0
1900 26919238 794 1911 576.78 0
1900 27640870 767 1901 552.75 0
2000 28440480 911 2012 671.056 0
2000 29240090 901 2000 662.467 0
2000 30039698 916 2015 675.307 0
2000 30839306 900 2023 658.813 0
2000 31638912 841 2002 603.415 0
2000 32438526 921 2016 680.033 0
2100 33320112 997 2117 729.94 0
2100 34201702 1016 2101 751.465 0
2100 35083294 976 2114 710.786 0
2100 35964878 970 2116 705.757 0
2100 36846466 984 2101 719.344 0
2100 37728058 992 2111 726.275 0
2200 38695624 1125 2227 834.069 0
2200 39663198 1063 2207 773.516 0
2200 40630766 1052 2213 763.325 0
2200 41598328 1069 2208 778.831 0
2200 42565896 1108 2216 816.138 0
2200 43533466 1028 2200 739.199 0
2300 44591012 1150 2302 834.228 0
2300 45648560 1157 2306 839.682 0
2300 46706110 1229 2329 908.725 0
2300 47763658 1188 2320 869.895 0
2300 48821212 1160 2312 843.473 0
2300 49878764 1263 2307 944.714 0
2400 51030294 1326 2418 978.122 0
2400 52181822 1347 2400 1001.27 0
2400 53333356 1275 2404 929.608 0
2400 54484888 1333 2430 983.572 0
2400 55636414 1282 2404 937.418 0
2400 56787942 1363 2408 1017.88 0
2500 58037450 1419 2515 1045.66 0
2500 59286960 1346 2501 973.768 0
2500 60536466 1461 2523 1083.3 0
2500 61785972 1344 2500 970.925 0
2500 63035478 1474 2529 1099.17 0
2500 64284986 1491 2548 1110.62 0
2600 65636476 1467 2603 1064.42 0
2600 66987968 1513 2622 1106.24 0
2600 68339460 1493 2612 1089.02 0
2600 69690948 1499 2620 1093.53 0
2600 71042436 1461 2604 1058.72 0
2600 72393920 1475 2604 1071.55 0
2700 73851394 1665 2720 1228.7 0
2700 75308860 1694 2708 1255.82 0
2700 76766328 1599 2710 1166.14 0
2700 78223800 1600 2709 1164.34 0
2700 79681270 1691 2704 1256.94 0
2700 81138742 1607 2707 1171.48 0
