1024 3968 438 31315 129.306 0
1024 7936 444 34704 118.077 0
1024 11904 346 28852 78.4856 0
1024 15872 326 26345 85.3996 0
1024 19840 24 2109 5.73666 0
1024 23808 18 1637 4.36906 0
196 24536 1 255 0.515857 0
196 25264 1 208 0.449129 0
196 25992 9 1622 3.92539 0
196 26720 1 216 0.421219 0
196 27448 2 433 1.12635 0
196 28176 2 475 0.778597 0
400 29696 39 5573 11.5923 0
400 31216 64 7891 24.2376 0
400 32736 2 466 0.984555 0
400 34256 2 408 0.837305 0
400 35776 20 2543 7.29802 0
400 37296 4 613 1.58831 0
576 39504 181 18326 65.3768 0
576 41712 77 8631 23.4978 0
576 43920 109 13173 30.8657 0
576 46128 79 9631 21.648 0
576 48336 8 1018 2.51512 0
576 50544 62 7731 18.1939 0
784 53568 92 9685 22.3525 0
784 56592 32 2815 10.5824 0
784 59616 349 31493 105.684 0
784 62640 65 7227 16.7961 0
784 65664 53 5392 13.7042 0
784 68688 7 833 2.10577 0
1089 72912 1641 127198 388.285 0
1089 77136 17 1559 3.9225 0
1089 81360 16 1381 3.95041 0
1089 85584 16 1430 4.04697 0
1089 89808 72 6487 14.7574 0
1089 94032 361 25954 98.3288 0
1225 98792 22 1776 4.41397 0
1225 103552 993 73737 218.858 0
1225 108312 1479 106162 347.672 0
1225 113072 368 29279 74.4534 0
1225 117832 89 5906 24.637 0
1225 122592 146 11241 29.391 0
1296 127632 346 21870 89.8899 0
1296 132672 157 12786 30.8603 0
1296 137712 380 27385 82.6372 0
1296 142752 106 9166 18.8554 0
1296 147792 17 1316 3.90229 0
1296 152832 1590 106207 363.245 0
1369 158160 212 15922 35.4295 0
1369 163488 348 22388 79.9693 0
1369 168816 324 23553 59.098 0
1369 174144 856 51738 205.083 0
1369 179472 386 28737 66.422 0
1369 184800 19 1460 4.33249 0
1521 190728 1301 80071 296.234 0
1521 196656 626 40918 107.872 0
1521 202584 976 60246 198.97 0
1521 208512 210 15937 38.7893 0
1521 214440 22 1559 4.43836 0
1521 220368 2693 163663 552.427 0
1600 226608 1320 69040 336.491 0
1600 232848 41 2764 7.90467 0
1600 239088 1991 111554 442.21 0
1600 245328 2341 119254 625.191 0
1600 251568 8383 436241 2074.95 0
1600 257808 37 2571 7.32593 0
1681 264368 257 15234 52.8567 0
1681 270928 884 48451 183.063 0
1681 277488 501 27528 109.958 0
1681 284048 2636 158586 462.8 0
1681 290608 463 24649 109.795 0
1681 297168 97 6970 13.5217 0
1764 304056 970 56962 177.855 0
1764 310944 6987 367464 1466.07 0
1764 317832 1232 72501 196.855 0
1764 324720 2662 148732 502.205 0
1764 331608 817 49453 126.346 0
1764 338496 187 9892 39.5734 0
1936 346064 51 2974 8.7779 0
1936 353632 728 40930 107.254 0
1936 361200 128 6862 24.4159 0
1936 368768 4940 258764 869.976 0
1936 376336 244 14794 37.4352 0
1936 383904 6685 333494 1340.11 0
2025 391824 8223 388518 1684.04 0
2025 399744 898 44673 172.948 0
2025 407664 46 2544 8.49912 0
2025 415584 13052 586648 2997.15 0
2025 423504 1981 92372 422.462 0
2025 431424 4226 200949 830.402 0
2116 439704 71 3909 11.0585 0
2116 447984 3899 177710 793.788 0
2116 456264 2287 104874 423.16 0
2116 464544 4034 191479 784.482 0
2116 472824 11514 511047 2247.95 0
2116 481104 1525 67899 325.908 0
2209 489752 14794 612990 3185.44 0
2209 498400 597 24126 130.192 0
2209 507048 256 10924 56.8215 0
2209 515696 506 26086 74.5269 0
2209 524344 133 6254 24.7258 0
2209 532992 234 12631 35.1883 0
2304 542016 655 27286 131.122 0
2304 551040 1365 55145 292.683 0
2304 560064 2940 122291 598.942 0
2304 569088 2486 117575 360.85 0
2304 578112 1590 73916 230.405 0
2304 587136 234 11163 39.5926 0
2401 596544 1478 67418 229.791 0
2401 605952 2021 90531 314.54 0
2401 615360 9586 392599 1795.27 0
2401 624768 11022 471618 1892.09 0
2401 634176 61 2995 10.7194 0
2401 643584 17834 705281 3663.27 0
2500 653384 14788 584859 2891.8 0
2500 663184 466 23655 50.8462 0
2500 672984 2825 127932 332.915 0
2500 682784 1344 65946 182.927 0
2500 692584 105 5150 14.683 0
2500 702384 3069 135088 434.273 0
2601 712584 449 20729 54.3908 0
2601 722784 655 27915 94.0399 0
2601 732984 16585 656260 2787.96 0
2601 743184 1605 64118 253.871 0
2601 753384 5124 198123 895.122 0
2601 763584 1661 75656 237.84 0
2704 774192 32974 1184814 5969.05 0
2704 784800 298 12875 43.8918 0
2704 795408 817 36142 102.346 0
2704 806016 5602 214200 951.924 0
2704 816624 354 15523 44.2155 0
2704 827232 5035 206512 762.503 0
