1024 5196 14 1162 5.31031 0
1024 10392 13 1096 4.38639 0
1024 15588 16 1318 5.27566 0
1024 20784 15 1239 5.5384 0
1024 25980 16 1352 5.05912 0
1024 31176 14 1060 5.40463 0
196 32138 1 244 0.675939 0
196 33100 1 228 0.531255 0
196 34062 1 230 0.490834 0
196 35024 1 196 0.523556 0
196 35986 1 197 0.453941 0
196 36948 1 198 0.466132 0
400 38948 3 403 1.22067 0
400 40948 4 538 1.59312 0
400 42948 3 487 1.41219 0
400 44948 3 407 1.50137 0
400 46948 3 421 1.35412 0
400 48948 3 427 1.19147 0
576 51846 5 618 2.15742 0
576 54744 4 578 1.62136 0
576 57642 5 577 1.9797 0
576 60540 6 692 2.41182 0
576 63438 5 593 2.29344 0
576 66336 5 598 1.85811 0
784 70300 10 941 4.03831 0
784 74264 12 1165 4.5346 0
784 78228 11 1037 3.96934 0
784 82192 15 1364 5.45018 0
784 86156 9 791 3.64661 0
784 90120 9 895 3.40119 0
1089 95664 14 1109 5.13226 0
1089 101208 17 1295 6.10912 0
1089 106752 17 1234 6.23904 0
1089 112296 14 1128 4.88813 0
1089 117840 16 1318 5.83836 0
1089 123384 15 1269 5.07997 0
1225 129584 18 1249 6.40843 0
1225 135784 23 1478 8.72625 0
1225 141984 18 1456 5.23941 0
1225 148184 21 1416 8.0423 0
1225 154384 33 2088 10.8734 0
1225 160584 20 1465 6.88033 0
1296 167184 20 1417 6.795 0
1296 173784 19 1310 7.11966 0
1296 180384 20 1301 7.52997 0
1296 186984 32 1885 11.4903 0
1296 193584 20 1416 6.42832 0
1296 200184 22 1449 7.74908 0
1369 207192 22 1481 7.62268 0
1369 214200 24 1453 9.06631 0
1369 221208 30 1764 10.5741 0
1369 228216 23 1473 7.74812 0
1369 235224 24 1498 9.03487 0
1369 242232 25 1663 8.23414 0
1521 249960 27 1598 9.40797 0
1521 257688 25 1541 8.17896 0
1521 265416 28 1725 9.14908 0
1521 273144 30 1711 10.424 0
1521 280872 28 1587 10.6947 0
1521 288600 32 1714 11.8548 0
1600 296760 31 1645 11.6029 0
1600 304920 32 1610 12.9795 0
1600 313080 40 2084 14.579 0
1600 321240 38 2043 13.1983 0
1600 329400 37 2146 11.789 0
1600 337560 31 1759 10.661 0
1681 346160 33 1695 12.6568 0
1681 354760 45 2101 17.0371 0
1681 363360 33 1785 12.0145 0
1681 371960 35 2066 10.4426 0
1681 380560 35 1883 11.8625 0
1681 389160 37 2039 10.9799 0
1764 398208 44 2467 14.2714 0
1764 407256 46 2425 14.9852 0
1764 416304 43 2300 12.983 0
1764 425352 38 2045 12.8268 0
1764 434400 43 2000 16.4314 0
1764 443448 34 1793 11.8172 0
1936 453296 45 2346 13.0985 0
1936 463144 49 2336 16.5302 0
1936 472992 47 2240 16.1863 0
1936 482840 50 2473 14.8132 0
1936 492688 51 2564 15.5578 0
1936 502536 60 2949 18.0476 0
2025 512856 77 3255 26.3639 0
2025 523176 70 2805 26.3161 0
2025 533496 43 2145 13.5117 0
2025 543816 49 2108 18.3957 0
2025 554136 46 2124 16.312 0
2025 564456 44 2162 13.3625 0
2116 575256 55 2243 20.9137 0
2116 586056 48 2231 15.6156 0
2116 596856 53 2571 15.8344 0
2116 607656 77 3106 26.3411 0
2116 618456 56 2646 15.8658 0
2116 629256 56 2411 18.7072 0
2209 640544 56 2490 18.1557 0
2209 651832 72 2909 23.9844 0
2209 663120 58 2382 20.3901 0
2209 674408 69 2791 23.6521 0
2209 685696 74 3258 22.3669 0
2209 696984 57 2426 19.1323 0
2304 708768 77 2924 26.0674 0
2304 720552 65 2633 22.2758 0
2304 732336 61 2366 21.4757 0
2304 744120 104 3610 39.1249 0
2304 755904 60 2409 21.0802 0
2304 767688 91 3089 35.63 0
2401 779976 86 3581 26.9115 0
2401 792264 80 2877 28.7799 0
2401 804552 68 2594 23.4147 0
2401 816840 66 2527 22.8587 0
2401 829128 93 3300 31.8121 0
2401 841416 65 2428 22.776 0
2500 854216 105 3803 30.3207 0
2500 867016 81 3271 23.5976 0
2500 879816 82 2902 29.6348 0
2500 892616 78 3180 24.1372 0
2500 905416 113 4043 37.8138 0
2500 918216 70 2597 24.286 0
2601 931536 76 2783 25.1198 0
2601 944856 79 2907 24.8073 0
2601 958176 84 2813 31.6918 0
2601 971496 89 3137 29.519 0
2601 984816 76 2633 26.8544 0
2601 998136 109 3956 31.3476 0
2704 1011984 84 2948 27.8903 0
2704 1025832 84 2936 28.3458 0
2704 1039680 84 3190 26.6622 0
2704 1053528 152 4415 58.5792 0
2704 1067376 81 2768 28.323 0
2704 1081224 107 3888 34.0087 0
