1024 4376 36 3214 9.39321 0
1024 8752 11 1093 3.2873 0
1024 13128 18 1719 4.96961 0
1024 17504 12 1141 3.33895 0
1024 21880 37 2622 11.9565 0
1024 26256 25 2564 5.46943 0
196 27062 1 245 0.434693 0
196 27868 1 218 0.416407 0
196 28674 1 274 0.514253 0
196 29480 1 204 0.395233 0
196 30286 1 205 0.46934 0
196 31092 1 203 0.393629 0
400 32772 3 472 1.40674 0
400 34452 2 433 0.993858 0
400 36132 3 421 1.10069 0
400 37812 6 1059 2.0445 0
400 39492 2 445 0.850137 0
400 41172 3 520 1.12154 0
576 43610 10 1287 3.13267 0
576 46048 6 897 1.96718 0
576 48486 7 971 2.36466 0
576 50924 4 617 1.63932 0
576 53362 6 732 2.17122 0
576 55800 11 1490 3.12979 0
784 59136 13 1579 3.6604 0
784 62472 8 902 2.72942 0
784 65808 17 1945 4.47749 0
784 69144 11 1268 3.0082 0
784 72480 15 1712 4.25646 0
784 75816 9 983 2.85293 0
1089 80480 18 1474 5.78959 0
1089 85144 16 1388 4.79188 0
1089 89808 33 2725 8.93927 0
1089 94472 17 1455 5.27053 0
1089 99136 21 1678 6.09083 0
1089 103800 23 2149 5.89225 0
1225 109040 32 2292 9.39866 0
1225 114280 26 2051 7.3593 0
1225 119520 26 1970 7.64417 0
1225 124760 36 3180 7.71347 0
1225 130000 47 3428 12.8675 0
1225 135240 20 1608 5.33373 0
1296 140800 20 1653 4.49353 0
1296 146360 31 2518 7.20948 0
1296 151920 18 1353 5.12649 0
1296 157480 22 1846 5.51017 0
1296 163040 31 2151 9.89399 0
1296 168600 23 1878 6.04399 0
1369 174488 26 2039 6.76228 0
1369 180376 38 3135 8.18249 0
1369 186264 18 1380 5.24422 0
1369 192152 26 1702 8.00861 0
1369 198040 32 1987 9.88757 0
1369 203928 48 3861 9.81924 0
1521 210456 22 1611 5.26347 0
1521 216984 38 2171 11.0059 0
1521 223512 40 2695 9.69188 0
1521 230040 24 1762 5.57144 0
1521 236568 37 2149 11.1657 0
1521 243096 32 2091 9.33579 0
1600 249976 50 3344 10.3037 0
1600 256856 66 4369 13.6673 0
1600 263736 58 3141 16.6447 0
1600 270616 70 4922 12.3818 0
1600 277496 32 2057 8.77566 0
1600 284376 92 6126 19.3992 0
1681 291616 80 4927 18.0492 0
1681 298856 57 3019 16.8799 0
1681 306096 64 3173 19.6866 0
1681 313336 29 1860 7.24541 0
1681 320576 38 2327 9.55714 0
1681 327816 54 2804 15.2993 0
1764 335424 47 2817 12.4466 0
1764 343032 63 2952 21.1909 0
1764 350640 45 2541 12.386 0
1764 358248 71 4073 17.4252 0
1764 365856 72 4654 12.4762 0
1764 373464 38 2256 9.40636 0
1936 381792 86 5025 13.0414 0
1936 390120 170 7984 42.0321 0
1936 398448 41 2445 9.49009 0
1936 406776 108 6775 17.0441 0
1936 415104 84 3961 24.7967 0
1936 423432 93 4568 22.699 0
2025 432152 111 5957 22.0179 0
2025 440872 75 3312 23.3865 0
2025 449592 543 17534 195.072 0
2025 458312 50 2719 11.6931 0
2025 467032 70 3689 15.0179 0
2025 475752 66 3313 17.5215 0
2116 484872 113 4446 37.8215 0
2116 493992 117 6514 20.0729 0
2116 503112 139 6825 33.4989 0
2116 512232 88 3635 28.3195 0
2116 521352 116 4942 32.4492 0
2116 530472 59 2928 14.8222 0
2209 540000 152 5162 53.856 0
2209 549528 151 5269 54.2901 0
2209 559056 126 6678 27.6115 0
2209 568584 141 7969 22.9152 0
2209 578112 232 7925 70.0846 0
2209 587640 61 2738 17.2761 0
2304 597584 64 3102 12.8849 0
2304 607528 62 2848 16.3913 0
2304 617472 82 4248 16.5196 0
2304 627416 122 6010 26.0145 0
2304 637360 70 3104 20.513 0
2304 647304 103 5415 17.193 0
2401 657672 152 5142 47.1823 0
2401 668040 152 5586 43.7314 0
2401 678408 279 10356 68.2275 0
2401 688776 183 5701 65.8837 0
2401 699144 61 2780 16.287 0
2401 709512 132 7026 18.5843 0
2500 720312 325 10668 87.772 0
2500 731112 81 3301 20.1976 0
2500 741912 81 3265 22.426 0
2500 752712 241 9844 57.1831 0
2500 763512 176 6025 48.3112 0
2500 774312 152 6842 22.4003 0
2601 785552 60 2716 14.0026 0
2601 796792 97 4094 21.9489 0
2601 808032 113 5340 19.7325 0
2601 819272 110 4152 29.2925 0
2601 830512 341 9889 118.254 0
2601 841752 77 3366 16.9886 0
2704 853440 160 5492 43.5328 0
2704 865128 163 6756 30.8564 0
2704 876816 109 4675 21.5136 0
2704 888504 208 8549 38.7775 0
2704 900192 132 5755 29.1581 0
2704 911880 328 10949 86.0464 0
