1024 4786 11 1031 3.27864 0
1024 9572 13 1149 3.98794 0
1024 14358 15 1305 4.09798 0
1024 19144 13 1187 3.58084 0
1024 23930 18 1454 5.54289 0
1024 28716 18 1652 4.80953 0
196 29600 1 265 0.487947 0
196 30484 1 224 0.498212 0
196 31368 1 200 0.445921 0
196 32252 1 237 0.447525 0
196 33136 1 267 0.526764 0
196 34020 2 408 1.06219 0
400 35860 3 492 1.25756 0
400 37700 2 412 1.06604 0
400 39540 2 410 0.921998 0
400 41380 4 654 1.61013 0
400 43220 4 598 1.34033 0
400 45060 3 486 1.15202 0
576 47728 5 677 1.8918 0
576 50396 7 912 2.19688 0
576 53064 4 581 1.52479 0
576 55732 4 586 1.46576 0
576 58400 4 581 1.79106 0
576 61068 7 944 2.06696 0
784 64718 10 1013 3.58052 0
784 68368 11 1183 3.20678 0
784 72018 7 791 2.4731 0
784 75668 7 816 2.2819 0
784 79318 10 1150 3.22475 0
784 82968 9 1042 2.50486 0
1089 88072 14 1305 3.94464 0
1089 93176 20 1570 6.88547 0
1089 98280 15 1233 4.77777 0
1089 103384 15 1231 4.47493 0
1089 108488 13 1119 3.80476 0
1089 113592 13 1090 4.14899 0
1225 119312 30 1915 10.8949 0
1225 125032 18 1402 5.62887 0
1225 130752 15 1233 4.19294 0
1225 136472 34 2548 10.347 0
1225 142192 23 1886 6.26952 0
1225 147912 25 1868 7.06512 0
1296 153992 18 1414 4.7659 0
1296 160072 20 1562 5.76906 0
1296 166152 25 2133 5.81077 0
1296 172232 17 1348 5.06072 0
1296 178312 19 1501 4.9401 0
1296 184392 20 1465 6.69042 0
1369 190840 21 1637 5.40751 0
1369 197288 18 1453 4.9077 0
1369 203736 20 1446 5.71228 0
1369 210184 41 2239 14.8068 0
1369 216632 36 2220 12.1862 0
1369 223080 20 1544 5.78735 0
1521 230208 29 1873 8.1812 0
1521 237336 23 1556 6.66283 0
1521 244464 29 1954 8.0301 0
1521 251592 33 2061 9.62965 0
1521 258720 24 1720 6.15627 0
1521 265848 29 2082 7.19793 0
1600 273368 33 1947 9.84491 0
1600 280888 35 2469 8.8472 0
1600 288408 28 1841 7.74459 0
1600 295928 26 1740 6.71961 0
1600 303448 40 2367 13.0469 0
1600 310968 25 1607 6.92011 0
1681 318888 55 3644 13.5839 0
1681 326808 30 1853 8.48629 0
1681 334728 49 3355 10.4224 0
1681 342648 41 2668 9.29601 0
1681 350568 43 2226 14.7385 0
1681 358488 30 1982 8.10678 0
1764 366816 58 3238 15.2046 0
1764 375144 31 1864 8.96718 0
1764 383472 30 1847 8.02241 0
1764 391800 36 2002 10.5042 0
1764 400128 31 1819 8.74069 0
1764 408456 32 1940 8.96975 0
1936 417544 33 1955 7.83024 0
1936 426632 36 2156 9.1648 0
1936 435720 55 3284 11.993 0
1936 444808 87 4172 25.1811 0
1936 453896 56 2782 17.04 0
1936 462984 58 2931 17.047 0
2025 472504 41 2185 10.9863 0
2025 482024 43 2316 11.0906 0
2025 491544 36 2059 8.77085 0
2025 501064 41 2301 9.41823 0
2025 510584 146 6016 44.8375 0
2025 520104 45 2498 11.1147 0
2116 530064 66 2779 21.1761 0
2116 540024 103 4596 30.3614 0
2116 549984 66 3835 13.3263 0
2116 559944 47 2433 11.1644 0
2116 569904 38 2144 8.67781 0
2116 579864 55 2830 13.3658 0
2209 590272 58 2642 16.6335 0
2209 600680 67 3057 16.8516 0
2209 611088 234 8274 76.1809 0
2209 621496 65 3167 14.1222 0
2209 631904 53 2755 11.7762 0
2209 642312 55 2913 11.5872 0
2304 653176 52 2570 12.2724 0
2304 664040 76 3132 22.8302 0
2304 674904 47 2421 10.4227 0
2304 685768 74 3384 19.4271 0
2304 696632 54 2757 11.1859 0
2304 707496 85 3286 27.4238 0
2401 718824 75 3399 18.7665 0
2401 730152 59 2940 13.726 0
2401 741480 67 3024 15.8587 0
2401 752808 63 2831 16.3473 0
2401 764136 63 2680 18.3703 0
2401 775464 63 2972 14.2942 0
2500 787264 53 2519 11.507 0
2500 799064 123 4577 34.6923 0
2500 810864 76 3404 16.5806 0
2500 822664 144 4377 53.9635 0
2500 834464 94 3495 28.4972 0
2500 846264 124 4266 39.4335 0
2601 858544 57 2692 11.7146 0
2601 870824 88 4252 17.3665 0
2601 883104 67 2842 16.961 0
2601 895384 73 3096 17.2652 0
2601 907664 276 7101 104.729 0
2601 919944 73 3237 17.1468 0
2704 932712 219 6244 76.8482 0
2704 945480 163 5997 40.7578 0
2704 958248 131 4635 32.5272 0
2704 971016 66 2751 17.0659 0
2704 983784 123 4035 40.9859 0
2704 996552 67 2784 17.2854 0
