1000 5400 31 2479 9.64504 0
1000 10800 19 1534 5.6725 0
1000 16200 27 2178 7.34903 0
1000 21600 25 1963 7.65957 0
1000 27000 15 1232 4.52401 0
1000 32400 39 3238 10.3264 0
216 33480 2 315 0.866498 0
216 34560 1 264 0.670806 0
216 35640 1 221 0.535426 0
216 36720 6 981 3.07685 0
216 37800 1 218 0.54088 0
216 38880 2 286 0.93098 0
343 40644 2 429 1.09267 0
343 42408 2 350 1.03524 0
343 44172 15 1676 6.77511 0
343 45936 3 371 1.18891 0
343 47700 3 544 1.38492 0
343 49464 3 478 1.31306 0
512 52152 5 545 2.00632 0
512 54840 10 1265 3.41338 0
512 57528 13 1306 5.22979 0
512 60216 4 554 1.69386 0
512 62904 12 1353 4.60646 0
512 65592 4 541 1.69995 0
729 69480 38 3260 15.1129 0
729 73368 32 2947 11.8724 0
729 77256 10 956 3.63024 0
729 81144 11 1164 3.76049 0
729 85032 12 1261 4.30233 0
729 88920 12 1337 3.68991 0
1000 94320 13 1031 3.98506 0
1000 99720 21 1721 5.97887 0
1000 105120 47 3890 12.6741 0
1000 110520 395 27611 126.979 0
1000 115920 15 1320 4.55 0
1000 121320 14 1202 4.54454 0
1000 126720 13 1031 4.36874 0
1000 132120 21 1721 6.16397 0
1000 137520 47 3890 12.5121 0
1000 142920 394 27611 127.018 0
1000 148320 16 1320 4.62539 0
1000 153720 15 1202 4.53139 0
1000 159120 13 1031 4.17818 0
1000 164520 21 1721 6.15403 0
1000 169920 47 3890 12.4967 0
1000 175320 393 27611 126.889 0
1000 180720 15 1320 4.51246 0
1000 186120 14 1202 4.59331 0
1331 193380 59 3990 15.9867 0
1331 200640 64 4360 16.4769 0
1331 207900 56 3904 13.0918 0
1331 215160 24 1623 6.49055 0
1331 222420 95 6419 21.5348 0
1331 229680 337 20740 86.4724 0
1331 236940 58 3990 15.7651 0
1331 244200 65 4360 16.7451 0
1331 251460 56 3904 13.2236 0
1331 258720 24 1623 6.44083 0
1331 265980 95 6419 21.878 0
1331 273240 335 20740 85.5815 0
1331 280500 59 3990 16.0169 0
1331 287760 65 4360 16.6316 0
1331 295020 57 3904 13.3395 0
1331 302280 25 1623 6.80655 0
1331 309540 94 6419 21.5553 0
1331 316800 336 20740 85.9687 0
1331 324060 58 3990 15.7753 0
1331 331320 65 4360 16.7102 0
1331 338580 265 14817 83.5146 0
1331 345840 23 1623 6.2955 0
1331 353100 95 6419 21.6631 0
1331 360360 336 20740 85.6534 0
1728 369864 32 1799 8.19404 0
1728 379368 37 2059 9.73455 0
1728 388872 31 1767 7.95279 0
1728 398376 83 4871 19.7238 0
1728 407880 87 4460 23.6081 0
1728 417384 237 12889 49.4331 0
1728 426888 32 1799 8.28803 0
1728 436392 220 12089 51.004 0
1728 445896 31 1767 7.92616 0
1728 455400 82 4871 19.2622 0
1728 464904 86 4460 23.3961 0
1728 474408 235 12889 49.0911 0
1728 483912 32 1799 8.31947 0
1728 493416 219 12089 50.8882 0
1728 502920 32 1767 8.23125 0
1728 512424 82 4871 19.3806 0
1728 521928 86 4460 23.2912 0
1728 531432 236 12889 49.2431 0
1728 540936 44 2471 10.7663 0
1728 550440 220 12089 51.1818 0
1728 559944 31 1767 7.9236 0
1728 569448 83 4871 19.9875 0
1728 578952 88 4460 23.5421 0
1728 588456 142 7858 29.5338 0
2197 600624 116 5412 24.0906 0
2197 612792 89 4123 20.615 0
2197 624960 258 11328 63.8418 0
2197 637128 52 2459 12.473 0
2197 649296 7884 302864 2340.29 0
2197 661464 845 36611 208.734 0
2197 673632 116 5412 23.9206 0
2197 685800 90 4123 21.0741 0
2197 697968 260 11328 64.3303 0
2197 710136 101 4808 20.9916 0
2197 722304 7880 302864 2339.42 0
2197 734472 844 36611 208.843 0
2197 746640 115 5412 23.4282 0
2197 758808 89 4123 20.6699 0
2197 770976 2124 84083 578.582 0
2197 783144 103 4808 21.5187 0
2197 795312 7892 302864 2344.72 0
2197 807480 848 36611 210.06 0
2197 819648 115 5412 23.4089 0
2197 831816 53 2435 13.3805 0
2197 843984 2124 84083 577.301 0
2197 856152 103 4808 21.2765 0
2197 868320 7868 302864 2334.19 0
2197 880488 844 36611 208.819 0
2197 892656 103 4816 21.888 0
2197 904824 54 2435 13.5759 0
2197 916992 2126 84083 578.194 0
2197 929160 102 4808 21.1812 0
2197 941328 7869 302864 2335.56 0
2197 953496 101 5038 23.4509 0
2197 965664 103 4816 21.914 0
2197 977832 53 2435 13.1896 0
2197 990000 2125 84083 578.737 0
2197 1002168 102 4808 21.0378 0
2197 1014336 197 10398 34.1043 0
2197 1026504 102 5038 23.3319 0
