1000 5800 13 1116 4.7181 0
1000 11600 38 3235 11.4175 0
1000 17400 13 1042 4.8538 0
1000 23200 31 2288 11.8471 0
1000 29000 12 1016 4.4406 0
1000 34800 14 1008 5.70009 0
216 35966 1 272 0.633913 0
216 37132 1 240 0.63648 0
216 38298 2 299 0.876122 0
216 39464 1 230 0.578093 0
216 40630 1 274 0.717644 0
216 41796 1 223 0.580339 0
343 43696 2 381 1.18955 0
343 45596 2 356 0.964986 0
343 47496 2 352 1.10069 0
343 49396 3 533 1.36888 0
343 51296 2 349 1.02209 0
343 53196 2 371 1.12828 0
512 56088 5 722 1.77598 0
512 58980 4 555 1.67814 0
512 61872 5 644 2.1401 0
512 64764 8 1090 3.09289 0
512 67656 5 617 2.15261 0
512 70548 4 539 1.82058 0
729 74726 10 1057 3.75408 0
729 78904 13 1244 4.71168 0
729 83082 8 883 2.75252 0
729 87260 8 793 3.51508 0
729 91438 9 918 3.12337 0
729 95616 9 932 3.4769 0
1000 101456 12 1020 4.26608 0
1000 107296 13 1136 4.61897 0
1000 113136 12 1065 4.03607 0
1000 118976 12 1016 4.38927 0
1000 124816 13 1028 4.98982 0
1000 130656 16 1375 4.40082 0
1000 136536 16 1171 7.00513 0
1000 142416 13 1004 5.04564 0
1000 148296 13 1130 4.15027 0
1000 154176 13 1092 4.5439 0
1000 160056 19 1347 8.00829 0
1000 165936 18 1364 6.7488 0
1000 171856 20 1369 8.35572 0
1000 177776 17 1515 5.6587 0
1000 183696 15 1171 5.59294 0
1000 189616 12 1072 3.91095 0
1000 195536 11 1012 3.72905 0
1000 201456 24 1702 9.09005 0
1331 209276 22 1352 9.11347 0
1331 217096 24 1455 9.14074 0
1331 224916 23 1416 8.74775 0
1331 232736 21 1541 6.46746 0
1331 240556 37 1951 15.229 0
1331 248376 36 2322 11.03 0
1331 256236 21 1377 7.79848 0
1331 264096 27 1780 8.6082 0
1331 271956 39 2365 13.6275 0
1331 279816 32 1797 12.71 0
1331 287676 22 1405 8.06186 0
1331 295536 24 1538 8.50394 0
1331 303436 26 1439 11.5798 0
1331 311336 68 3705 24.5712 0
1331 319236 21 1346 7.43886 0
1331 327136 21 1600 6.13735 0
1331 335036 44 3069 13.2147 0
1331 342936 29 1468 13.8219 0
1331 350876 23 1397 9.13913 0
1331 358816 19 1360 6.22878 0
1331 366756 24 1368 10.168 0
1331 374696 30 1882 10.569 0
1331 382636 22 1575 7.04427 0
1331 390576 31 1530 14.2916 0
1728 400800 39 2487 8.98771 0
1728 411024 31 2001 7.47286 0
1728 421248 55 2964 17.5305 0
1728 431472 74 3216 27.1976 0
1728 441696 45 2075 17.1365 0
1728 451920 48 2581 15.1725 0
1728 462184 29 1733 8.40801 0
1728 472448 44 2470 13.1508 0
1728 482712 33 1943 9.80224 0
1728 492976 42 2201 13.3475 0
1728 503240 34 1999 9.63767 0
1728 513504 41 1823 16.8427 0
1728 523808 39 1733 16.5802 0
1728 534112 38 2376 9.49876 0
1728 544416 59 2331 25.6045 0
1728 554720 34 1809 11.6703 0
1728 565024 52 2616 18.1865 0
1728 575328 44 2358 14.8607 0
1728 585672 66 4031 17.0778 0
1728 596016 33 1913 9.89624 0
1728 606360 50 2097 21.4004 0
1728 616704 38 2027 13.385 0
1728 627048 36 1906 12.8996 0
1728 637392 66 3834 17.9668 0
2197 650440 58 2247 22.9037 0
2197 663488 52 2366 16.2639 0
2197 676536 114 5737 23.8487 0
2197 689584 69 3598 15.7035 0
2197 702632 66 2392 26.7995 0
2197 715680 149 5743 43.8523 0
2197 728768 92 3512 31.0541 0
2197 741856 46 2264 12.4569 0
2197 754944 68 2262 30.0239 0
2197 768032 76 2294 36.5119 0
2197 781120 74 2459 32.5481 0
2197 794208 113 6033 28.0324 0
2197 807336 63 2667 20.6833 0
2197 820464 63 3242 13.9856 0
2197 833592 60 2545 21.0128 0
2197 846720 63 3064 17.8949 0
2197 859848 60 2924 16.0374 0
2197 872976 63 2770 20.3558 0
2197 886144 57 2271 21.7372 0
2197 899312 62 2500 23.4747 0
2197 912480 74 2683 30.5764 0
2197 925648 87 4566 22.2752 0
2197 938816 56 2559 17.4907 0
2197 951984 65 2312 27.2766 0
2197 965192 58 2304 21.656 0
2197 978400 65 2774 23.1401 0
2197 991608 81 3419 27.6596 0
2197 1004816 99 3574 36.0731 0
2197 1018024 56 2227 21.2371 0
2197 1031232 100 4102 34.5948 0
2197 1044480 72 2842 26.4762 0
2197 1057728 54 2476 16.8414 0
2197 1070976 64 2318 26.4396 0
2197 1084224 63 2635 21.5575 0
2197 1097472 64 2615 23.1378 0
2197 1110720 64 2685 22.6178 0
