1000 6600 22 1010 11.5769 0
1000 13200 20 1005 10.5054 0
1000 19800 21 1037 11.2581 0
1000 26400 22 1040 12.1213 0
1000 33000 23 1262 11.0483 0
1000 39600 21 1018 11.0354 0
216 40938 1 223 0.68845 0
216 42276 1 220 0.809074 0
216 43614 1 222 0.721494 0
216 44952 2 222 0.972364 0
216 46290 1 221 0.693263 0
216 47628 1 218 0.774427 0
343 49802 3 347 1.94858 0
343 51976 3 347 1.95243 0
343 54150 3 346 1.85907 0
343 56324 3 376 1.63355 0
343 58498 4 390 2.16416 0
343 60672 3 355 1.67557 0
512 63974 5 519 2.69702 0
512 67276 7 588 3.85962 0
512 70578 5 545 2.73744 0
512 73880 6 521 3.19299 0
512 77182 7 531 3.77653 0
512 80484 7 584 3.42621 0
729 85246 12 766 6.50018 0
729 90008 12 737 6.23455 0
729 94770 11 745 5.33405 0
729 99532 11 766 5.6802 0
729 104294 13 870 6.36448 0
729 109056 13 765 7.31888 0
1000 115776 22 1065 11.6296 0
1000 122496 24 1032 13.0565 0
1000 129216 22 1047 11.9241 0
1000 135936 22 1028 12.1855 0
1000 142656 26 1111 13.8252 0
1000 149376 23 1056 12.1204 0
1000 156216 25 1019 13.7918 0
1000 163056 23 1061 12.2381 0
1000 169896 23 1000 12.9343 0
1000 176736 26 1133 14.3676 0
1000 183576 24 1054 13.1912 0
1000 190416 22 1164 10.712 0
1000 197376 23 1010 12.8297 0
1000 204336 25 1040 14.1344 0
1000 211296 25 1071 14.0022 0
1000 218256 25 1015 14.0799 0
1000 225216 23 1080 12.2285 0
1000 232176 25 1057 13.6901 0
1331 241116 39 1512 20.6593 0
1331 250056 35 1331 17.953 0
1331 258996 37 1461 19.2769 0
1331 267936 39 1565 20.5483 0
1331 276876 41 1647 21.118 0
1331 285816 38 1384 20.0465 0
1331 294876 43 1346 24.533 0
1331 303936 42 1474 22.7211 0
1331 312996 38 1502 20.0552 0
1331 322056 40 1363 21.9971 0
1331 331116 40 1338 22.5248 0
1331 340176 39 1427 20.3901 0
1331 349356 40 1621 20.1906 0
1331 358536 41 1537 21.6352 0
1331 367716 40 1334 22.2778 0
1331 376896 43 1643 22.3021 0
1331 386076 42 1411 22.9428 0
1331 395256 37 1377 20.1752 0
1331 404556 40 1375 22.0715 0
1331 413856 41 1510 21.4501 0
1331 423156 40 1435 21.2634 0
1331 432456 44 1567 23.0647 0
1331 441756 44 1599 22.5559 0
1331 451056 41 1422 22.7147 0
1728 462720 61 1910 31.4259 0
1728 474384 65 2086 32.7903 0
1728 486048 62 1732 33.8149 0
1728 497712 60 1782 31.636 0
1728 509376 68 2066 35.8004 0
1728 521040 64 1734 35.0856 0
1728 532824 60 1739 31.8641 0
1728 544608 68 1966 36.6326 0
1728 556392 67 1950 35.9614 0
1728 568176 74 2298 37.3553 0
1728 579960 64 2026 32.3857 0
1728 591744 62 1894 32.7239 0
1728 603648 66 1999 34.8319 0
1728 615552 71 1959 38.7085 0
1728 627456 65 2236 32.0649 0
1728 639360 66 1999 34.9255 0
1728 651264 63 1736 34.3946 0
1728 663168 64 1743 35.3766 0
1728 675192 66 1797 36.1202 0
1728 687216 66 1803 36.2206 0
1728 699240 65 1797 35.3445 0
1728 711264 66 1821 36.3239 0
1728 723288 65 2065 32.8567 0
1728 735312 68 1836 36.9126 0
2197 750120 100 2389 52.2289 0
2197 764928 104 2384 55.5322 0
2197 779736 103 2330 56.058 0
2197 794544 113 2738 58.5465 0
2197 809352 100 2794 49.9034 0
2197 824160 108 2677 56.5787 0
2197 839088 95 2199 50.6528 0
2197 854016 148 3500 73.1509 0
2197 868944 108 2379 59.0839 0
2197 883872 96 2317 50.8375 0
2197 898800 100 2256 54.8447 0
2197 913728 106 3024 51.4493 0
2197 928776 97 2210 52.5693 0
2197 943824 101 2200 55.8758 0
2197 958872 112 2774 56.9938 0
2197 973920 112 2551 59.6517 0
2197 988968 103 2536 53.3421 0
2197 1004016 100 2470 51.8901 0
2197 1019184 106 2217 59.4047 0
2197 1034352 107 2878 53.2786 0
2197 1049520 103 2299 56.6207 0
2197 1064688 104 2489 55.2249 0
2197 1079856 102 2306 55.6471 0
2197 1095024 106 2229 59.4756 0
2197 1110312 112 2895 56.8055 0
2197 1125600 99 2258 53.8586 0
2197 1140888 109 2520 58.5074 0
2197 1156176 109 2310 61.1043 0
2197 1171464 103 2316 55.8524 0
2197 1186752 109 2406 60.3876 0
2197 1202160 115 2644 60.7623 0
2197 1217568 109 2356 60.2118 0
2197 1232976 104 2285 57.1715 0
2197 1248384 110 2397 60.1169 0
2197 1263792 113 2549 60.5143 0
2197 1279200 120 2649 64.3307 0
