1000 6200 16 1012 7.15847 0
1000 12400 19 1192 8.82057 0
1000 18600 18 1007 9.34862 0
1000 24800 19 1120 8.66915 0
1000 31000 18 1022 9.28349 0
1000 37200 13 1019 5.11333 0
216 38452 1 234 0.64033 0
216 39704 1 223 0.694867 0
216 40956 1 244 0.729835 0
216 42208 1 239 0.664069 0
216 43460 1 228 0.606324 0
216 44712 1 260 0.757424 0
343 46750 3 345 1.41155 0
343 48788 2 343 1.33552 0
343 50826 2 343 1.3137 0
343 52864 2 372 1.32012 0
343 54902 3 406 1.35027 0
343 56940 2 352 1.13822 0
512 60036 4 515 1.5774 0
512 63132 5 542 2.47117 0
512 66228 5 549 2.51095 0
512 69324 6 800 2.43685 0
512 72420 4 513 1.75064 0
512 75516 6 753 2.77305 0
729 79986 11 765 5.54867 0
729 84456 9 838 3.99308 0
729 88926 9 759 4.02323 0
729 93396 11 733 5.60898 0
729 97866 13 952 6.08698 0
729 102336 10 810 4.80857 0
1000 108616 20 1013 10.3425 0
1000 114896 20 1329 8.71823 0
1000 121176 18 1039 8.79587 0
1000 127456 19 1099 9.26906 0
1000 133736 21 1105 11.0807 0
1000 140016 20 1053 10.4182 0
1000 146376 21 1215 10.0701 0
1000 152736 21 1424 9.12855 0
1000 159096 20 1052 10.6524 0
1000 165456 17 1045 8.27263 0
1000 171816 19 1144 9.00536 0
1000 178176 22 1101 11.2943 0
1000 184616 21 1101 10.6729 0
1000 191056 21 1002 11.421 0
1000 197496 23 1111 12.5217 0
1000 203936 23 1007 13.257 0
1000 210376 21 1005 11.4778 0
1000 216816 23 1006 12.7488 0
1331 225196 29 1378 13.445 0
1331 233576 30 1351 14.6496 0
1331 241956 44 2310 18.6488 0
1331 250336 34 1744 15.4481 0
1331 258716 42 2228 18.0787 0
1331 267096 35 1501 17.1388 0
1331 275556 31 1365 15.348 0
1331 284016 36 1595 17.8144 0
1331 292476 39 2178 15.382 0
1331 300936 30 1415 14.4308 0
1331 309396 35 1635 16.2617 0
1331 317856 29 1342 13.6391 0
1331 326396 33 1537 15.5267 0
1331 334936 43 2099 18.7226 0
1331 343476 32 1336 15.9839 0
1331 352016 34 1490 16.6065 0
1331 360556 35 1448 17.9655 0
1331 369096 34 1409 17.4317 0
1331 377716 32 1494 14.9108 0
1331 386336 37 1344 20.4216 0
1331 394956 32 1426 14.9955 0
1331 403576 36 1499 17.9385 0
1331 412196 36 1611 17.4021 0
1331 420816 35 1448 18.1997 0
1728 431760 66 2818 27.4148 0
1728 442704 54 1734 27.8829 0
1728 453648 50 1839 24.0339 0
1728 464592 57 1914 29.2011 0
1728 475536 58 2255 26.274 0
1728 486480 51 1923 24.3601 0
1728 497504 57 2039 27.3276 0
1728 508528 55 1979 27.1989 0
1728 519552 46 1736 21.7988 0
1728 530576 58 1903 29.2999 0
1728 541600 47 1902 20.9329 0
1728 552624 50 1825 24.5196 0
1728 563728 48 1857 22.1703 0
1728 574832 54 2100 25.3501 0
1728 585936 63 2077 31.5215 0
1728 597040 54 1752 28.026 0
1728 608144 56 1766 29.2636 0
1728 619248 59 2131 27.718 0
1728 630432 49 1742 23.7435 0
1728 641616 52 1746 26.1868 0
1728 652800 54 1790 27.1203 0
1728 663984 47 1914 21.3295 0
1728 675168 57 1919 28.9531 0
1728 686352 59 1869 30.843 0
2197 700280 107 3595 45.6601 0
2197 714208 110 3486 46.8047 0
2197 728136 77 2233 37.5084 0
2197 742064 81 2591 36.5703 0
2197 755992 76 2282 36.7384 0
2197 769920 73 2357 32.8907 0
2197 783928 87 2531 42.263 0
2197 797936 82 2310 40.4585 0
2197 811944 68 2213 30.4952 0
2197 825952 77 2440 35.145 0
2197 839960 83 2351 40.4184 0
2197 853968 69 2214 31.7412 0
2197 868056 95 2361 50.1324 0
2197 882144 104 3122 48.9406 0
2197 896232 98 2770 45.7027 0
2197 910320 88 2850 38.85 0
2197 924408 83 2331 41.5293 0
2197 938496 105 3123 49.4946 0
2197 952664 90 2461 45.7277 0
2197 966832 106 2917 50.3464 0
2197 981000 72 2204 33.6699 0
2197 995168 84 2358 41.9044 0
2197 1009336 73 2222 35.0468 0
2197 1023504 79 2200 39.1002 0
2197 1037752 85 2349 42.9662 0
2197 1052000 83 2204 41.9721 0
2197 1066248 103 3306 45.1394 0
2197 1080496 86 2328 43.1626 0
2197 1094744 94 2525 46.3649 0
2197 1108992 92 2239 49.5611 0
2197 1123320 96 2511 49.0311 0
2197 1137648 95 2394 49.4568 0
2197 1151976 77 2232 37.7233 0
2197 1166304 104 3201 48.8033 0
2197 1180632 90 2655 43.2566 0
2197 1194960 86 2240 44.6543 0
