1296 7200 37 2538 8.93061 0
1296 14400 20 1483 5.11012 0
1296 21600 31 2177 6.6763 0
1296 28800 22 1616 5.15055 0
1296 36000 30 1972 6.90247 0
1296 43200 23 1704 5.28817 0
256 44544 1 282 0.667919 0
256 45888 1 261 0.662786 0
256 47232 1 265 0.725343 0
256 48576 1 281 0.682676 0
256 49920 1 276 0.66022 0
256 51264 1 297 0.768652 0
625 54664 7 778 2.31815 0
625 58064 6 676 2.01851 0
625 61464 6 748 2.04642 0
625 64864 6 673 2.17218 0
625 68264 6 677 1.9335 0
625 71664 6 771 2.13946 0
625 74664 7 766 2.07658 0
625 77664 6 747 2.13785 0
625 80664 6 739 1.67397 0
625 83664 6 797 1.96109 0
625 86664 5 675 1.61013 0
625 89664 8 852 2.46443 0
625 92664 6 766 1.88506 0
625 95664 6 747 1.78593 0
625 98664 6 739 1.93799 0
625 101664 7 797 2.14652 0
625 104664 5 675 1.63547 0
625 107664 7 852 2.16641 0
1296 114144 20 1505 4.35078 0
1296 120624 21 1607 4.5208 0
1296 127104 19 1442 3.98634 0
1296 133584 30 2169 6.71672 0
1296 140064 19 1403 4.22245 0
1296 146544 27 1926 5.839 0
1296 153024 19 1505 4.06205 0
1296 159504 21 1607 4.65458 0
1296 165984 19 1442 4.08932 0
1296 172464 30 2169 6.77254 0
1296 178944 18 1403 4.24427 0
1296 185424 27 1926 5.74532 0
1296 191904 41 3024 9.22254 0
1296 198384 21 1607 4.58336 0
1296 204864 18 1442 4.03125 0
1296 211344 29 2169 6.49986 0
1296 217824 18 1403 3.96934 0
1296 224304 27 1926 5.85023 0
1296 230784 41 3024 9.07978 0
1296 237264 21 1607 4.49001 0
1296 243744 18 1442 3.95362 0
1296 250224 29 2169 6.49665 0
1296 256704 18 1403 4.16182 0
1296 263184 27 1926 5.51113 0
1296 269664 41 3024 8.95306 0
1296 276144 21 1607 4.56636 0
1296 282624 18 1442 3.92539 0
1296 289104 29 2169 6.43217 0
1296 295584 18 1403 4.234 0
1296 302064 31 2338 6.17681 0
1296 308544 41 3024 9.08652 0
1296 315024 21 1607 4.4406 0
1296 321504 19 1442 4.28694 0
1296 327984 30 2169 6.89798 0
1296 334464 18 1403 4.11787 0
1296 340944 31 2338 6.26695 0
1296 347424 41 3024 9.02428 0
1296 353904 20 1607 4.2417 0
1296 360384 19 1442 4.18652 0
1296 366864 30 2014 6.73469 0
1296 373344 18 1403 4.11563 0
1296 379824 31 2338 6.31443 0
1296 386304 40 3024 9.01851 0
1296 392784 21 1607 4.48295 0
1296 399264 19 1442 3.98987 0
1296 405744 30 2014 6.54798 0
1296 412224 18 1403 4.18299 0
1296 418704 31 2338 6.20728 0
1296 425184 41 3024 9.08395 0
1296 431664 40 2611 8.52703 0
1296 438144 19 1442 4.05499 0
1296 444624 29 2014 6.52264 0
1296 451104 18 1403 4.25582 0
1296 457584 32 2338 6.47259 0
1296 464064 41 3024 9.09775 0
1296 470544 40 2611 8.48757 0
1296 477024 19 1442 4.23144 0
1296 483504 30 2014 6.73405 0
1296 489984 18 1403 3.884 0
1296 496464 32 2338 6.43249 0
1296 502944 42 3024 9.48592 0
1296 509424 40 2611 8.39679 0
1296 515904 19 1442 4.10889 0
1296 522384 30 2014 6.65032 0
1296 528864 18 1403 3.87277 0
1296 535344 31 2338 6.31989 0
1296 541824 41 3024 9.20137 0
1296 548304 40 2611 8.46191 0
1296 554784 19 1442 4.14033 0
1296 561264 30 2014 6.60027 0
1296 567744 19 1403 4.44156 0
1296 574224 32 2338 6.51301 0
2401 586572 64 3032 9.46186 0
2401 598920 125 5106 15.3631 0
2401 611268 133 5343 21.0603 0
2401 623616 62 2941 9.06471 0
2401 635964 79 3679 12.4826 0
2401 648312 72 3306 11.0062 0
2401 660660 66 3032 10.1776 0
2401 673008 125 5106 15.2415 0
2401 685356 245 9181 37.1991 0
2401 697704 62 2941 9.19495 0
2401 710052 81 3679 13.2801 0
2401 722400 72 3306 11.1249 0
2401 734748 73 3338 10.9915 0
2401 747096 125 5106 15.3913 0
2401 759444 244 9181 36.885 0
2401 771792 62 2941 9.30114 0
2401 784140 78 3679 12.2028 0
2401 796488 82 3839 11.7216 0
