1296 7718 26 1927 6.7857 0
1296 15436 20 1523 6.0719 0
1296 23154 20 1435 6.1829 0
1296 30872 20 1441 6.15339 0
1296 38590 19 1534 5.27277 0
1296 46308 23 1533 7.27396 0
256 47754 1 285 0.766727 0
256 49200 1 263 0.748762 0
256 50646 1 266 0.746837 0
256 52092 1 258 0.662786 0
256 53538 1 296 0.772181 0
256 54984 2 259 0.956003 0
625 58634 6 726 2.38006 0
625 62284 5 630 1.80422 0
625 65934 6 628 2.61586 0
625 69584 5 632 1.94056 0
625 73234 6 665 2.79775 0
625 76884 6 636 2.08973 0
625 80324 6 749 2.06311 0
625 83764 7 680 2.79551 0
625 87204 5 633 1.91361 0
625 90644 7 898 2.31879 0
625 94084 5 654 2.02846 0
625 97524 6 728 2.47598 0
625 101004 6 657 2.01563 0
625 104484 6 687 2.29569 0
625 107964 8 779 3.31457 0
625 111444 6 635 2.26682 0
625 114924 5 650 1.8379 0
625 118404 6 664 2.37878 0
1296 125404 18 1415 5.09858 0
1296 132404 19 1468 5.06906 0
1296 139404 19 1543 5.08927 0
1296 146404 21 1628 5.58428 0
1296 153404 17 1359 4.34693 0
1296 160404 26 1949 6.58198 0
1296 167444 23 1624 6.62112 0
1296 174484 17 1331 4.65394 0
1296 181524 34 2771 7.39459 0
1296 188564 23 1736 6.1444 0
1296 195604 29 2257 7.20531 0
1296 202644 19 1557 4.7104 0
1296 209724 21 1743 5.16627 0
1296 216804 20 1509 5.74468 0
1296 223884 24 1879 6.16205 0
1296 230964 19 1549 4.81274 0
1296 238044 21 1526 5.73024 0
1296 245124 17 1328 4.33794 0
1296 252244 24 1804 5.86755 0
1296 259364 19 1417 6.07992 0
1296 266484 24 1729 6.42928 0
1296 273604 19 1570 4.90385 0
1296 280724 20 1510 5.81782 0
1296 287844 23 1696 6.89766 0
1296 295004 18 1367 5.34431 0
1296 302164 17 1330 4.74505 0
1296 309324 17 1340 4.47557 0
1296 316484 18 1391 4.98405 0
1296 323644 19 1403 5.42804 0
1296 330804 18 1440 4.60967 0
1296 338004 18 1307 5.45756 0
1296 345204 31 2137 9.06695 0
1296 352404 16 1306 4.4868 0
1296 359604 17 1315 4.59042 0
1296 366804 17 1306 5.22305 0
1296 374004 32 2015 9.46154 0
1296 381244 17 1363 5.11269 0
1296 388484 17 1361 4.79734 0
1296 395724 25 1852 6.96118 0
1296 402964 18 1387 5.16177 0
1296 410204 17 1340 5.17685 0
1296 417444 20 1539 5.5137 0
1296 424724 17 1300 4.80375 0
1296 432004 23 1677 5.91214 0
1296 439284 19 1513 5.21054 0
1296 446564 19 1322 6.32983 0
1296 453844 19 1431 5.75527 0
1296 461124 18 1517 4.88171 0
1296 468444 19 1430 5.34848 0
1296 475764 18 1423 4.77167 0
1296 483084 19 1389 5.67859 0
1296 490404 24 1761 7.68556 0
1296 497724 17 1324 5.04564 0
1296 505044 24 1703 7.35256 0
1296 512404 18 1373 5.68212 0
1296 519764 17 1319 4.94459 0
1296 527124 17 1416 4.68345 0
1296 534484 19 1417 5.60288 0
1296 541844 17 1297 4.90128 0
1296 549204 19 1380 5.47007 0
1296 556604 18 1308 5.71164 0
1296 564004 18 1314 5.6417 0
1296 571404 26 1643 9.60655 0
1296 578804 18 1322 5.83836 0
1296 586204 21 1545 6.41035 0
1296 593604 17 1298 5.10435 0
1296 601044 22 1389 8.00027 0
1296 608484 21 1589 6.10591 0
1296 615924 19 1337 6.7148 0
1296 623364 19 1301 6.48318 0
1296 630804 19 1514 5.37704 0
1296 638244 20 1506 5.84862 0
2401 651592 62 2884 13.257 0
2401 664940 62 2812 15.6855 0
2401 678288 84 4033 15.862 0
2401 691636 110 4695 26.2923 0
2401 704984 61 2897 12.9731 0
2401 718332 145 6595 28.3278 0
2401 731720 59 2920 12.8419 0
2401 745108 72 3517 15.638 0
2401 758496 80 3680 17.6553 0
2401 771884 73 3563 13.7427 0
2401 785272 52 2492 11.5067 0
2401 798660 148 6037 33.0293 0
2401 812088 49 2477 9.98478 0
2401 825516 83 3474 17.9039 0
2401 838944 55 2610 12.1114 0
2401 852372 64 3277 11.9616 0
2401 865800 72 3167 17.73 0
2401 879228 64 2930 15.477 0
