1296 8236 28 1369 12.5609 0
1296 16472 19 1301 6.88483 0
1296 24708 29 1505 12.2898 0
1296 32944 23 1326 9.578 0
1296 41180 28 1404 12.7652 0
1296 49416 27 1447 12.1246 0
256 50964 1 264 0.734967 0
256 52512 2 265 1.02658 0
256 54060 1 257 0.733043 0
256 55608 1 258 0.740421 0
256 57156 1 256 0.777314 0
256 58704 1 259 0.679789 0
625 62604 6 667 2.57672 0
625 66504 6 626 2.87218 0
625 70404 7 700 3.27447 0
625 74304 7 651 3.13717 0
625 78204 6 730 2.33836 0
625 82104 6 634 2.23474 0
625 85984 8 684 3.99019 0
625 89864 7 638 3.51796 0
625 93744 8 673 4.13327 0
625 97624 7 635 3.4599 0
625 101504 8 723 4.02035 0
625 105384 8 660 4.01874 0
625 109344 7 655 3.5664 0
625 113304 8 654 3.92731 0
625 117264 8 626 3.96966 0
625 121224 9 647 4.80889 0
625 125184 7 631 3.36847 0
625 129144 8 625 4.48519 0
1296 136664 27 1518 11.0569 0
1296 144184 20 1306 7.57552 0
1296 151704 22 1496 7.92488 0
1296 159224 20 1520 5.75912 0
1296 166744 22 1354 8.58606 0
1296 174264 18 1318 5.72351 0
1296 181864 21 1354 7.50976 0
1296 189464 25 1539 8.56906 0
1296 197064 26 1459 10.7159 0
1296 204664 24 1627 8.33551 0
1296 212264 24 1398 10.1641 0
1296 219864 20 1300 7.82094 0
1296 227544 23 1409 9.04963 0
1296 235224 23 1315 9.34701 0
1296 242904 25 1368 10.1891 0
1296 250584 22 1335 8.35572 0
1296 258264 22 1341 8.74101 0
1296 265944 26 1431 11.2362 0
1296 273704 25 1322 11.4983 0
1296 281464 26 1352 11.7944 0
1296 289224 24 1309 10.1609 0
1296 296984 24 1314 10.1747 0
1296 304744 25 1309 11.3992 0
1296 312504 22 1325 9.06888 0
1296 320344 24 1499 9.03134 0
1296 328184 26 1351 11.67 0
1296 336024 26 1515 10.2154 0
1296 343864 25 1350 11.4614 0
1296 351704 25 1348 10.7794 0
1296 359544 23 1305 9.57832 0
1296 367464 26 1309 11.7636 0
1296 375384 33 1750 14.1787 0
1296 383304 31 1597 13.5724 0
1296 391224 26 1413 10.9273 0
1296 399144 24 1315 10.9353 0
1296 407064 30 1488 13.7421 0
1296 415064 28 1466 12.345 0
1296 423064 27 1479 11.7499 0
1296 431064 29 1435 13.4995 0
1296 439064 27 1460 11.4358 0
1296 447064 28 1308 13.5515 0
1296 455064 28 1455 12.4049 0
1296 463144 28 1439 12.7777 0
1296 471224 29 1509 12.4653 0
1296 479304 26 1459 11.2324 0
1296 487384 31 1428 14.8745 0
1296 495464 33 1376 17.0845 0
1296 503544 31 1449 14.9829 0
1296 511704 28 1298 13.6057 0
1296 519864 29 1312 14.6971 0
1296 528024 30 1525 13.308 0
1296 536184 29 1306 14.0638 0
1296 544344 29 1301 13.9817 0
1296 552504 33 1371 16.7897 0
1296 560744 32 1341 16.2026 0
1296 568984 30 1317 15.2521 0
1296 577224 29 1298 14.4414 0
1296 585464 29 1402 13.4562 0
1296 593704 28 1458 12.1698 0
1296 601944 34 1518 15.9636 0
1296 610264 30 1355 14.5614 0
1296 618584 33 1344 16.7082 0
1296 626904 34 1560 16.1439 0
1296 635224 28 1297 13.9002 0
1296 643544 32 1383 15.785 0
1296 651864 34 1347 18.2167 0
1296 660264 34 1418 17.9603 0
1296 668664 33 1331 16.8953 0
1296 677064 30 1334 14.5755 0
1296 685464 33 1491 16.3906 0
1296 693864 30 1459 14.3641 0
1296 702264 32 1367 16.0753 0
2401 716612 76 2652 28.2534 0
2401 730960 83 3326 26.2102 0
2401 745308 58 2408 18.6225 0
2401 759656 66 2806 19.6362 0
2401 774004 85 2959 32.0659 0
2401 788352 76 2456 30.5876 0
2401 802780 83 2647 34.3401 0
2401 817208 92 3009 36.076 0
2401 831636 87 3058 29.561 0
2401 846064 71 2736 24.8862 0
2401 860492 75 2509 30.7413 0
2401 874920 71 2460 27.9618 0
2401 889428 81 3246 26.4691 0
2401 903936 87 2771 35.8918 0
2401 918444 70 2844 21.4831 0
2401 932952 70 2429 27.5024 0
2401 947460 82 2645 33.3372 0
2401 961968 74 2430 30.6213 0
