1296 8754 33 1509 15.9669 0
1296 17508 30 1299 15.3548 0
1296 26262 32 1301 16.0795 0
1296 35016 32 1359 15.7503 0
1296 43770 33 1304 17.2023 0
1296 52524 30 1363 14.4674 0
256 54174 2 258 0.936434 0
256 55824 2 256 0.963382 0
256 57474 2 256 1.08561 0
256 59124 2 279 1.07919 0
256 60774 2 259 0.999312 0
256 62424 2 265 0.910128 0
625 66574 9 632 4.71008 0
625 70724 8 641 4.26576 0
625 74874 9 627 4.84674 0
625 79024 7 625 3.39798 0
625 83174 9 628 4.5824 0
625 87324 9 645 4.67479 0
625 91644 10 644 5.39019 0
625 95964 10 625 5.42836 0
625 100284 9 689 4.8785 0
625 104604 9 625 5.17974 0
625 108924 9 655 5.10018 0
625 113244 10 627 5.75206 0
625 117684 10 631 5.54418 0
625 122124 10 629 5.53102 0
625 126564 9 626 5.03762 0
625 131004 10 632 5.71645 0
625 135444 10 650 5.78671 0
625 139884 10 655 5.75495 0
1296 147924 27 1341 12.3235 0
1296 155964 28 1346 13.5185 0
1296 164004 26 1311 11.8862 0
1296 172044 28 1467 12.1323 0
1296 180084 29 1374 13.6384 0
1296 188124 27 1322 12.0527 0
1296 196284 27 1313 12.362 0
1296 204444 31 1459 14.8501 0
1296 212604 31 1529 14.2807 0
1296 220764 26 1318 11.8313 0
1296 228924 31 1465 14.622 0
1296 237084 29 1440 13.1261 0
1296 245364 32 1385 16.015 0
1296 253644 30 1444 14.4164 0
1296 261924 29 1365 14.3439 0
1296 270204 28 1299 13.7578 0
1296 278484 33 1316 17.2501 0
1296 286764 32 1431 15.0349 0
1296 295164 31 1424 14.8261 0
1296 303564 31 1300 15.7327 0
1296 311964 35 1423 17.5125 0
1296 320364 30 1482 14.2432 0
1296 328764 33 1375 16.6656 0
1296 337164 30 1396 14.5941 0
1296 345684 33 1349 17.2004 0
1296 354204 31 1392 15.7166 0
1296 362724 34 1349 17.7098 0
1296 371244 31 1350 15.2986 0
1296 379764 33 1307 16.8988 0
1296 388284 30 1305 15.0609 0
1296 396924 34 1424 17.3633 0
1296 405564 37 1382 19.787 0
1296 414204 35 1475 17.397 0
1296 422844 32 1297 16.09 0
1296 431484 34 1359 17.9433 0
1296 440124 33 1340 17.2546 0
1296 448884 35 1296 19.0328 0
1296 457644 35 1301 18.7418 0
1296 466404 35 1307 18.6113 0
1296 475164 35 1301 18.5288 0
1296 483924 34 1326 17.7031 0
1296 492684 35 1296 18.5609 0
1296 501564 37 1490 19.2237 0
1296 510444 35 1353 18.0341 0
1296 519324 40 1443 21.2884 0
1296 528204 35 1411 17.5292 0
1296 537084 37 1416 19.5641 0
1296 545964 40 1463 21.8854 0
1296 554964 39 1308 21.9778 0
1296 563964 37 1328 20.6619 0
1296 572964 37 1305 20.4617 0
1296 581964 37 1368 19.9445 0
1296 590964 35 1319 18.9427 0
1296 599964 39 1297 21.6201 0
1296 609084 40 1413 21.9178 0
1296 618204 38 1401 20.1117 0
1296 627324 39 1389 21.5887 0
1296 636444 40 1315 22.4837 0
1296 645564 38 1304 21.1819 0
1296 654684 41 1332 22.7256 0
1296 663924 40 1302 22.0157 0
1296 673164 40 1312 22.5713 0
1296 682404 41 1357 22.5649 0
1296 691644 39 1298 22.1331 0
1296 700884 40 1351 22.2547 0
1296 710124 41 1364 22.7295 0
1296 719484 42 1338 23.7862 0
1296 728844 40 1367 22.1773 0
1296 738204 39 1308 21.7112 0
1296 747564 42 1334 24.0371 0
1296 756924 41 1385 22.885 0
1296 766284 41 1301 23.2841 0
2401 781632 104 2952 47.1743 0
2401 796980 99 2485 48.8139 0
2401 812328 97 2470 47.2618 0
2401 827676 96 2461 46.9215 0
2401 843024 91 2648 41.3237 0
2401 858372 92 2411 44.4894 0
2401 873840 123 3277 55.3397 0
2401 889308 120 2686 55.3506 0
2401 904776 110 2731 52.645 0
2401 920244 101 2613 48.676 0
2401 935712 98 2471 48.0087 0
2401 951180 102 2481 50.9867 0
2401 966768 104 2673 50.0853 0
2401 982356 105 2497 52.8695 0
2401 997944 99 2708 46.5452 0
2401 1013532 107 2477 54.8454 0
2401 1029120 101 2532 49.7022 0
2401 1044708 104 2479 52.9289 0
