1000 20094 57 1005 37.9575 0
1000 40170 55 1003 35.6785 0
1000 60264 53 1002 34.3843 0
1000 80354 55 1003 36.042 0
1000 100442 57 1011 37.1532 0
1000 120518 57 1002 37.2716 0
200 121404 1 201 0.484738 0
200 122292 1 203 0.516819 0
200 123176 1 203 0.499496 0
200 124074 1 202 0.451375 0
200 124948 1 214 0.603116 0
200 125850 1 207 0.504628 0
400 129120 5 402 3.29725 0
400 132424 6 412 3.48781 0
400 135730 5 402 3.14037 0
400 139024 5 401 3.03226 0
400 142302 6 400 3.81214 0
400 145592 6 400 3.36462 0
600 152870 16 602 10.3402 0
600 160152 17 600 10.4115 0
600 167442 17 601 10.9312 0
600 174728 16 603 10.1978 0
600 182030 17 609 10.9161 0
600 189324 16 607 10.2578 0
800 202184 34 805 21.6153 0
800 215062 32 817 20.8069 0
800 227940 33 800 21.0683 0
800 240818 32 805 20.965 0
800 253692 34 800 21.6422 0
800 266564 34 800 21.7686 0
1100 290832 67 1102 44.4118 0
1100 315106 68 1102 44.32 0
1100 339384 69 1102 45.0848 0
1100 363652 68 1107 44.5109 0
1100 387940 68 1103 45.0909 0
1100 412202 68 1116 44.6617 0
1200 441064 85 1201 56.767 0
1200 469924 82 1211 54.318 0
1200 498782 83 1202 55.282 0
1200 527654 84 1208 55.0186 0
1200 556540 83 1202 54.9657 0
1200 585412 84 1205 55.7735 0
1300 619276 99 1306 65.0775 0
1300 653152 100 1303 66.2465 0
1300 687016 101 1301 67.2051 0
1300 720876 99 1301 65.5741 0
1300 754750 99 1302 65.9466 0
1300 788628 99 1300 65.3723 0
1400 827898 117 1403 78.0823 0
1400 867174 118 1401 79.1234 0
1400 906426 117 1400 77.7513 0
1400 945686 118 1400 78.5042 0
1400 984962 115 1400 76.641 0
1400 1024236 119 1411 79.9889 0
1500 1069308 136 1501 91.1218 0
1500 1114388 133 1501 88.2689 0
1500 1159436 137 1500 91.3762 0
1500 1204492 138 1500 92.6537 0
1500 1249558 136 1505 91.4141 0
1500 1294638 134 1501 89.3167 0
1600 1345906 157 1602 105.438 0
1600 1397170 156 1600 104.436 0
1600 1448416 157 1601 104.952 0
1600 1499664 155 1600 103.813 0
1600 1550938 157 1609 105.713 0
1600 1602210 156 1613 104.329 0
1700 1660080 177 1700 119.231 0
1700 1717944 177 1701 118.737 0
1700 1775796 176 1705 118.396 0
1700 1833650 179 1700 120.27 0
1700 1891520 179 1700 120.42 0
1700 1949388 178 1702 119.17 0
1800 2014246 202 1803 135.548 0
1800 2079130 199 1802 132.906 0
1800 2143992 202 1800 136.033 0
1800 2208848 197 1800 131.684 0
1800 2273706 200 1801 134.722 0
1800 2338580 203 1805 136.436 0
1900 2410854 225 1901 151.787 0
1900 2483124 224 1903 150.368 0
1900 2555372 221 1900 148.498 0
1900 2627626 223 1900 150.453 0
1900 2699888 223 1905 149.58 0
1900 2772166 220 1900 147.153 0
2000 2852246 254 2000 171.383 0
2000 2932314 252 2008 169.739 0
2000 3012366 252 2001 169.536 0
2000 3092426 255 2001 171.409 0
2000 3172492 252 2004 169.917 0
2000 3252564 254 2003 171.039 0
2100 3340832 282 2100 191.153 0
2100 3429104 284 2101 191.373 0
2100 3517362 275 2100 185.464 0
2100 3605620 280 2103 188.817 0
2100 3693890 282 2101 190.56 0
2100 3782168 276 2123 186.074 0
2200 3879022 311 2200 210.574 0
2200 3975876 304 2202 204.539 0
2200 4072726 303 2213 204.607 0
2200 4169594 304 2203 204.987 0
2200 4266456 299 2200 201.681 0
2200 4363320 304 2205 205.233 0
2300 4469180 336 2301 227.101 0
2300 4575014 344 2303 233.183 0
2300 4680862 337 2301 228.2 0
2300 4786712 332 2300 224.389 0
2300 4892562 337 2302 228.109 0
2300 4998422 342 2312 231.614 0
2400 5113676 367 2400 248.657 0
2400 5228914 371 2400 251.692 0
2400 5344168 364 2407 245.495 0
2400 5459408 366 2400 248.208 0
2400 5574662 365 2402 247.33 0
2400 5689914 367 2402 248.775 0
2500 5814966 391 2501 263.555 0
2500 5940024 403 2501 273.1 0
2500 6065070 406 2502 275.999 0
2500 6190128 399 2505 271.096 0
2500 6315172 407 2500 276.025 0
2500 6440224 409 2513 278.11 0
2600 6575482 434 2600 294.178 0
2600 6710732 437 2602 296.647 0
2600 6845972 430 2601 291.308 0
2600 6981234 438 2600 297.843 0
2600 7116472 438 2600 297.853 0
2600 7251728 439 2600 298.409 0
2700 7397586 475 2703 322.953 0
2700 7543424 473 2706 320.86 0
2700 7689252 474 2706 321.799 0
2700 7835098 474 2706 322.558 0
2700 7980932 473 2700 321.568 0
2700 8126790 474 2700 322.019 0
