1000 99916 107 1000 68.6067 0
1000 199830 107 1001 68.5939 0
1000 299748 108 1001 69.0805 0
1000 399660 104 1000 66.9654 0
1000 499580 111 1001 71.4808 0
1000 599490 109 1002 70.8042 0
200 603494 4 202 2.59372 0
200 607488 3 202 2.35761 0
200 611482 3 200 2.3621 0
200 615484 4 200 2.28831 0
200 619488 4 200 2.45224 0
200 623488 5 200 3.17021 0
400 639468 16 404 9.93858 0
400 655452 16 401 10.0002 0
400 671432 16 403 10.0746 0
400 687402 16 402 10.5035 0
400 703384 16 402 9.96457 0
400 719362 16 403 10.475 0
600 755316 37 601 23.9485 0
600 791274 37 601 23.5815 0
600 827228 36 600 22.8109 0
600 863192 37 600 23.0467 0
600 899150 37 600 23.7272 0
600 935116 38 601 24.2838 0
800 999060 69 800 44.202 0
800 1063004 66 801 41.9178 0
800 1126940 65 800 41.8155 0
800 1190876 68 801 43.9412 0
800 1254820 68 800 43.6204 0
800 1318758 68 801 43.4292 0
1100 1439672 128 1101 82.4498 0
1100 1560580 129 1102 82.7626 0
1100 1681482 129 1103 83.1171 0
1100 1802386 132 1102 85.8183 0
1100 1923290 132 1101 84.289 0
1100 2044200 131 1100 84.9511 0
1200 2188102 154 1202 99.7945 0
1200 2331992 157 1201 102.052 0
1200 2475882 152 1200 98.3519 0
1200 2619774 158 1202 101.668 0
1200 2763672 155 1204 100.491 0
1200 2907570 156 1200 100.239 0
1300 3076462 182 1303 117.21 0
1300 3245344 183 1302 118.654 0
1300 3414230 182 1300 117.975 0
1300 3583128 183 1302 118.508 0
1300 3752012 185 1300 119.635 0
1300 3920904 182 1301 117.531 0
1400 4116786 210 1400 134.853 0
1400 4312658 213 1400 137.597 0
1400 4508530 214 1400 138.558 0
1400 4704416 214 1403 139.08 0
1400 4900294 211 1407 136.357 0
1400 5096168 214 1402 138.4 0
1500 5321038 246 1502 160.112 0
1500 5545910 249 1502 161.819 0
1500 5770774 245 1500 159.361 0
1500 5995644 243 1503 157.039 0
1500 6220512 245 1501 158.835 0
1500 6445382 244 1501 157.944 0
1600 6701244 282 1600 183.423 0
1600 6957106 279 1600 180.847 0
1600 7212958 275 1601 177.889 0
1600 7468820 278 1601 180.342 0
1600 7724676 282 1603 183.56 0
1600 7980544 277 1602 179.892 0
1700 8269390 316 1700 205.805 0
1700 8558240 318 1701 206.78 0
1700 8847086 316 1700 205.865 0
1700 9135932 316 1700 206.071 0
1700 9424780 316 1702 205.588 0
1700 9713632 319 1701 208.239 0
1800 10037474 355 1803 231.251 0
1800 10361314 356 1800 232.216 0
1800 10685156 354 1800 230.023 0
1800 11008998 350 1802 226.653 0
1800 11332840 354 1801 229.557 0
1800 11656680 348 1800 226.596 0
1900 12017516 399 1900 259.57 0
1900 12378344 396 1900 258.012 0
1900 12739172 401 1901 261.323 0
1900 13100004 395 1901 257.006 0
1900 13460832 398 1901 259.749 0
1900 13821656 397 1900 259.581 0
2000 14221474 435 2000 283.266 0
2000 14621296 443 2001 289.679 0
2000 15021116 446 2000 292.053 0
2000 15420932 438 2000 285.353 0
2000 15820752 439 2001 286.455 0
2000 16220574 440 2000 286.835 0
2100 16661384 481 2101 314.29 0
2100 17102196 493 2102 322.634 0
2100 17543004 485 2100 316.496 0
2100 17983810 484 2101 315.903 0
2100 18424616 486 2105 317.045 0
2100 18865424 492 2100 322.528 0
2200 19349224 536 2202 349.673 0
2200 19833022 536 2200 350.646 0
2200 20316818 535 2203 349.704 0
2200 20800610 533 2200 348.241 0
2200 21284410 534 2202 350.044 0
2200 21768212 533 2202 348.453 0
2300 22296994 589 2300 386.021 0
2300 22825778 578 2301 377.6 0
2300 23354562 587 2304 384.091 0
2300 23883344 583 2301 381.659 0
2300 24412134 583 2300 380.794 0
2300 24940916 592 2300 387.494 0
2400 25516696 639 2400 418.966 0
2400 26092478 637 2400 417.437 0
2400 26668254 640 2400 420.226 0
2400 27244026 632 2401 413.429 0
2400 27819806 646 2402 424.003 0
2400 28395574 653 2400 428.662 0
2500 29020342 708 2500 465.871 0
2500 29645108 692 2500 452.963 0
2500 30269874 692 2500 453.528 0
2500 30894644 701 2503 460.084 0
2500 31519412 701 2502 459.623 0
2500 32144182 704 2500 462.407 0
2600 32819942 755 2600 495.875 0
2600 33495704 746 2600 487.366 0
2600 34171464 746 2602 488.065 0
2600 34847228 747 2600 490.733 0
2600 35522992 755 2602 495.209 0
2600 36198754 751 2605 492.76 0
2700 36927502 804 2701 527.076 0
2700 37656260 801 2700 524.77 0
2700 38385006 813 2703 534.666 0
2700 39113758 803 2700 526.952 0
2700 39842508 809 2702 530.401 0
2700 40571252 812 2701 532.147 0
