1000 199806 161 1000 101.247 0
1000 399616 162 1003 101.341 0
1000 599420 161 1000 101.913 0
1000 799226 160 1000 100.998 0
1000 999034 159 1000 100.253 0
1000 1198840 159 1000 100.362 0
200 1206806 6 200 3.63538 0
200 1214776 6 200 3.83781 0
200 1222742 6 201 3.80059 0
200 1230714 6 200 3.7791 0
200 1238676 6 201 3.64789 0
200 1246646 6 200 3.56031 0
400 1278572 24 401 14.7834 0
400 1310496 24 401 14.8052 0
400 1342426 25 400 15.5107 0
400 1374352 25 401 15.5796 0
400 1406280 24 400 15.0667 0
400 1438206 24 400 14.6532 0
600 1510090 57 600 35.7904 0
600 1581978 56 600 34.9085 0
600 1653864 56 600 34.9041 0
600 1725746 56 600 35.0625 0
600 1797636 56 600 34.6596 0
600 1869532 56 600 35.0118 0
800 1997382 102 802 63.9313 0
800 2125230 101 802 63.2056 0
800 2253082 101 800 63.0875 0
800 2380934 100 800 62.6901 0
800 2508782 101 802 63.2688 0
800 2636632 101 800 62.5181 0
1100 2878416 195 1100 123.549 0
1100 3120208 194 1100 123.009 0
1100 3362006 193 1100 121.437 0
1100 3603794 195 1100 123.71 0
1100 3845584 196 1100 123.819 0
1100 4087378 193 1103 121.752 0
1200 4375144 229 1200 144.603 0
1200 4662914 231 1201 146.28 0
1200 4950678 233 1201 147.975 0
1200 5238444 230 1200 145.649 0
1200 5526212 230 1201 145.558 0
1200 5813986 227 1201 143.261 0
1300 6151734 274 1300 173.738 0
1300 6489484 274 1300 173.571 0
1300 6827226 269 1300 170.632 0
1300 7164976 271 1300 172.306 0
1300 7502722 274 1300 174.308 0
1300 7840468 272 1300 172.248 0
1400 8232196 317 1400 201.733 0
1400 8623926 317 1400 201.84 0
1400 9015648 315 1401 200.217 0
1400 9407376 316 1400 200.825 0
1400 9799100 315 1401 200.166 0
1400 10190828 315 1400 199.74 0
1500 10640538 364 1500 231.513 0
1500 11090246 364 1500 232.48 0
1500 11539950 366 1501 232.944 0
1500 11989658 365 1500 231.67 0
1500 12439360 369 1500 235.898 0
1500 12889066 365 1500 231.891 0
1600 13400752 419 1600 267.58 0
1600 13912442 414 1600 264.383 0
1600 14424130 417 1600 266.608 0
1600 14935818 421 1600 267.795 0
1600 15447502 413 1600 263.603 0
1600 15959192 418 1600 266.618 0
1700 16536856 470 1700 300.676 0
1700 17114528 470 1700 300.688 0
1700 17692196 475 1700 304.463 0
1700 18269866 468 1700 298.142 0
1700 18847534 473 1700 302.609 0
1700 19425204 470 1700 300.463 0
1800 20072854 531 1801 340.049 0
1800 20720506 525 1802 335.126 0
1800 21368154 525 1800 336.469 0
1800 22015800 530 1800 338.685 0
1800 22663446 531 1800 340.402 0
1800 23311096 524 1802 334.363 0
1900 24032726 591 1900 378.508 0
1900 24754350 589 1901 376.966 0
1900 25475982 588 1900 376.106 0
1900 26197612 596 1900 381.955 0
1900 26919238 590 1900 378.481 0
1900 27640870 585 1900 374.427 0
2000 28440480 654 2000 419.395 0
2000 29240090 657 2000 421.6 0
2000 30039698 657 2000 420.869 0
2000 30839306 660 2000 424.166 0
2000 31638912 648 2000 414.182 0
2000 32438526 655 2000 419.865 0
2100 33320112 729 2100 469.233 0
2100 34201702 725 2100 465.916 0
2100 35083294 727 2100 467.943 0
2100 35964878 723 2101 464.334 0
2100 36846466 730 2100 469.841 0
2100 37728058 733 2100 471.866 0
2200 38695624 800 2200 514.223 0
2200 39663198 795 2200 511.715 0
2200 40630766 790 2200 506.978 0
2200 41598328 799 2200 513.911 0
2200 42565896 800 2200 514.992 0
2200 43533466 795 2200 510.534 0
2300 44591012 870 2301 559.675 0
2300 45648560 871 2300 560.381 0
2300 46706110 883 2303 568.575 0
2300 47763658 872 2300 562.232 0
2300 48821212 874 2301 562.548 0
2300 49878764 881 2300 568.053 0
2400 51030294 959 2401 619.21 0
2400 52181822 961 2400 620.271 0
2400 53333356 961 2400 619.686 0
2400 54484888 958 2401 618.782 0
2400 55636414 954 2400 615.073 0
2400 56787942 958 2400 617.38 0
2500 58037450 1050 2500 676.078 0
2500 59286960 1043 2500 674.103 0
2500 60536466 1043 2500 674.414 0
2500 61785972 1042 2500 673.452 0
2500 63035478 1042 2502 672.994 0
2500 64284986 1051 2500 680.091 0
2600 65636476 1131 2600 731.539 0
2600 66987968 1134 2603 734.77 0
2600 68339460 1133 2600 733.478 0
2600 69690948 1135 2600 734.709 0
2600 71042436 1133 2600 732.775 0
2600 72393920 1131 2600 731.427 0
2700 73851394 1228 2700 795.551 0
2700 75308860 1227 2700 795.928 0
2700 76766328 1203 2702 775.594 0
2700 78223800 1225 2701 793.98 0
2700 79681270 1222 2700 791.53 0
2700 81138742 1218 2700 788.103 0
