1024 3968 431 31315 125.879 0
1024 7936 440 34704 115.651 0
1024 11904 341 28852 76.334 0
1024 15872 323 26345 83.5803 0
1024 19840 23 2109 5.57144 0
1024 23808 17 1637 3.99372 0
196 24536 1 255 0.528047 0
196 25264 1 208 0.408066 0
196 25992 9 1622 4.02772 0
196 26720 1 216 0.409349 0
196 27448 2 433 1.02466 0
196 28176 2 475 0.717323 0
400 29696 38 5573 11.1464 0
400 31216 63 7891 24.0294 0
400 32736 2 466 0.985196 0
400 34256 2 408 1.00605 0
400 35776 19 2543 7.22745 0
400 37296 4 613 1.46576 0
576 39504 179 18326 64.3153 0
576 41712 77 8631 23.3756 0
576 43920 108 13173 30.2386 0
576 46128 79 9631 21.6384 0
576 48336 8 1018 2.46443 0
576 50544 63 7731 18.1679 0
784 53568 91 9685 22.0067 0
784 56592 30 2815 9.6181 0
784 59616 348 31493 104.521 0
784 62640 65 7227 16.5905 0
784 65664 51 5392 12.9166 0
784 68688 7 833 2.10481 0
1089 72912 1626 127198 378.988 0
1089 77136 17 1559 3.94079 0
1089 81360 15 1381 3.8269 0
1089 85584 16 1430 3.72456 0
1089 89808 72 6487 14.2101 0
1089 94032 355 25954 95.4184 0
1225 98792 22 1776 4.27827 0
1225 103552 984 73737 213.448 0
1225 108312 1462 106162 339.919 0
1225 113072 364 29279 72.4477 0
1225 117832 88 5906 24.1288 0
1225 122592 146 11241 28.4135 0
1296 127632 343 21870 87.7239 0
1296 132672 157 12786 30.2042 0
1296 137712 376 27385 80.3193 0
1296 142752 106 9166 18.5102 0
1296 147792 16 1316 3.65334 0
1296 152832 1575 106207 354.537 0
1369 158160 208 15922 34.4395 0
1369 163488 346 22388 78.4461 0
1369 168816 324 23553 58.5071 0
1369 174144 846 51738 199.575 0
1369 179472 381 28737 64.0926 0
1369 184800 19 1460 4.28597 0
1521 190728 1287 80071 288.379 0
1521 196656 622 40918 105.067 0
1521 202584 969 60246 194.542 0
1521 208512 209 15937 37.5607 0
1521 214440 21 1559 4.25486 0
1521 220368 2674 163663 539.609 0
1600 226608 1309 69040 329.188 0
1600 232848 41 2764 7.7032 0
1600 239088 1972 111554 429.364 0
1600 245328 2313 119254 609.446 0
1600 251568 8261 436241 2012.36 0
1600 257808 37 2571 7.11356 0
1681 264368 252 15234 50.7208 0
1681 270928 873 48451 177.378 0
1681 277488 492 27528 105.619 0
1681 284048 2603 158586 446.424 0
1681 290608 454 24649 105.828 0
1681 297168 96 6970 12.7071 0
1764 304056 957 56962 171.723 0
1764 310944 6905 367464 1419.96 0
1764 317832 1222 72501 190.865 0
1764 324720 2638 148732 487.578 0
1764 331608 810 49453 122.021 0
1764 338496 185 9892 37.9543 0
1936 346064 50 2974 8.34546 0
1936 353632 723 40930 103.638 0
1936 361200 127 6862 23.5632 0
1936 368768 4887 258764 841.617 0
1936 376336 243 14794 36.4317 0
1936 383904 6629 333494 1304.86 0
2025 391824 8114 388518 1628.91 0
2025 399744 885 44673 167.455 0
2025 407664 46 2544 8.2104 0
2025 415584 12836 586648 2892.86 0
2025 423504 1952 92372 408.201 0
2025 431424 4168 200949 802.429 0
2116 439704 70 3909 10.6033 0
2116 447984 3849 177710 766.348 0
2116 456264 2256 104874 407.669 0
2116 464544 4003 191479 764.693 0
2116 472824 11348 511047 2164.04 0
2116 481104 1515 67899 318.821 0
2209 489752 14583 612990 3075.43 0
2209 498400 591 24126 126.612 0
2209 507048 254 10924 55.3372 0
2209 515696 502 26086 71.9421 0
2209 524344 131 6254 23.9479 0
2209 532992 232 12631 33.6946 0
2304 542016 643 27286 125.134 0
2304 551040 1338 55145 280.785 0
2304 560064 2900 122291 580.786 0
2304 569088 2442 117575 345.817 0
2304 578112 1562 73916 218.878 0
2304 587136 233 11163 38.6585 0
2401 596544 1468 67418 224.219 0
2401 605952 2000 90531 304.394 0
2401 615360 9403 392599 1713.74 0
2401 624768 10882 471618 1817.9 0
2401 634176 60 2995 10.3948 0
2401 643584 17552 705281 3531.56 0
2500 653384 14534 584859 2776.38 0
2500 663184 461 23655 48.206 0
2500 672984 2805 127932 320.978 0
2500 682784 1333 65946 177.124 0
2500 692584 104 5150 14.2884 0
2500 702384 3021 135088 414.513 0
2601 712584 437 20729 50.4073 0
2601 722784 645 27915 90.0382 0
2601 732984 16311 656260 2662.88 0
2601 743184 1572 64118 239.673 0
2601 753384 5043 198123 857.543 0
2601 763584 1672 75656 238.732 0
2704 774192 32538 1184814 5753.87 0
2704 784800 295 12875 42.4985 0
2704 795408 815 36142 99.6453 0
2704 806016 5533 214200 913.861 0
2704 816624 351 15523 42.6538 0
2704 827232 4988 206512 737.056 0
