1024 4376 35 3214 9.13849 0
1024 8752 11 1093 3.29564 0
1024 13128 17 1719 4.6565 0
1024 17504 12 1141 3.4044 0
1024 21880 36 2622 11.2407 0
1024 26256 25 2564 5.51434 0
196 27062 1 245 0.422181 0
196 27868 1 218 0.422181 0
196 28674 1 274 0.506874 0
196 29480 0 204 0.357378 0
196 30286 1 205 0.427314 0
196 31092 1 203 0.382401 0
400 32772 3 472 1.11512 0
400 34452 2 433 0.927772 0
400 36132 2 421 0.982309 0
400 37812 6 1059 1.98387 0
400 39492 2 445 0.901787 0
400 41172 3 520 1.06411 0
576 43610 10 1287 3.14294 0
576 46048 6 897 2.00119 0
576 48486 7 971 2.29794 0
576 50924 4 617 1.61975 0
576 53362 6 732 2.1725 0
576 55800 11 1490 3.01301 0
784 59136 13 1579 3.72039 0
784 62472 8 902 2.68066 0
784 65808 17 1945 4.56155 0
784 69144 11 1268 2.97612 0
784 72480 15 1712 4.21796 0
784 75816 9 983 2.70376 0
1089 80480 18 1474 5.6818 0
1089 85144 16 1388 4.45696 0
1089 89808 32 2725 8.45581 0
1089 94472 17 1455 5.21984 0
1089 99136 21 1678 6.25572 0
1089 103800 24 2149 6.05426 0
1225 109040 32 2292 9.27387 0
1225 114280 26 2051 7.04683 0
1225 119520 26 1970 7.43437 0
1225 124760 36 3180 7.58739 0
1225 130000 47 3428 12.6 0
1225 135240 20 1608 5.19161 0
1296 140800 20 1653 4.29881 0
1296 146360 31 2518 7.0417 0
1296 151920 17 1353 5.03987 0
1296 157480 22 1846 5.69816 0
1296 163040 31 2151 9.67809 0
1296 168600 23 1878 5.80595 0
1369 174488 26 2039 6.48157 0
1369 180376 37 3135 7.85398 0
1369 186264 18 1380 4.88235 0
1369 192152 25 1702 7.49757 0
1369 198040 32 1987 9.67745 0
1369 203928 47 3861 9.51512 0
1521 210456 22 1611 5.24583 0
1521 216984 37 2171 10.6668 0
1521 223512 39 2695 9.40797 0
1521 230040 24 1762 5.50023 0
1521 236568 36 2149 10.8038 0
1521 243096 31 2091 9.00985 0
1600 249976 48 3344 9.57543 0
1600 256856 65 4369 13.3664 0
1600 263736 57 3141 16.5947 0
1600 270616 70 4922 12.027 0
1600 277496 32 2057 8.40416 0
1600 284376 93 6126 19.5336 0
1681 291616 80 4927 17.7223 0
1681 298856 56 3019 16.586 0
1681 306096 62 3173 19.0171 0
1681 313336 28 1860 6.94642 0
1681 320576 38 2327 9.43075 0
1681 327816 54 2804 15.1154 0
1764 335424 48 2817 12.2375 0
1764 343032 63 2952 20.8858 0
1764 350640 45 2541 12.0168 0
1764 358248 70 4073 17.1166 0
1764 365856 72 4654 12.2955 0
1764 373464 38 2256 9.12662 0
1936 381792 86 5025 12.8858 0
1936 390120 166 7984 40.9814 0
1936 398448 40 2445 8.85714 0
1936 406776 108 6775 16.4766 0
1936 415104 82 3961 23.4984 0
1936 423432 92 4568 22.0567 0
2025 432152 108 5957 20.7754 0
2025 440872 74 3312 22.6993 0
2025 449592 539 17534 192.9 0
2025 458312 51 2719 11.7938 0
2025 467032 71 3689 15.152 0
2025 475752 65 3313 16.9501 0
2116 484872 113 4446 37.1349 0
2116 493992 118 6514 19.7877 0
2116 503112 140 6825 33.1752 0
2116 512232 87 3635 27.9522 0
2116 521352 114 4942 31.4628 0
2116 530472 59 2928 14.8235 0
2209 540000 150 5162 52.8224 0
2209 549528 148 5269 53.4354 0
2209 559056 125 6678 26.5143 0
2209 568584 139 7969 21.6644 0
2209 578112 227 7925 67.3418 0
2209 587640 61 2738 16.7881 0
2304 597584 62 3102 12.1364 0
2304 607528 61 2848 15.9691 0
2304 617472 81 4248 15.8815 0
2304 627416 121 6010 24.893 0
2304 637360 69 3104 19.6561 0
2304 647304 103 5415 16.5398 0
2401 657672 151 5142 46.745 0
2401 668040 149 5586 42.6246 0
2401 678408 275 10356 65.5481 0
2401 688776 181 5701 64.4484 0
2401 699144 61 2780 16.1305 0
2401 709512 132 7026 18.175 0
2500 720312 321 10668 85.2219 0
2500 731112 79 3301 19.5471 0
2500 741912 81 3265 21.8825 0
2500 752712 240 9844 56.5476 0
2500 763512 176 6025 47.983 0
2500 774312 153 6842 22.0654 0
2601 785552 60 2716 13.709 0
2601 796792 96 4094 20.9589 0
2601 808032 111 5340 19.0957 0
2601 819272 109 4152 28.5588 0
2601 830512 335 9889 115.404 0
2601 841752 76 3366 16.44 0
2704 853440 156 5492 42.0484 0
2704 865128 160 6756 29.6884 0
2704 876816 108 4675 20.8822 0
2704 888504 205 8549 37.5478 0
2704 900192 132 5755 28.9464 0
2704 911880 323 10949 82.8354 0
