1024 5196 14 1162 4.82044 0
1024 10392 13 1096 4.44734 0
1024 15588 17 1318 5.64908 0
1024 20784 16 1239 5.75142 0
1024 25980 16 1352 4.8846 0
1024 31176 13 1060 5.03313 0
196 32138 1 244 0.633272 0
196 33100 1 228 0.522594 0
196 34062 1 230 0.478643 0
196 35024 1 196 0.427956 0
196 35986 1 197 0.441109 0
196 36948 1 198 0.422181 0
400 38948 2 403 1.1841 0
400 40948 3 538 1.37337 0
400 42948 3 487 1.32525 0
400 44948 3 407 1.53345 0
400 46948 3 421 1.25435 0
400 48948 3 427 1.12635 0
576 51846 5 618 2.24757 0
576 54744 4 578 1.71439 0
576 57642 5 577 1.81897 0
576 60540 6 692 2.47085 0
576 63438 5 593 2.24404 0
576 66336 5 598 1.83437 0
784 70300 10 941 3.79033 0
784 74264 12 1165 4.34468 0
784 78228 10 1037 3.72777 0
784 82192 15 1364 5.10178 0
784 86156 9 791 3.59464 0
784 90120 9 895 3.37841 0
1089 95664 14 1109 5.02415 0
1089 101208 17 1295 6.25027 0
1089 106752 17 1234 6.16044 0
1089 112296 14 1128 4.91989 0
1089 117840 16 1318 5.8329 0
1089 123384 15 1269 4.9324 0
1225 129584 17 1249 5.98978 0
1225 135784 23 1478 8.40288 0
1225 141984 18 1456 5.21695 0
1225 148184 22 1416 8.03043 0
1225 154384 32 2088 10.5571 0
1225 160584 19 1465 6.3648 0
1296 167184 20 1417 6.69876 0
1296 173784 20 1310 7.20884 0
1296 180384 19 1301 6.85114 0
1296 186984 31 1885 11.0572 0
1296 193584 20 1416 6.56851 0
1296 200184 22 1449 7.3609 0
1369 207192 23 1481 7.77025 0
1369 214200 24 1453 8.7917 0
1369 221208 29 1764 9.97195 0
1369 228216 22 1473 7.1357 0
1369 235224 24 1498 8.87479 0
1369 242232 24 1663 7.4812 0
1521 249960 26 1598 8.9999 0
1521 257688 24 1541 8.02208 0
1521 265416 27 1725 8.68166 0
1521 273144 29 1711 9.96072 0
1521 280872 29 1587 10.6768 0
1521 288600 31 1714 11.5647 0
1600 296760 31 1645 11.3527 0
1600 304920 32 1610 13.1521 0
1600 313080 40 2084 14.3147 0
1600 321240 40 2043 13.915 0
1600 329400 38 2146 11.9327 0
1600 337560 31 1759 10.8596 0
1681 346160 33 1695 12.5823 0
1681 354760 45 2101 16.9184 0
1681 363360 33 1785 11.7746 0
1681 371960 35 2066 10.6505 0
1681 380560 34 1883 11.6401 0
1681 389160 35 2039 10.356 0
1764 398208 45 2467 14.3067 0
1764 407256 46 2425 14.7674 0
1764 416304 43 2300 12.7735 0
1764 425352 37 2045 12.2365 0
1764 434400 43 2000 16.3797 0
1764 443448 34 1793 11.6911 0
1936 453296 45 2346 13.2102 0
1936 463144 48 2336 15.9216 0
1936 472992 47 2240 16.1866 0
1936 482840 50 2473 14.5107 0
1936 492688 51 2564 15.5652 0
1936 502536 59 2949 17.6735 0
2025 512856 78 3255 26.6077 0
2025 523176 71 2805 26.8711 0
2025 533496 43 2145 13.4059 0
2025 543816 50 2108 18.7332 0
2025 554136 47 2124 16.2803 0
2025 564456 44 2162 13.4206 0
2116 575256 54 2243 20.3908 0
2116 586056 48 2231 15.5899 0
2116 596856 52 2571 15.3987 0
2116 607656 78 3106 26.3652 0
2116 618456 55 2646 15.4301 0
2116 629256 56 2411 18.8438 0
2209 640544 56 2490 18.209 0
2209 651832 71 2909 23.0512 0
2209 663120 58 2382 20.223 0
2209 674408 69 2791 23.5433 0
2209 685696 73 3258 21.9422 0
2209 696984 56 2426 18.2905 0
2304 708768 76 2924 25.3864 0
2304 720552 65 2633 22.1876 0
2304 732336 61 2366 21.4693 0
2304 744120 104 3610 38.8288 0
2304 755904 62 2409 21.5271 0
2304 767688 89 3089 34.8373 0
2401 779976 85 3581 26.1201 0
2401 792264 80 2877 28.5046 0
2401 804552 66 2594 22.5697 0
2401 816840 65 2527 22.3701 0
2401 829128 91 3300 30.791 0
2401 841416 63 2428 21.9377 0
2500 854216 104 3803 29.8382 0
2500 867016 81 3271 23.3894 0
2500 879816 82 2902 29.4808 0
2500 892616 79 3180 24.1083 0
2500 905416 113 4043 37.8106 0
2500 918216 69 2597 24.0031 0
2601 931536 75 2783 24.4945 0
2601 944856 78 2907 24.5622 0
2601 958176 83 2813 30.5077 0
2601 971496 88 3137 29.3605 0
2601 984816 74 2633 25.6815 0
2601 998136 109 3956 30.8779 0
2704 1011984 83 2948 27.3539 0
2704 1025832 84 2936 28.0353 0
2704 1039680 84 3190 26.1746 0
2704 1053528 151 4415 58.3229 0
2704 1067376 80 2768 27.7481 0
2704 1081224 106 3888 33.4373 0
