1024 4786 11 1031 3.31008 0
1024 9572 12 1149 3.80476 0
1024 14358 14 1305 3.97319 0
1024 19144 13 1187 3.5818 0
1024 23930 17 1454 5.10403 0
1024 28716 18 1652 4.6934 0
196 29600 1 265 0.457149 0
196 30484 1 224 0.470302 0
196 31368 1 200 0.380797 0
196 32252 1 237 0.457149 0
196 33136 1 267 0.480247 0
196 34020 2 408 0.973006 0
400 35860 3 492 1.29317 0
400 37700 2 412 1.00733 0
400 39540 2 410 0.832813 0
400 41380 4 654 1.50554 0
400 43220 4 598 1.2011 0
400 45060 3 486 1.17255 0
576 47728 5 677 1.56938 0
576 50396 7 912 2.09262 0
576 53064 4 581 1.45903 0
576 55732 4 586 1.43176 0
576 58400 4 581 1.71567 0
576 61068 6 944 1.98964 0
784 64718 10 1013 3.42204 0
784 68368 11 1183 3.2549 0
784 72018 7 791 2.35376 0
784 75668 7 816 2.08524 0
784 79318 10 1150 3.10893 0
784 82968 8 1042 2.37236 0
1089 88072 14 1305 3.83813 0
1089 93176 20 1570 6.70197 0
1089 98280 14 1233 4.54326 0
1089 103384 14 1231 4.12044 0
1089 108488 12 1119 3.59143 0
1089 113592 12 1090 3.76595 0
1225 119312 30 1915 10.5439 0
1225 125032 18 1402 5.35779 0
1225 130752 14 1233 3.97222 0
1225 136472 34 2548 9.89174 0
1225 142192 23 1886 5.84958 0
1225 147912 24 1868 6.63973 0
1296 153992 17 1414 4.26576 0
1296 160072 20 1562 5.50536 0
1296 166152 25 2133 5.79986 0
1296 172232 17 1348 4.66517 0
1296 178312 18 1501 4.7752 0
1296 184392 20 1465 6.55664 0
1369 190840 21 1637 5.15921 0
1369 197288 19 1453 4.80632 0
1369 203736 19 1446 5.22337 0
1369 210184 39 2239 13.6968 0
1369 216632 36 2220 12.283 0
1369 223080 20 1544 5.71067 0
1521 230208 28 1873 7.99706 0
1521 237336 23 1556 6.50018 0
1521 244464 28 1954 7.28583 0
1521 251592 32 2061 9.28799 0
1521 258720 22 1720 5.38377 0
1521 265848 29 2082 7.16232 0
1600 273368 32 1947 9.30531 0
1600 280888 34 2469 8.54821 0
1600 288408 27 1841 7.23611 0
1600 295928 26 1740 6.6763 0
1600 303448 40 2367 12.9086 0
1600 310968 24 1607 6.74848 0
1681 318888 55 3644 13.6182 0
1681 326808 29 1853 7.99578 0
1681 334728 48 3355 10.1022 0
1681 342648 41 2668 9.04064 0
1681 350568 43 2226 14.5104 0
1681 358488 30 1982 8.01406 0
1764 366816 57 3238 14.485 0
1764 375144 31 1864 9.12534 0
1764 383472 30 1847 7.55371 0
1764 391800 35 2002 10.0477 0
1764 400128 29 1819 8.19436 0
1764 408456 32 1940 8.97809 0
1936 417544 32 1955 7.30508 0
1936 426632 36 2156 9.14074 0
1936 435720 54 3284 11.4082 0
1936 444808 85 4172 24.2251 0
1936 453896 54 2782 16.1658 0
1936 462984 57 2931 16.329 0
2025 472504 40 2185 10.781 0
2025 482024 43 2316 11.071 0
2025 491544 35 2059 8.43047 0
2025 501064 40 2301 9.05027 0
2025 510584 143 6016 43.5905 0
2025 520104 45 2498 10.5844 0
2116 530064 64 2779 20.5903 0
2116 540024 101 4596 29.6194 0
2116 549984 64 3835 12.7681 0
2116 559944 45 2433 10.4262 0
2116 569904 38 2144 8.85843 0
2116 579864 53 2830 12.8085 0
2209 590272 56 2642 16.0997 0
2209 600680 66 3057 16.3999 0
2209 611088 229 8274 74.0796 0
2209 621496 64 3167 13.6744 0
2209 631904 51 2755 11.2783 0
2209 642312 54 2913 11.0627 0
2304 653176 51 2570 11.4801 0
2304 664040 74 3132 22.144 0
2304 674904 46 2421 10.0974 0
2304 685768 73 3384 19.2179 0
2304 696632 54 2757 10.875 0
2304 707496 83 3286 26.7687 0
2401 718824 74 3399 18.3504 0
2401 730152 58 2940 13.086 0
2401 741480 64 3024 14.5749 0
2401 752808 62 2831 15.904 0
2401 764136 63 2680 18.1487 0
2401 775464 61 2972 13.4646 0
2500 787264 51 2519 10.7047 0
2500 799064 121 4577 34.1219 0
2500 810864 74 3404 16.1491 0
2500 822664 140 4377 51.5481 0
2500 834464 91 3495 27.2146 0
2500 846264 122 4266 38.2558 0
2601 858544 56 2692 11.166 0
2601 870824 87 4252 16.5854 0
2601 883104 65 2842 16.3374 0
2601 895384 70 3096 16.0788 0
2601 907664 272 7101 103.226 0
2601 919944 72 3237 16.706 0
2704 932712 217 6244 75.9791 0
2704 945480 162 5997 40.0167 0
2704 958248 129 4635 32.0697 0
2704 971016 66 2751 16.9273 0
2704 983784 122 4035 40.6317 0
2704 996552 67 2784 16.9299 0
