1000 5400 31 2479 9.5703 0
1000 10800 19 1534 5.33886 0
1000 16200 27 2178 7.29129 0
1000 21600 24 1963 7.5659 0
1000 27000 14 1232 4.25646 0
1000 32400 38 3238 10.0794 0
216 33480 2 315 0.886388 0
216 34560 1 264 0.681714 0
216 35640 1 221 0.527085 0
216 36720 7 981 3.12562 0
216 37800 1 218 0.498212 0
216 38880 1 286 0.760311 0
343 40644 3 429 1.15587 0
343 42408 2 350 1.01279 0
343 44172 14 1676 6.54541 0
343 45936 3 371 1.18602 0
343 47700 3 544 1.32461 0
343 49464 3 478 1.29734 0
512 52152 5 545 1.94216 0
512 54840 10 1265 3.33735 0
512 57528 13 1306 5.2346 0
512 60216 4 554 1.73909 0
512 62904 12 1353 4.56957 0
512 65592 4 541 1.68359 0
729 69480 38 3260 15.0208 0
729 73368 32 2947 11.7903 0
729 77256 10 956 3.55935 0
729 81144 11 1164 3.65302 0
729 85032 13 1261 4.6456 0
729 88920 12 1337 3.70275 0
1000 94320 12 1031 3.99372 0
1000 99720 22 1721 6.38661 0
1000 105120 47 3890 12.4649 0
1000 110520 393 27611 125.871 0
1000 115920 16 1320 4.68281 0
1000 121320 15 1202 4.59266 0
1000 126720 13 1031 4.15508 0
1000 132120 21 1721 6.09821 0
1000 137520 47 3890 12.5993 0
1000 142920 395 27611 126.636 0
1000 148320 16 1320 4.59266 0
1000 153720 15 1202 4.68891 0
1000 159120 13 1031 4.09509 0
1000 164520 21 1721 6.10687 0
1000 169920 47 3890 12.3844 0
1000 175320 395 27611 126.567 0
1000 180720 15 1320 4.5686 0
1000 186120 15 1202 4.55096 0
1331 193380 58 3990 15.5857 0
1331 200640 65 4360 16.5193 0
1331 207900 56 3904 13.1425 0
1331 215160 24 1623 6.45751 0
1331 222420 94 6419 21.1986 0
1331 229680 335 20740 84.9999 0
1331 236940 58 3990 15.7696 0
1331 244200 66 4360 16.6948 0
1331 251460 56 3904 13.0719 0
1331 258720 24 1623 6.52745 0
1331 265980 94 6419 21.2971 0
1331 273240 334 20740 85.0878 0
1331 280500 59 3990 15.768 0
1331 287760 64 4360 16.3608 0
1331 295020 56 3904 13.0546 0
1331 302280 23 1623 6.31764 0
1331 309540 95 6419 21.3712 0
1331 316800 335 20740 85.1292 0
1331 324060 58 3990 15.6682 0
1331 331320 65 4360 16.8135 0
1331 338580 264 14817 83.2316 0
1331 345840 24 1623 6.41517 0
1331 353100 94 6419 21.2165 0
1331 360360 335 20740 84.8956 0
1728 369864 32 1799 8.00797 0
1728 379368 38 2059 9.91773 0
1728 388872 31 1767 7.70545 0
1728 398376 82 4871 19.2009 0
1728 407880 87 4460 23.2938 0
1728 417384 234 12889 48.2374 0
1728 426888 32 1799 8.15939 0
1728 436392 218 12089 50.014 0
1728 445896 31 1767 7.83666 0
1728 455400 81 4871 19.035 0
1728 464904 86 4460 23.2245 0
1728 474408 234 12889 48.3144 0
1728 483912 32 1799 7.91846 0
1728 493416 218 12089 50.4205 0
1728 502920 31 1767 7.88542 0
1728 512424 81 4871 19.0097 0
1728 521928 87 4460 23.2947 0
1728 531432 235 12889 48.7151 0
1728 540936 44 2471 10.3511 0
1728 550440 218 12089 50.3069 0
1728 559944 32 1767 7.99514 0
1728 569448 82 4871 19.1444 0
1728 578952 87 4460 23.38 0
1728 588456 141 7858 28.8886 0
2197 600624 115 5412 23.031 0
2197 612792 88 4123 20.326 0
2197 624960 256 11328 62.6692 0
2197 637128 52 2459 12.1647 0
2197 649296 7828 302864 2308.58 0
2197 661464 839 36611 205.751 0
2197 673632 116 5412 23.244 0
2197 685800 88 4123 20.196 0
2197 697968 257 11328 62.5377 0
2197 710136 102 4808 20.924 0
2197 722304 7822 302864 2306.78 0
2197 734472 839 36611 205.489 0
2197 746640 116 5412 23.3691 0
2197 758808 89 4123 20.3872 0
2197 770976 2116 84083 570.114 0
2197 783144 102 4808 20.958 0
2197 795312 7827 302864 2308.95 0
2197 807480 842 36611 206.657 0
2197 819648 116 5412 23.553 0
2197 831816 53 2435 13.1181 0
2197 843984 2122 84083 573.883 0
2197 856152 101 4808 20.9262 0
2197 868320 7828 302864 2308.7 0
2197 880488 842 36611 207.079 0
2197 892656 103 4816 21.4093 0
2197 904824 53 2435 12.8412 0
2197 916992 2114 84083 570.674 0
2197 929160 101 4808 20.9387 0
2197 941328 7836 302864 2312.35 0
2197 953496 100 5038 22.5899 0
2197 965664 102 4816 21.0625 0
2197 977832 53 2435 13.2602 0
2197 990000 2111 84083 570.107 0
2197 1002168 101 4808 20.6365 0
2197 1014336 197 10398 33.1098 0
2197 1026504 101 5038 23.0817 0
