1000 6200 15 1012 6.85756 0
1000 12400 19 1192 8.51003 0
1000 18600 19 1007 9.47277 0
1000 24800 18 1120 8.64477 0
1000 31000 18 1022 9.06791 0
1000 37200 13 1019 5.18359 0
216 38452 1 234 0.790467 0
216 39704 1 223 0.667598 0
216 40956 1 244 0.665032 0
216 42208 1 239 0.634234 0
216 43460 1 228 0.599908 0
216 44712 1 260 0.770898 0
343 46750 3 345 1.42791 0
343 48788 2 343 1.29991 0
343 50826 2 343 1.32942 0
343 52864 3 372 1.39519 0
343 54902 3 406 1.23061 0
343 56940 2 352 1.0115 0
512 60036 4 515 1.54629 0
512 63132 5 542 2.50261 0
512 66228 5 549 2.47951 0
512 69324 6 800 2.26008 0
512 72420 4 513 1.7346 0
512 75516 6 753 2.7121 0
729 79986 11 765 5.41329 0
729 84456 10 838 4.12782 0
729 88926 9 759 4.05916 0
729 93396 11 733 5.67827 0
729 97866 13 952 6.28203 0
729 102336 10 810 4.98244 0
1000 108616 20 1013 10.4432 0
1000 114896 20 1329 8.69514 0
1000 121176 18 1039 8.91681 0
1000 127456 18 1099 8.97937 0
1000 133736 22 1105 10.9369 0
1000 140016 21 1053 10.6979 0
1000 146376 20 1215 9.38102 0
1000 152736 21 1424 9.05284 0
1000 159096 20 1052 10.4442 0
1000 165456 17 1045 7.65829 0
1000 171816 19 1144 8.90623 0
1000 178176 22 1101 11.2465 0
1000 184616 20 1101 10.3874 0
1000 191056 21 1002 11.3646 0
1000 197496 23 1111 12.1788 0
1000 203936 23 1007 12.8817 0
1000 210376 21 1005 11.2571 0
1000 216816 23 1006 12.6953 0
1331 225196 28 1378 13.2323 0
1331 233576 30 1351 14.4722 0
1331 241956 43 2310 18.2151 0
1331 250336 35 1744 15.4552 0
1331 258716 42 2228 17.5295 0
1331 267096 34 1501 17.0396 0
1331 275556 31 1365 15.2255 0
1331 284016 35 1595 17.2623 0
1331 292476 38 2178 15.1273 0
1331 300936 30 1415 14.6666 0
1331 309396 34 1635 16.0413 0
1331 317856 29 1342 13.8252 0
1331 326396 33 1537 15.8822 0
1331 334936 43 2099 18.7027 0
1331 343476 31 1336 15.2572 0
1331 352016 33 1490 16.6482 0
1331 360556 35 1448 17.8323 0
1331 369096 34 1409 17.6158 0
1331 377716 32 1494 14.8934 0
1331 386336 37 1344 20.446 0
1331 394956 31 1426 14.5832 0
1331 403576 36 1499 17.6585 0
1331 412196 36 1611 17.2905 0
1331 420816 35 1448 18.344 0
1728 431760 66 2818 27.0793 0
1728 442704 53 1734 27.4562 0
1728 453648 50 1839 24.1724 0
1728 464592 57 1914 28.8331 0
1728 475536 56 2255 25.3966 0
1728 486480 51 1923 24.226 0
1728 497504 56 2039 26.7511 0
1728 508528 56 1979 27.2852 0
1728 519552 46 1736 21.6955 0
1728 530576 58 1903 29.4789 0
1728 541600 51 1902 22.1709 0
1728 552624 51 1825 24.3752 0
1728 563728 48 1857 22.4898 0
1728 574832 54 2100 25.1426 0
1728 585936 63 2077 31.7557 0
1728 597040 53 1752 27.463 0
1728 608144 56 1766 28.9159 0
1728 619248 59 2131 27.8088 0
1728 630432 48 1742 23.4827 0
1728 641616 53 1746 26.7578 0
1728 652800 53 1790 27.2458 0
1728 663984 47 1914 21.067 0
1728 675168 57 1919 28.4504 0
1728 686352 59 1869 30.952 0
2197 700280 108 3595 45.6642 0
2197 714208 109 3486 46.1438 0
2197 728136 77 2233 37.8458 0
2197 742064 81 2591 36.4218 0
2197 755992 77 2282 36.5944 0
2197 769920 73 2357 33.088 0
2197 783928 87 2531 41.9817 0
2197 797936 80 2310 39.5898 0
2197 811944 67 2213 30.3091 0
2197 825952 77 2440 34.674 0
2197 839960 82 2351 39.8275 0
2197 853968 72 2214 33.6548 0
2197 868056 96 2361 50.4221 0
2197 882144 105 3122 49.2669 0
2197 896232 98 2770 45.8843 0
2197 910320 88 2850 38.4461 0
2197 924408 84 2331 41.5659 0
2197 938496 105 3123 49.2056 0
2197 952664 91 2461 45.7114 0
2197 966832 104 2917 50.0169 0
2197 981000 73 2204 33.9404 0
2197 995168 85 2358 42.109 0
2197 1009336 74 2222 35.2358 0
2197 1023504 78 2200 38.6909 0
2197 1037752 86 2349 43.4064 0
2197 1052000 83 2204 41.9047 0
2197 1066248 103 3306 45.2286 0
2197 1080496 86 2328 43.143 0
2197 1094744 93 2525 45.9552 0
2197 1108992 92 2239 49.2781 0
2197 1123320 96 2511 49.3567 0
2197 1137648 95 2394 49.5989 0
2197 1151976 77 2232 37.5773 0
2197 1166304 104 3201 48.8027 0
2197 1180632 90 2655 43.065 0
2197 1194960 86 2240 44.5282 0
