1000 5800 13 1116 4.6225 0
1000 11600 38 3235 11.5291 0
1000 17400 13 1042 5.14606 0
1000 23200 31 2288 11.6087 0
1000 29000 12 1016 4.38863 0
1000 34800 14 1008 5.83386 0
216 35966 1 272 0.604399 0
216 37132 1 240 0.623006 0
216 38298 1 299 0.686526 0
216 39464 1 230 0.53703 0
216 40630 1 274 0.671769 0
216 41796 1 223 0.544088 0
343 43696 2 381 1.10325 0
343 45596 2 356 0.958249 0
343 47496 2 352 0.981347 0
343 49396 3 533 1.3846 0
343 51296 2 349 0.964344 0
343 53196 2 371 1.02401 0
512 56088 5 722 1.73556 0
512 58980 4 555 1.65793 0
512 61872 5 644 2.24308 0
512 64764 8 1090 2.9989 0
512 67656 5 617 2.19592 0
512 70548 4 539 1.67301 0
729 74726 10 1057 3.78199 0
729 78904 12 1244 4.62795 0
729 83082 8 883 2.80096 0
729 87260 8 793 3.47465 0
729 91438 8 918 2.83497 0
729 95616 10 932 3.68254 0
1000 101456 12 1020 4.05788 0
1000 107296 13 1136 4.66388 0
1000 113136 12 1065 4.04409 0
1000 118976 12 1016 4.29496 0
1000 124816 12 1028 4.49867 0
1000 130656 16 1375 4.50091 0
1000 136536 17 1171 7.04427 0
1000 142416 12 1004 4.82397 0
1000 148296 13 1130 4.10376 0
1000 154176 13 1092 4.49353 0
1000 160056 19 1347 7.78854 0
1000 165936 18 1364 6.40779 0
1000 171856 20 1369 8.28226 0
1000 177776 17 1515 5.5121 0
1000 183696 14 1171 5.51017 0
1000 189616 12 1072 3.67291 0
1000 195536 11 1012 3.55967 0
1000 201456 24 1702 8.72144 0
1331 209276 23 1352 9.29312 0
1331 217096 23 1455 9.06631 0
1331 224916 23 1416 8.40898 0
1331 232736 21 1541 6.21242 0
1331 240556 37 1951 14.8578 0
1331 248376 36 2322 11.2308 0
1331 256236 21 1377 7.77153 0
1331 264096 27 1780 8.70219 0
1331 271956 39 2365 13.5971 0
1331 279816 32 1797 12.8897 0
1331 287676 22 1405 8.04133 0
1331 295536 24 1538 8.31273 0
1331 303436 27 1439 11.952 0
1331 311336 68 3705 24.3704 0
1331 319236 20 1346 7.27172 0
1331 327136 21 1600 5.97694 0
1331 335036 43 3069 13.0385 0
1331 342936 30 1468 13.8364 0
1331 350876 23 1397 8.85265 0
1331 358816 19 1360 6.2769 0
1331 366756 24 1368 10.2328 0
1331 374696 30 1882 10.8073 0
1331 382636 23 1575 7.36828 0
1331 390576 31 1530 14.0898 0
1728 400800 39 2487 8.74165 0
1728 411024 31 2001 7.44688 0
1728 421248 54 2964 16.8674 0
1728 431472 74 3216 27.1694 0
1728 441696 44 2075 16.6537 0
1728 451920 48 2581 14.8447 0
1728 462184 28 1733 7.93932 0
1728 472448 44 2470 13.0472 0
1728 482712 33 1943 9.6999 0
1728 492976 42 2201 13.2775 0
1728 503240 34 1999 9.37589 0
1728 513504 40 1823 16.4256 0
1728 523808 39 1733 16.4362 0
1728 534112 38 2376 9.32327 0
1728 544416 59 2331 25.3758 0
1728 554720 33 1809 11.4695 0
1728 565024 51 2616 17.7306 0
1728 575328 42 2358 14.076 0
1728 585672 64 4031 16.2344 0
1728 596016 33 1913 9.6829 0
1728 606360 50 2097 21.1604 0
1728 616704 39 2027 13.351 0
1728 627048 36 1906 12.8015 0
1728 637392 65 3834 17.6501 0
2197 650440 59 2247 23.1991 0
2197 663488 53 2366 16.6624 0
2197 676536 113 5737 23.3156 0
2197 689584 67 3598 14.8152 0
2197 702632 67 2392 27.0026 0
2197 715680 148 5743 43.1026 0
2197 728768 90 3512 30.1972 0
2197 741856 46 2264 12.3818 0
2197 754944 67 2262 29.4256 0
2197 768032 76 2294 36.4378 0
2197 781120 74 2459 32.5849 0
2197 794208 112 6033 27.649 0
2197 807336 63 2667 20.641 0
2197 820464 62 3242 13.4049 0
2197 833592 60 2545 20.479 0
2197 846720 63 3064 17.7313 0
2197 859848 58 2924 15.4587 0
2197 872976 64 2770 20.265 0
2197 886144 57 2271 21.6191 0
2197 899312 62 2500 23.2071 0
2197 912480 73 2683 29.9838 0
2197 925648 88 4566 22.135 0
2197 938816 55 2559 16.8638 0
2197 951984 64 2312 26.3183 0
2197 965192 58 2304 21.7648 0
2197 978400 64 2774 22.6297 0
2197 991608 81 3419 27.5396 0
2197 1004816 99 3574 35.8257 0
2197 1018024 57 2227 21.5887 0
2197 1031232 99 4102 33.4896 0
2197 1044480 71 2842 26.4957 0
2197 1057728 54 2476 16.6098 0
2197 1070976 65 2318 26.8185 0
2197 1084224 63 2635 21.4976 0
2197 1097472 63 2615 22.9046 0
2197 1110720 63 2685 22.1674 0
