1000 6600 21 1010 11.2725 0
1000 13200 20 1005 10.5856 0
1000 19800 21 1037 10.9273 0
1000 26400 22 1040 11.7797 0
1000 33000 23 1262 11.2026 0
1000 39600 21 1018 11.0386 0
216 40938 1 223 0.670806 0
216 42276 1 220 0.794958 0
216 43614 1 222 0.798166 0
216 44952 1 222 0.917185 0
216 46290 1 221 0.676581 0
216 47628 1 218 0.754857 0
343 49802 3 347 1.86902 0
343 51976 3 347 1.92773 0
343 54150 3 346 1.95018 0
343 56324 3 376 1.59345 0
343 58498 3 390 1.96911 0
343 60672 3 355 1.71888 0
512 63974 5 519 2.65981 0
512 67276 7 588 3.84647 0
512 70578 6 545 2.80866 0
512 73880 6 521 3.15866 0
512 77182 7 531 3.66233 0
512 80484 7 584 3.38226 0
729 85246 12 766 6.33978 0
729 90008 11 737 6.06549 0
729 94770 10 745 5.24903 0
729 99532 12 766 5.98336 0
729 104294 12 870 6.10495 0
729 109056 13 765 6.92236 0
1000 115776 22 1065 11.5298 0
1000 122496 23 1032 12.6141 0
1000 129216 22 1047 11.696 0
1000 135936 22 1028 12.2173 0
1000 142656 24 1111 12.9221 0
1000 149376 22 1056 11.5323 0
1000 156216 24 1019 13.3715 0
1000 163056 22 1061 11.7502 0
1000 169896 23 1000 12.9054 0
1000 176736 25 1133 13.9528 0
1000 183576 24 1054 12.7161 0
1000 190416 21 1164 10.4278 0
1000 197376 24 1010 13.1704 0
1000 204336 25 1040 14.0574 0
1000 211296 25 1071 13.6773 0
1000 218256 25 1015 13.9884 0
1000 225216 22 1080 11.8618 0
1000 232176 25 1057 13.7713 0
1331 241116 39 1512 20.5435 0
1331 250056 34 1331 17.857 0
1331 258996 38 1461 19.6394 0
1331 267936 40 1565 20.8457 0
1331 276876 41 1647 21.0378 0
1331 285816 38 1384 20.0536 0
1331 294876 43 1346 24.6203 0
1331 303936 41 1474 22.3602 0
1331 312996 38 1502 19.626 0
1331 322056 40 1363 22.1472 0
1331 331116 39 1338 21.8902 0
1331 340176 38 1427 20.232 0
1331 349356 39 1621 19.9715 0
1331 358536 40 1537 21.0844 0
1331 367716 39 1334 21.8065 0
1331 376896 43 1643 21.9813 0
1331 386076 41 1411 22.792 0
1331 395256 38 1377 20.7722 0
1331 404556 39 1375 21.1703 0
1331 413856 40 1510 21.2756 0
1331 423156 40 1435 21.2849 0
1331 432456 43 1567 22.7872 0
1331 441756 43 1599 22.7054 0
1331 451056 41 1422 22.3211 0
1728 462720 60 1910 30.9832 0
1728 474384 65 2086 32.5387 0
1728 486048 61 1732 33.8268 0
1728 497712 60 1782 31.6228 0
1728 509376 66 2066 34.8867 0
1728 521040 63 1734 34.9278 0
1728 532824 60 1739 31.7605 0
1728 544608 68 1966 36.5652 0
1728 556392 67 1950 35.8799 0
1728 568176 72 2298 36.9604 0
1728 579960 62 2026 31.6905 0
1728 591744 63 1894 32.8092 0
1728 603648 66 1999 34.8704 0
1728 615552 69 1959 38.0127 0
1728 627456 65 2236 32.2118 0
1728 639360 66 1999 34.3317 0
1728 651264 63 1736 34.5916 0
1728 663168 64 1743 35.3564 0
1728 675192 65 1797 35.2659 0
1728 687216 66 1803 36.6791 0
1728 699240 65 1797 35.4481 0
1728 711264 67 1821 36.9008 0
1728 723288 64 2065 32.8724 0
1728 735312 66 1836 36.3608 0
2197 750120 100 2389 52.8625 0
2197 764928 103 2384 55.3311 0
2197 779736 102 2330 55.5066 0
2197 794544 111 2738 57.5042 0
2197 809352 101 2794 49.7885 0
2197 824160 109 2677 56.956 0
2197 839088 93 2199 49.8453 0
2197 854016 147 3500 73.242 0
2197 868944 106 2379 57.7182 0
2197 883872 95 2317 50.6441 0
2197 898800 101 2256 55.1505 0
2197 913728 106 3024 51.5173 0
2197 928776 96 2210 52.2869 0
2197 943824 101 2200 55.3863 0
2197 958872 110 2774 56.0949 0
2197 973920 111 2551 59.935 0
2197 988968 101 2536 52.5019 0
2197 1004016 99 2470 51.8314 0
2197 1019184 105 2217 59.0973 0
2197 1034352 106 2878 53.1169 0
2197 1049520 103 2299 56.2075 0
2197 1064688 103 2489 54.6186 0
2197 1079856 101 2306 54.9391 0
2197 1095024 106 2229 59.2385 0
2197 1110312 110 2895 55.9538 0
2197 1125600 97 2258 52.6597 0
2197 1140888 109 2520 58.4788 0
2197 1156176 109 2310 61.0113 0
2197 1171464 101 2316 55.5463 0
2197 1186752 107 2406 59.0855 0
2197 1202160 114 2644 60.5715 0
2197 1217568 108 2356 60.0537 0
2197 1232976 103 2285 56.5062 0
2197 1248384 109 2397 59.7909 0
2197 1263792 112 2549 60.1663 0
2197 1279200 119 2649 63.7096 0
