1296 7200 36 2538 8.56489 0
1296 14400 20 1483 4.83936 0
1296 21600 30 2177 6.44404 0
1296 28800 22 1616 5.2022 0
1296 36000 30 1972 6.67374 0
1296 43200 22 1704 5.14092 0
256 44544 1 282 0.664069 0
256 45888 1 261 0.670165 0
256 47232 1 265 0.75999 0
256 48576 1 281 0.669523 0
256 49920 1 276 0.689413 0
256 51264 1 297 0.722135 0
625 54664 6 778 2.16544 0
625 58064 6 676 2.02397 0
625 61464 6 748 2.06343 0
625 64864 6 673 1.91874 0
625 68264 6 677 1.84335 0
625 71664 6 771 2.07433 0
625 74664 6 766 1.83501 0
625 77664 6 747 1.80614 0
625 80664 6 739 1.7731 0
625 83664 6 797 1.98932 0
625 86664 5 675 1.55944 0
625 89664 7 852 2.12791 0
625 92664 6 766 1.83758 0
625 95664 6 747 1.94729 0
625 98664 5 739 1.66274 0
625 101664 7 797 2.05188 0
625 104664 5 675 1.61718 0
625 107664 7 852 2.14267 0
1296 114144 19 1505 4.13102 0
1296 120624 20 1607 4.31196 0
1296 127104 18 1442 3.85385 0
1296 133584 29 2169 6.1566 0
1296 140064 18 1403 4.11563 0
1296 146544 26 1926 5.40623 0
1296 153024 19 1505 3.97255 0
1296 159504 21 1607 4.34853 0
1296 165984 18 1442 4.02259 0
1296 172464 29 2169 6.22172 0
1296 178944 17 1403 3.74958 0
1296 185424 27 1926 5.67025 0
1296 191904 40 3024 8.80838 0
1296 198384 21 1607 4.34276 0
1296 204864 19 1442 4.13712 0
1296 211344 29 2169 6.30288 0
1296 217824 18 1403 3.91255 0
1296 224304 27 1926 5.60545 0
1296 230784 41 3024 9.10994 0
1296 237264 20 1607 4.20192 0
1296 243744 18 1442 3.93373 0
1296 250224 29 2169 6.41581 0
1296 256704 18 1403 3.98024 0
1296 263184 26 1926 5.37158 0
1296 269664 41 3024 8.94537 0
1296 276144 20 1607 4.36168 0
1296 282624 18 1442 3.89619 0
1296 289104 29 2169 6.23102 0
1296 295584 18 1403 3.89876 0
1296 302064 31 2338 6.07126 0
1296 308544 40 3024 8.73973 0
1296 315024 21 1607 4.34981 0
1296 321504 19 1442 4.20224 0
1296 327984 28 2169 6.13382 0
1296 334464 18 1403 4.03607 0
1296 340944 32 2338 6.26054 0
1296 347424 41 3024 9.04899 0
1296 353904 20 1607 4.25646 0
1296 360384 18 1442 3.92507 0
1296 366864 30 2014 6.42062 0
1296 373344 18 1403 3.83973 0
1296 379824 31 2338 6.31764 0
1296 386304 40 3024 8.73652 0
1296 392784 20 1607 4.2664 0
1296 399264 19 1442 3.9533 0
1296 405744 29 2014 6.43409 0
1296 412224 18 1403 3.84037 0
1296 418704 31 2338 6.18868 0
1296 425184 40 3024 8.68776 0
1296 431664 40 2611 8.25306 0
1296 438144 18 1442 3.8994 0
1296 444624 29 2014 6.43473 0
1296 451104 18 1403 3.95907 0
1296 457584 32 2338 6.30898 0
1296 464064 41 3024 8.88185 0
1296 470544 40 2611 8.23253 0
1296 477024 18 1442 4.00495 0
1296 483504 29 2014 6.33111 0
1296 489984 18 1403 3.87245 0
1296 496464 31 2338 6.05233 0
1296 502944 41 3024 8.86067 0
1296 509424 39 2611 8.16356 0
1296 515904 18 1442 3.97383 0
1296 522384 29 2014 6.30737 0
1296 528864 18 1403 3.88529 0
1296 535344 31 2338 6.08249 0
1296 541824 41 3024 9.01177 0
1296 548304 39 2611 8.22868 0
1296 554784 19 1442 3.88753 0
1296 561264 29 2014 6.42479 0
1296 567744 18 1403 3.90197 0
1296 574224 31 2338 6.08891 0
2401 586572 63 3032 9.24917 0
2401 598920 123 5106 14.4437 0
2401 611268 131 5343 20.367 0
2401 623616 61 2941 8.79394 0
2401 635964 81 3679 13.086 0
2401 648312 72 3306 10.6187 0
2401 660660 64 3032 9.28478 0
2401 673008 123 5106 14.4106 0
2401 685356 241 9181 35.5235 0
2401 697704 61 2941 8.83437 0
2401 710052 78 3679 11.823 0
2401 722400 71 3306 10.4862 0
2401 734748 72 3338 10.3954 0
2401 747096 123 5106 14.6669 0
2401 759444 241 9181 35.5566 0
2401 771792 61 2941 8.86292 0
2401 784140 79 3679 12.0193 0
2401 796488 82 3839 11.5429 0
