1296 7718 26 1927 6.69106 0
1296 15436 20 1523 5.87429 0
1296 23154 20 1435 6.22429 0
1296 30872 19 1441 5.7033 0
1296 38590 19 1534 5.07195 0
1296 46308 23 1533 7.12864 0
256 47754 1 285 0.760953 0
256 49200 1 263 0.689413 0
256 50646 1 266 0.7401 0
256 52092 1 258 0.651558 0
256 53538 1 296 0.760953 0
256 54984 1 259 0.698395 0
625 58634 7 726 2.55201 0
625 62284 5 630 1.7808 0
625 65934 6 628 2.31205 0
625 69584 5 632 1.86549 0
625 73234 6 665 2.79005 0
625 76884 5 636 1.95435 0
625 80324 6 749 2.0214 0
625 83764 6 680 2.6258 0
625 87204 5 633 1.86453 0
625 90644 7 898 2.29056 0
625 94084 6 654 2.06279 0
625 97524 6 728 2.47759 0
625 101004 5 657 1.96879 0
625 104484 6 687 2.22094 0
625 107964 7 779 2.88629 0
625 111444 5 635 2.02397 0
625 114924 5 650 1.79684 0
625 118404 6 664 2.33226 0
1296 125404 18 1415 4.82717 0
1296 132404 19 1468 5.05045 0
1296 139404 20 1543 5.29651 0
1296 146404 21 1628 5.35201 0
1296 153404 17 1359 4.22245 0
1296 160404 26 1949 6.59963 0
1296 167444 23 1624 6.49216 0
1296 174484 17 1331 4.72901 0
1296 181524 34 2771 7.25728 0
1296 188564 23 1736 6.18354 0
1296 195604 29 2257 7.05132 0
1296 202644 20 1557 4.91315 0
1296 209724 21 1743 5.14188 0
1296 216804 20 1509 5.66576 0
1296 223884 24 1879 6.1181 0
1296 230964 19 1549 4.97667 0
1296 238044 20 1526 5.47039 0
1296 245124 17 1328 4.17818 0
1296 252244 23 1804 5.2439 0
1296 259364 19 1417 6.04303 0
1296 266484 24 1729 6.3741 0
1296 273604 19 1570 4.85508 0
1296 280724 20 1510 5.69913 0
1296 287844 24 1696 7.01154 0
1296 295004 17 1367 5.21984 0
1296 302164 17 1330 4.84001 0
1296 309324 16 1340 4.51407 0
1296 316484 18 1391 5.21727 0
1296 323644 18 1403 5.09986 0
1296 330804 18 1440 4.62378 0
1296 338004 17 1307 5.13771 0
1296 345204 31 2137 9.03808 0
1296 352404 16 1306 4.48038 0
1296 359604 16 1315 4.43386 0
1296 366804 17 1306 4.95518 0
1296 374004 30 2015 8.77309 0
1296 381244 17 1363 5.06072 0
1296 388484 18 1361 4.93753 0
1296 395724 25 1852 6.92172 0
1296 402964 18 1387 5.33309 0
1296 410204 17 1340 5.22754 0
1296 417444 19 1539 5.1329 0
1296 424724 17 1300 5.02896 0
1296 432004 22 1677 5.46558 0
1296 439284 19 1513 5.24422 0
1296 446564 19 1322 6.12034 0
1296 453844 18 1431 5.19482 0
1296 461124 19 1517 4.88877 0
1296 468444 18 1430 5.05495 0
1296 475764 18 1423 4.91507 0
1296 483084 18 1389 5.57177 0
1296 490404 24 1761 7.35513 0
1296 497724 17 1324 4.89743 0
1296 505044 24 1703 7.39844 0
1296 512404 19 1373 5.70715 0
1296 519764 17 1319 4.87979 0
1296 527124 18 1416 4.74922 0
1296 534484 19 1417 5.43061 0
1296 541844 16 1297 4.59298 0
1296 549204 18 1380 5.1576 0
1296 556604 17 1308 5.26443 0
1296 564004 18 1314 5.67795 0
1296 571404 26 1643 9.24115 0
1296 578804 18 1322 5.54065 0
1296 586204 21 1545 5.94069 0
1296 593604 17 1298 5.07804 0
1296 601044 21 1389 7.71828 0
1296 608484 21 1589 5.95032 0
1296 615924 20 1337 6.58231 0
1296 623364 19 1301 6.4466 0
1296 630804 20 1514 5.6417 0
1296 638244 20 1506 5.67506 0
2401 651592 61 2884 12.9218 0
2401 664940 62 2812 15.5026 0
2401 678288 84 4033 15.468 0
2401 691636 111 4695 26.1399 0
2401 704984 59 2897 12.1974 0
2401 718332 143 6595 27.256 0
2401 731720 58 2920 12.3084 0
2401 745108 72 3517 15.1729 0
2401 758496 79 3680 17.269 0
2401 771884 72 3563 13.436 0
2401 785272 51 2492 11.1191 0
2401 798660 146 6037 31.7239 0
2401 812088 49 2477 9.70022 0
2401 825516 80 3474 16.9472 0
2401 838944 53 2610 11.6639 0
2401 852372 63 3277 11.2391 0
2401 865800 72 3167 17.3986 0
2401 879228 64 2930 15.4715 0
