1296 8236 28 1369 12.3713 0
1296 16472 19 1301 6.8675 0
1296 24708 28 1505 12.0389 0
1296 32944 23 1326 9.5873 0
1296 41180 28 1404 12.6244 0
1296 49416 27 1447 11.9702 0
256 50964 1 264 0.729835 0
256 52512 2 265 1.01246 0
256 54060 1 257 0.70032 0
256 55608 1 258 0.709624 0
256 57156 1 256 0.75967 0
256 58704 1 259 0.644821 0
625 62604 7 667 2.69766 0
625 66504 6 626 2.33387 0
625 70404 7 700 3.20871 0
625 74304 7 651 3.12241 0
625 78204 6 730 2.24725 0
625 82104 6 634 2.29826 0
625 85984 8 684 3.83203 0
625 89864 7 638 3.46824 0
625 93744 8 673 4.14257 0
625 97624 7 635 3.43904 0
625 101504 8 723 3.85706 0
625 105384 8 660 4.04441 0
625 109344 7 655 3.55486 0
625 113304 8 654 3.97094 0
625 117264 8 626 4.17209 0
625 121224 8 647 4.3928 0
625 125184 7 631 3.06723 0
625 129144 8 625 4.19166 0
1296 136664 26 1518 10.9286 0
1296 144184 20 1306 7.45105 0
1296 151704 22 1496 7.84404 0
1296 159224 19 1520 5.50279 0
1296 166744 22 1354 8.0994 0
1296 174264 18 1318 5.91535 0
1296 181864 20 1354 7.38272 0
1296 189464 24 1539 8.60563 0
1296 197064 25 1459 10.1715 0
1296 204664 25 1627 8.50009 0
1296 212264 25 1398 10.2389 0
1296 219864 21 1300 7.89729 0
1296 227544 23 1409 8.86645 0
1296 235224 23 1315 9.32295 0
1296 242904 24 1368 10.0149 0
1296 250584 21 1335 8.34321 0
1296 258264 22 1341 8.7439 0
1296 265944 26 1431 10.9594 0
1296 273704 25 1322 11.3546 0
1296 281464 26 1352 11.9045 0
1296 289224 23 1309 9.92062 0
1296 296984 23 1314 10.1506 0
1296 304744 25 1309 11.4396 0
1296 312504 23 1325 9.17378 0
1296 320344 24 1499 8.76571 0
1296 328184 26 1351 11.5218 0
1296 336024 25 1515 9.92639 0
1296 343864 26 1350 11.6546 0
1296 351704 25 1348 10.8968 0
1296 359544 23 1305 9.48239 0
1296 367464 25 1309 11.3729 0
1296 375384 32 1750 13.6506 0
1296 383304 31 1597 13.5862 0
1296 391224 25 1413 10.6389 0
1296 399144 24 1315 10.7233 0
1296 407064 29 1488 13.608 0
1296 415064 28 1466 12.0909 0
1296 423064 27 1479 11.9927 0
1296 431064 29 1435 13.2763 0
1296 439064 26 1460 11.3033 0
1296 447064 28 1308 13.3176 0
1296 455064 27 1455 11.7816 0
1296 463144 28 1439 12.7418 0
1296 471224 28 1509 12.1021 0
1296 479304 26 1459 11.2019 0
1296 487384 30 1428 14.2005 0
1296 495464 33 1376 16.8738 0
1296 503544 31 1449 14.7853 0
1296 511704 28 1298 13.5666 0
1296 519864 29 1312 14.2383 0
1296 528024 29 1525 12.7264 0
1296 536184 28 1306 13.7334 0
1296 544344 28 1301 13.6622 0
1296 552504 33 1371 16.7015 0
1296 560744 31 1341 15.8738 0
1296 568984 30 1317 14.7805 0
1296 577224 28 1298 13.6824 0
1296 585464 29 1402 13.1903 0
1296 593704 28 1458 12.1194 0
1296 601944 33 1518 15.5931 0
1296 610264 30 1355 14.6265 0
1296 618584 32 1344 16.4545 0
1296 626904 34 1560 16.2658 0
1296 635224 28 1297 13.4588 0
1296 643544 31 1383 15.341 0
1296 651864 34 1347 17.8561 0
1296 660264 35 1418 17.8683 0
1296 668664 33 1331 16.902 0
1296 677064 30 1334 14.547 0
1296 685464 33 1491 15.8972 0
1296 693864 31 1459 14.7529 0
1296 702264 32 1367 15.9771 0
2401 716612 76 2652 28.4161 0
2401 730960 83 3326 25.8971 0
2401 745308 59 2408 18.4075 0
2401 759656 65 2806 19.0751 0
2401 774004 82 2959 30.6203 0
2401 788352 73 2456 29.04 0
2401 802780 82 2647 33.1451 0
2401 817208 89 3009 34.2018 0
2401 831636 83 3058 27.948 0
2401 846064 69 2736 23.8651 0
2401 860492 75 2509 30.4561 0
2401 874920 71 2460 27.4809 0
2401 889428 81 3246 26.3889 0
2401 903936 87 2771 35.519 0
2401 918444 68 2844 21.0032 0
2401 932952 70 2429 27.2522 0
2401 947460 81 2645 32.5436 0
2401 961968 73 2430 30.0509 0
