1296 8754 33 1509 16.0875 0
1296 17508 31 1299 15.4998 0
1296 26262 32 1301 16.4339 0
1296 35016 31 1359 15.7808 0
1296 43770 33 1304 17.415 0
1296 52524 30 1363 14.3609 0
256 54174 2 258 0.908524 0
256 55824 2 256 0.9945 0
256 57474 2 256 0.993537 0
256 59124 2 279 0.984234 0
256 60774 2 259 0.995462 0
256 62424 2 265 1.08914 0
625 66574 9 632 4.57117 0
625 70724 8 641 4.2186 0
625 74874 9 627 4.54486 0
625 79024 7 625 3.28698 0
625 83174 9 628 4.55705 0
625 87324 9 645 4.73478 0
625 91644 10 644 5.41361 0
625 95964 10 625 5.63625 0
625 100284 9 689 4.84001 0
625 104604 9 625 5.24711 0
625 108924 10 655 5.16338 0
625 113244 10 627 5.94326 0
625 117684 10 631 5.36709 0
625 122124 10 629 5.50151 0
625 126564 9 626 5.1175 0
625 131004 10 632 5.6016 0
625 135444 11 650 5.99587 0
625 139884 10 655 5.67025 0
1296 147924 26 1341 12.0784 0
1296 155964 28 1346 13.2342 0
1296 164004 26 1311 12.1104 0
1296 172044 28 1467 12.4088 0
1296 180084 28 1374 13.4418 0
1296 188124 26 1322 11.9058 0
1296 196284 26 1313 12.37 0
1296 204444 31 1459 14.5521 0
1296 212604 31 1529 14.1941 0
1296 220764 25 1318 11.5583 0
1296 228924 31 1465 14.6493 0
1296 237084 28 1440 12.6241 0
1296 245364 32 1385 15.971 0
1296 253644 31 1444 14.4562 0
1296 261924 30 1365 14.7231 0
1296 270204 27 1299 13.0219 0
1296 278484 33 1316 17.1827 0
1296 286764 31 1431 14.8735 0
1296 295164 31 1424 15.1065 0
1296 303564 31 1300 15.3275 0
1296 311964 34 1423 16.91 0
1296 320364 30 1482 14.0356 0
1296 328764 34 1375 17.1108 0
1296 337164 30 1396 14.7154 0
1296 345684 33 1349 17.3017 0
1296 354204 32 1392 15.7615 0
1296 362724 34 1349 17.5805 0
1296 371244 30 1350 14.9724 0
1296 379764 32 1307 16.579 0
1296 388284 30 1305 14.9274 0
1296 396924 34 1424 17.3361 0
1296 405564 36 1382 19.3655 0
1296 414204 35 1475 17.6585 0
1296 422844 31 1297 16.2598 0
1296 431484 34 1359 17.8603 0
1296 440124 33 1340 16.6765 0
1296 448884 35 1296 18.9686 0
1296 457644 35 1301 19.163 0
1296 466404 35 1307 18.4983 0
1296 475164 35 1301 18.5076 0
1296 483924 33 1326 17.4525 0
1296 492684 35 1296 18.5779 0
1296 501564 37 1490 19.1217 0
1296 510444 35 1353 18.1945 0
1296 519324 40 1443 21.1604 0
1296 528204 34 1411 16.9116 0
1296 537084 37 1416 19.5432 0
1296 545964 41 1463 21.9833 0
1296 554964 39 1308 21.7462 0
1296 563964 38 1328 20.7847 0
1296 572964 37 1305 20.3375 0
1296 581964 37 1368 20.1104 0
1296 590964 35 1319 18.6969 0
1296 599964 38 1297 21.0292 0
1296 609084 40 1413 21.5871 0
1296 618204 38 1401 20.3914 0
1296 627324 39 1389 21.5967 0
1296 636444 40 1315 22.1488 0
1296 645564 37 1304 20.4431 0
1296 654684 40 1332 22.3875 0
1296 663924 40 1302 22.3172 0
1296 673164 39 1312 22.2277 0
1296 682404 40 1357 22.1154 0
1296 691644 39 1298 21.7317 0
1296 700884 40 1351 21.9983 0
1296 710124 40 1364 22.5902 0
1296 719484 42 1338 23.5754 0
1296 728844 40 1367 21.854 0
1296 738204 37 1308 20.6833 0
1296 747564 42 1334 24.0714 0
1296 756924 40 1385 22.4269 0
1296 766284 41 1301 23.2081 0
2401 781632 105 2952 47.5602 0
2401 796980 98 2485 48.3115 0
2401 812328 96 2470 46.9449 0
2401 827676 94 2461 45.6841 0
2401 843024 90 2648 40.4588 0
2401 858372 91 2411 44.0204 0
2401 873840 120 3277 54.0581 0
2401 889308 107 2686 52.7143 0
2401 904776 107 2731 51.4182 0
2401 920244 99 2613 47.5467 0
2401 935712 97 2471 47.1614 0
2401 951180 100 2481 49.742 0
2401 966768 103 2673 49.5447 0
2401 982356 103 2497 52.072 0
2401 997944 98 2708 45.7534 0
2401 1013532 105 2477 53.601 0
2401 1029120 99 2532 48.445 0
2401 1044708 101 2479 50.7452 0
