1000 20094 58 1005 38.3598 0
1000 40170 57 1003 37.6409 0
1000 60264 56 1002 37.2184 0
1000 80354 54 1003 35.6345 0
1000 100442 56 1011 36.6281 0
1000 120518 56 1002 36.6005 0
200 121404 1 201 0.465811 0
200 122292 1 203 0.475435 0
200 123176 1 203 0.506553 0
200 124074 1 202 0.4456 0
200 124948 1 214 0.546654 0
200 125850 1 207 0.552108 0
400 129120 6 402 3.28634 0
400 132424 6 412 3.31906 0
400 135730 5 402 3.09963 0
400 139024 5 401 2.98895 0
400 142302 6 400 3.77493 0
400 145592 6 400 3.33959 0
600 152870 16 602 10.1214 0
600 160152 16 600 9.94115 0
600 167442 17 601 10.4779 0
600 174728 16 603 10.3268 0
600 182030 17 609 10.6697 0
600 189324 16 607 10.2892 0
800 202184 33 805 21.1636 0
800 215062 32 817 20.719 0
800 227940 32 800 20.6927 0
800 240818 33 805 21.1925 0
800 253692 33 800 21.716 0
800 266564 33 800 21.265 0
1100 290832 67 1102 43.9264 0
1100 315106 68 1102 44.5071 0
1100 339384 68 1102 45.0743 0
1100 363652 67 1107 44.2854 0
1100 387940 68 1103 44.9783 0
1100 412202 68 1116 44.3951 0
1200 441064 85 1201 55.9554 0
1200 469924 82 1211 53.6924 0
1200 498782 81 1202 53.8239 0
1200 527654 82 1208 54.1884 0
1200 556540 84 1202 55.5184 0
1200 585412 84 1205 55.8986 0
1300 619276 98 1306 65.3107 0
1300 653152 100 1303 66.3665 0
1300 687016 100 1301 66.4114 0
1300 720876 98 1301 64.9886 0
1300 754750 98 1302 65.1869 0
1300 788628 98 1300 65.3069 0
1400 827898 117 1403 77.7952 0
1400 867174 117 1401 77.9085 0
1400 906426 116 1400 77.1478 0
1400 945686 115 1400 76.8954 0
1400 984962 115 1400 76.7202 0
1400 1024236 119 1411 79.6796 0
1500 1069308 136 1501 90.9714 0
1500 1114388 132 1501 87.7463 0
1500 1159436 136 1500 91.152 0
1500 1204492 139 1500 92.8613 0
1500 1249558 136 1505 91.0558 0
1500 1294638 134 1501 89.5967 0
1600 1345906 155 1602 104.07 0
1600 1397170 154 1600 103.201 0
1600 1448416 156 1601 104.888 0
1600 1499664 154 1600 103.343 0
1600 1550938 156 1609 104.725 0
1600 1602210 154 1613 103.118 0
1700 1660080 177 1700 118.535 0
1700 1717944 175 1701 116.758 0
1700 1775796 177 1705 118.543 0
1700 1833650 177 1700 119.461 0
1700 1891520 178 1700 119.883 0
1700 1949388 176 1702 118.183 0
1800 2014246 198 1803 132.998 0
1800 2079130 197 1802 132.238 0
1800 2143992 200 1800 134.329 0
1800 2208848 194 1800 130.161 0
1800 2273706 200 1801 134.633 0
1800 2338580 203 1805 136.27 0
1900 2410854 223 1901 149.908 0
1900 2483124 221 1903 147.876 0
1900 2555372 219 1900 146.695 0
1900 2627626 223 1900 149.957 0
1900 2699888 219 1905 147.317 0
1900 2772166 217 1900 145.719 0
2000 2852246 251 2000 169.444 0
2000 2932314 249 2008 167.839 0
2000 3012366 248 2001 166.933 0
2000 3092426 252 2001 168.673 0
2000 3172492 251 2004 169.1 0
2000 3252564 250 2003 168.474 0
2100 3340832 280 2100 188.721 0
2100 3429104 283 2101 191.308 0
2100 3517362 273 2100 184.168 0
2100 3605620 277 2103 187.162 0
2100 3693890 279 2101 188.173 0
2100 3782168 274 2123 184.562 0
2200 3879022 310 2200 209.525 0
2200 3975876 300 2202 202.444 0
2200 4072726 304 2213 205.029 0
2200 4169594 302 2203 203.318 0
2200 4266456 296 2200 199.227 0
2200 4363320 304 2205 204.718 0
2300 4469180 334 2301 225.997 0
2300 4575014 339 2303 229.404 0
2300 4680862 336 2301 227.473 0
2300 4786712 328 2300 221.307 0
2300 4892562 333 2302 225.002 0
2300 4998422 338 2312 228.412 0
2400 5113676 366 2400 247.832 0
2400 5228914 366 2400 248.557 0
2400 5344168 362 2407 244.293 0
2400 5459408 365 2400 246.703 0
2400 5574662 364 2402 245.832 0
2400 5689914 365 2402 246.267 0
2500 5814966 391 2501 263.161 0
2500 5940024 397 2501 269.267 0
2500 6065070 404 2502 274.003 0
2500 6190128 398 2505 269.326 0
2500 6315172 401 2500 271.997 0
2500 6440224 402 2513 273.085 0
2600 6575482 430 2600 290.791 0
2600 6710732 436 2602 295.048 0
2600 6845972 426 2601 288.126 0
2600 6981234 435 2600 295.029 0
2600 7116472 434 2600 294.551 0
2600 7251728 434 2600 294.537 0
2700 7397586 471 2703 319.043 0
2700 7543424 468 2706 317.08 0
2700 7689252 469 2706 317.765 0
2700 7835098 468 2706 317.443 0
2700 7980932 467 2700 317.259 0
2700 8126790 470 2700 318.845 0
