1000 99916 106 1000 68.3635 0
1000 199830 107 1001 68.6401 0
1000 299748 107 1001 68.7863 0
1000 399660 104 1000 66.542 0
1000 499580 109 1001 70.5668 0
1000 599490 108 1002 69.1857 0
200 603494 4 202 2.43749 0
200 607488 3 202 2.30499 0
200 611482 3 200 2.33804 0
200 615484 3 200 2.19752 0
200 619488 3 200 2.30756 0
200 623488 4 200 2.42113 0
400 639468 16 404 10.0801 0
400 655452 16 401 10.0743 0
400 671432 15 403 9.76823 0
400 687402 16 402 10.3425 0
400 703384 16 402 10.2453 0
400 719362 16 403 10.3675 0
600 755316 37 601 23.6447 0
600 791274 36 601 23.2338 0
600 827228 36 600 22.9251 0
600 863192 37 600 23.3011 0
600 899150 37 600 23.4567 0
600 935116 37 601 23.9026 0
800 999060 67 800 43.2062 0
800 1063004 66 801 41.9756 0
800 1126940 66 800 41.9599 0
800 1190876 69 801 44.1304 0
800 1254820 68 800 43.2887 0
800 1318758 67 801 43.3227 0
1100 1439672 128 1101 82.12 0
1100 1560580 128 1102 82.3757 0
1100 1681482 128 1103 82.2551 0
1100 1802386 130 1102 83.7789 0
1100 1923290 130 1101 83.8094 0
1100 2044200 130 1100 83.2913 0
1200 2188102 152 1202 97.7792 0
1200 2331992 156 1201 100.257 0
1200 2475882 150 1200 96.5335 0
1200 2619774 154 1202 99.3399 0
1200 2763672 154 1204 99.1843 0
1200 2907570 153 1200 98.4366 0
1300 3076462 181 1303 116.007 0
1300 3245344 180 1302 116.306 0
1300 3414230 179 1300 115.341 0
1300 3583128 181 1302 117.21 0
1300 3752012 184 1300 119.092 0
1300 3920904 180 1301 115.249 0
1400 4116786 207 1400 132.972 0
1400 4312658 210 1400 135.847 0
1400 4508530 211 1400 136.207 0
1400 4704416 212 1403 136.946 0
1400 4900294 210 1407 135.22 0
1400 5096168 211 1402 136.626 0
1500 5321038 244 1502 157.525 0
1500 5545910 245 1502 158.72 0
1500 5770774 243 1500 157.11 0
1500 5995644 239 1503 154.381 0
1500 6220512 242 1501 156.4 0
1500 6445382 241 1501 155.377 0
1600 6701244 276 1600 179.168 0
1600 6957106 276 1600 178.462 0
1600 7212958 273 1601 176.119 0
1600 7468820 274 1601 176.87 0
1600 7724676 279 1603 180.697 0
1600 7980544 274 1602 176.905 0
1700 8269390 313 1700 202.945 0
1700 8558240 313 1701 203.632 0
1700 8847086 312 1700 202.02 0
1700 9135932 313 1700 202.671 0
1700 9424780 311 1702 202.18 0
1700 9713632 316 1701 205.55 0
1800 10037474 350 1803 228.018 0
1800 10361314 352 1800 228.858 0
1800 10685156 351 1800 228.166 0
1800 11008998 346 1802 224.217 0
1800 11332840 349 1801 226.653 0
1800 11656680 345 1800 222.95 0
1900 12017516 393 1900 255.496 0
1900 12378344 391 1900 252.968 0
1900 12739172 395 1901 256.889 0
1900 13100004 392 1901 254.779 0
1900 13460832 392 1901 254.731 0
1900 13821656 393 1900 255.29 0
2000 14221474 431 2000 279.719 0
2000 14621296 438 2001 285.318 0
2000 15021116 442 2000 288.701 0
2000 15420932 433 2000 280.732 0
2000 15820752 434 2001 282.383 0
2000 16220574 434 2000 282.023 0
2100 16661384 478 2101 311.295 0
2100 17102196 487 2102 318.05 0
2100 17543004 482 2100 314.29 0
2100 17983810 482 2101 312.719 0
2100 18424616 479 2105 311.233 0
2100 18865424 485 2100 316.766 0
2200 19349224 525 2202 340.942 0
2200 19833022 530 2200 344.269 0
2200 20316818 531 2203 347.316 0
2200 20800610 527 2200 343.014 0
2200 21284410 528 2202 343.519 0
2200 21768212 528 2202 343.846 0
2300 22296994 583 2300 380.474 0
2300 22825778 573 2301 372.208 0
2300 23354562 581 2304 379.419 0
2300 23883344 580 2301 378.566 0
2300 24412134 572 2300 372.67 0
2300 24940916 583 2300 380.792 0
2400 25516696 634 2400 413.867 0
2400 26092478 631 2400 411.352 0
2400 26668254 631 2400 411.579 0
2400 27244026 626 2401 406.722 0
2400 27819806 632 2402 412.519 0
2400 28395574 636 2400 415.919 0
2500 29020342 692 2500 453.001 0
2500 29645108 678 2500 441.2 0
2500 30269874 682 2500 444.972 0
2500 30894644 688 2503 448.895 0
2500 31519412 688 2502 448.396 0
2500 32144182 689 2500 450.293 0
2600 32819942 747 2600 488.366 0
2600 33495704 739 2600 482.049 0
2600 34171464 744 2602 486.961 0
2600 34847228 740 2600 482.652 0
2600 35522992 746 2602 487.635 0
2600 36198754 742 2605 483.959 0
2700 36927502 794 2701 518.419 0
2700 37656260 794 2700 517.909 0
2700 38385006 800 2703 522.928 0
2700 39113758 798 2700 520.299 0
2700 39842508 800 2702 522.86 0
2700 40571252 846 2701 561.946 0
