1000 199806 159 1000 100.266 0
1000 399616 160 1003 100.632 0
1000 599420 160 1000 100.678 0
1000 799226 157 1000 98.5665 0
1000 999034 157 1000 98.587 0
1000 1198840 159 1000 99.4359 0
200 1206806 6 200 3.56384 0
200 1214776 6 200 3.85545 0
200 1222742 6 201 3.56127 0
200 1230714 6 200 3.67484 0
200 1238676 6 201 3.72809 0
200 1246646 6 200 3.55646 0
400 1278572 24 401 14.9444 0
400 1310496 24 401 14.7404 0
400 1342426 24 400 14.9791 0
400 1374352 24 401 15.0923 0
400 1406280 24 400 15.2717 0
400 1438206 24 400 14.7776 0
600 1510090 56 600 35.1578 0
600 1581978 55 600 34.4758 0
600 1653864 55 600 33.5522 0
600 1725746 56 600 34.6336 0
600 1797636 55 600 34.3497 0
600 1869532 56 600 34.7096 0
800 1997382 101 802 63.5922 0
800 2125230 100 802 62.5775 0
800 2253082 101 800 63.4776 0
800 2380934 100 800 62.4129 0
800 2508782 101 802 62.8017 0
800 2636632 100 800 62.3545 0
1100 2878416 192 1100 121.742 0
1100 3120208 191 1100 120.139 0
1100 3362006 190 1100 119.81 0
1100 3603794 193 1100 121.333 0
1100 3845584 194 1100 122.424 0
1100 4087378 191 1103 119.595 0
1200 4375144 227 1200 143.314 0
1200 4662914 229 1201 144.526 0
1200 4950678 232 1201 146.537 0
1200 5238444 229 1200 144.254 0
1200 5526212 228 1201 143.404 0
1200 5813986 227 1201 142.725 0
1300 6151734 269 1300 170.169 0
1300 6489484 271 1300 171.108 0
1300 6827226 269 1300 168.809 0
1300 7164976 269 1300 170.168 0
1300 7502722 275 1300 174.348 0
1300 7840468 270 1300 170.743 0
1400 8232196 314 1400 199.019 0
1400 8623926 312 1400 196.762 0
1400 9015648 312 1401 197.185 0
1400 9407376 312 1400 197.953 0
1400 9799100 313 1401 197.947 0
1400 10190828 311 1400 196.273 0
1500 10640538 359 1500 227.333 0
1500 11090246 363 1500 231.187 0
1500 11539950 367 1501 233.624 0
1500 11989658 390 1500 250.11 0
1500 12439360 374 1500 239.721 0
1500 12889066 362 1500 229.925 0
1600 13400752 412 1600 261.715 0
1600 13912442 411 1600 261.39 0
1600 14424130 414 1600 263.69 0
1600 14935818 416 1600 264.462 0
1600 15447502 411 1600 261.45 0
1600 15959192 413 1600 262.232 0
1700 16536856 464 1700 294.175 0
1700 17114528 464 1700 294.856 0
1700 17692196 471 1700 299.637 0
1700 18269866 465 1700 295.743 0
1700 18847534 469 1700 298.406 0
1700 19425204 467 1700 296.649 0
1800 20072854 527 1801 336.254 0
1800 20720506 523 1802 332.539 0
1800 21368154 532 1800 340.808 0
1800 22015800 523 1800 332.754 0
1800 22663446 524 1800 334.35 0
1800 23311096 518 1802 329.094 0
1900 24032726 582 1900 370.638 0
1900 24754350 580 1901 369.143 0
1900 25475982 583 1900 370.937 0
1900 26197612 592 1900 378.029 0
1900 26919238 586 1900 372.957 0
1900 27640870 580 1900 369.006 0
2000 28440480 648 2000 414.242 0
2000 29240090 652 2000 415.872 0
2000 30039698 649 2000 415.089 0
2000 30839306 654 2000 418.505 0
2000 31638912 644 2000 410.497 0
2000 32438526 650 2000 414.431 0
2100 33320112 720 2100 461.03 0
2100 34201702 716 2100 458.185 0
2100 35083294 721 2100 461.22 0
2100 35964878 723 2101 463.342 0
2100 36846466 728 2100 467.859 0
2100 37728058 728 2100 466.907 0
2200 38695624 795 2200 510.589 0
2200 39663198 788 2200 504.476 0
2200 40630766 780 2200 498.035 0
2200 41598328 790 2200 506.109 0
2200 42565896 792 2200 506.699 0
2200 43533466 792 2200 507.911 0
2300 44591012 876 2301 563.482 0
2300 45648560 867 2300 557.322 0
2300 46706110 871 2303 558.604 0
2300 47763658 862 2300 551.615 0
2300 48821212 861 2301 551.114 0
2300 49878764 869 2300 556.059 0
2400 51030294 946 2401 607.421 0
2400 52181822 951 2400 611.276 0
2400 53333356 954 2400 614.018 0
2400 54484888 955 2401 613.975 0
2400 55636414 945 2400 607.489 0
2400 56787942 947 2400 608.439 0
2500 58037450 1032 2500 663.681 0
2500 59286960 1035 2500 666.964 0
2500 60536466 1032 2500 663.843 0
2500 61785972 1034 2500 666.361 0
2500 63035478 1029 2502 660.768 0
2500 64284986 1041 2500 669.625 0
2600 65636476 1114 2600 717.025 0
2600 66987968 1125 2603 725.762 0
2600 68339460 1121 2600 723.597 0
2600 69690948 1124 2600 724.274 0
2600 71042436 1116 2600 719.349 0
2600 72393920 1117 2600 719.649 0
2700 73851394 1214 2700 784.362 0
2700 75308860 1217 2700 786.091 0
2700 76766328 1198 2702 771.116 0
2700 78223800 1201 2701 772.229 0
2700 79681270 1200 2700 772.748 0
2700 81138742 1195 2700 768.687 0
