1024 3968 410 31315 107.252 0
1024 7936 423 34704 99.7846 0
1024 11904 330 28852 67.8368 0
1024 15872 312 26345 73.2359 0
1024 19840 23 2109 4.89454 0
1024 23808 17 1637 3.8253 0
196 24536 1 255 0.52099 0
196 25264 1 211 0.492759 0
196 25992 9 1622 3.68061 0
196 26720 1 225 0.448808 0
196 27448 2 433 1.00926 0
196 28176 2 475 0.897616 0
400 29696 37 5573 10.645 0
400 31216 63 7891 21.8411 0
400 32736 3 477 1.00669 0
400 34256 2 408 0.724702 0
400 35776 18 2543 6.17937 0
400 37296 4 615 1.42663 0
576 39504 169 18326 55.2329 0
576 41712 72 8631 20.0841 0
576 43920 105 13173 27.6744 0
576 46128 77 9631 20.06 0
576 48336 7 1018 2.23345 0
576 50544 61 7731 17.2254 0
784 53568 88 9685 20.1187 0
784 56592 30 2835 8.86837 0
784 59616 334 31493 92.031 0
784 62640 64 7227 15.4651 0
784 65664 53 5392 12.5981 0
784 68688 7 843 2.00664 0
1089 72912 1572 127198 329.633 0
1089 77136 16 1559 3.53914 0
1089 81360 15 1381 3.31682 0
1089 85584 15 1439 3.28281 0
1089 89808 71 6487 13.4498 0
1089 94032 342 25954 82.6397 0
1225 98792 21 1776 3.91512 0
1225 103552 957 73737 189.815 0
1225 108312 1416 106162 294.409 0
1225 113072 358 29279 67.225 0
1225 117832 85 5926 21.0597 0
1225 122592 143 11241 25.9564 0
1296 127632 330 21870 74.701 0
1296 132672 155 12786 27.8941 0
1296 137712 367 27385 72.1673 0
1296 142752 105 9166 17.5821 0
1296 147792 16 1316 3.34184 0
1296 152832 1534 106207 308.023 0
1369 158160 208 15922 33.1986 0
1369 163488 337 22388 68.0754 0
1369 168816 322 23553 55.5059 0
1369 174144 819 51738 171.298 0
1369 179472 380 28737 60.4322 0
1369 184800 19 1476 3.85096 0
1521 190728 1268 80071 254.858 0
1521 196656 616 40918 96.3154 0
1521 202584 946 60246 170.112 0
1521 208512 209 15937 37.6514 0
1521 214440 21 1560 3.72745 0
1521 220368 2615 163663 473.456 0
1600 226608 1263 69040 279.326 0
1600 232848 40 2764 6.97209 0
1600 239088 1915 111554 369.263 0
1600 245328 2252 119254 525.825 0
1600 251568 8088 436241 1748.89 0
1600 257808 36 2571 6.25316 0
1681 264368 247 15234 44.9174 0
1681 270928 847 48451 152.775 0
1681 277488 478 27528 91.5373 0
1681 284048 2556 158586 395.953 0
1681 290608 437 24649 90.5328 0
1681 297168 99 6970 15.7769 0
1764 304056 935 56962 150.984 0
1764 310944 6699 367464 1224.64 0
1764 317832 1210 72501 172.791 0
1764 324720 2574 148732 425.369 0
1764 331608 805 49453 113.701 0
1764 338496 180 9914 33.582 0
1936 346064 48 3037 7.39427 0
1936 353632 713 40930 95.2073 0
1936 361200 124 6862 20.5897 0
1936 368768 4783 258764 735.278 0
1936 376336 238 14794 33.6962 0
1936 383904 6388 333494 1112.91 0
2025 391824 7783 388518 1362.86 0
2025 399744 855 44673 142.347 0
2025 407664 44 2545 7.16425 0
2025 415584 12335 586648 2431.54 0
2025 423504 1895 92372 348.075 0
2025 431424 4065 200949 690.606 0
2116 439704 69 3909 9.58024 0
2116 447984 3727 177710 650.755 0
2116 456264 2197 104874 347.811 0
2116 464544 3888 191479 653.768 0
2116 472824 10902 511047 1812.81 0
2116 481104 1444 67899 264.129 0
2209 489752 13969 612990 2552.54 0
2209 498400 571 24163 108.183 0
2209 507048 244 10924 46.5734 0
2209 515696 487 26086 63.0808 0
2209 524344 126 6254 19.9705 0
2209 532992 226 12631 30.0685 0
2304 542016 618 27286 105 0
2304 551040 1278 55145 231.614 0
2304 560064 2771 122291 481.384 0
2304 569088 2373 117575 301.101 0
2304 578112 1520 73916 190.04 0
2304 587136 223 11163 32.6122 0
2401 596544 1412 67418 190.2 0
2401 605952 1949 90531 260.634 0
2401 615360 9064 392599 1439.51 0
2401 624768 10491 471618 1536 0
2401 634176 58 2995 8.9675 0
2401 643584 16877 705281 2947.66 0
2500 653384 14068 584859 2345.3 0
2500 663184 465 23655 49.2027 0
2500 672984 2751 127932 284.381 0
2500 682784 1313 65946 159.244 0
2500 692584 102 5150 13.2406 0
2500 702384 2978 135088 367.471 0
2601 712584 437 20729 47.4117 0
2601 722784 650 27915 82.172 0
2601 732984 16690 656260 2540.07 0
2601 743184 1554 64118 214.897 0
2601 753384 4986 198123 762.558 0
2601 763584 1634 75656 215.528 0
2704 774192 32132 1184814 5090.53 0
2704 784800 292 12875 38.7053 0
2704 795408 808 36142 92.1664 0
2704 806016 5449 214200 809.538 0
2704 816624 348 15523 39.2224 0
2704 827232 4936 206512 665.129 0
