1024 4376 38 3288 11.1961 0
1024 8752 12 1128 3.9132 0
1024 13128 18 1776 5.79056 0
1024 17504 12 1146 3.81343 0
1024 21880 38 2734 13.2352 0
1024 26256 27 2625 7.07218 0
196 27062 1 248 0.518423 0
196 27868 1 220 0.438222 0
196 28674 1 275 0.589963 0
196 29480 1 207 0.419294 0
196 30286 1 209 0.490834 0
196 31092 1 208 0.543125 0
400 32772 3 512 1.40866 0
400 34452 3 481 1.20559 0
400 36132 2 424 1.1318 0
400 37812 7 1094 2.45385 0
400 39492 3 475 1.01599 0
400 41172 4 574 1.48501 0
576 43610 11 1336 3.95779 0
576 46048 7 957 2.57864 0
576 48486 8 1001 2.90362 0
576 50924 5 629 2.03103 0
576 53362 6 772 2.68547 0
576 55800 12 1562 3.88817 0
784 59136 14 1722 4.66741 0
784 62472 9 975 3.31457 0
784 65808 19 2034 5.91439 0
784 69144 13 1301 4.19422 0
784 72480 17 1773 5.18551 0
784 75816 9 1002 3.29083 0
1089 80480 18 1486 6.70806 0
1089 85144 17 1391 5.06072 0
1089 89808 35 2909 11.0733 0
1089 94472 18 1533 6.24963 0
1089 99136 23 1849 7.56109 0
1089 103800 25 2177 7.63744 0
1225 109040 34 2368 11.2147 0
1225 114280 28 2186 9.23698 0
1225 119520 28 2136 9.24115 0
1225 124760 38 3239 9.34541 0
1225 130000 51 3479 16.1914 0
1225 135240 21 1633 6.04688 0
1296 140800 21 1740 5.40623 0
1296 146360 33 2704 9.09903 0
1296 151920 19 1401 6.34876 0
1296 157480 24 1957 6.95989 0
1296 163040 33 2193 12.1999 0
1296 168600 25 1885 6.79757 0
1369 174488 28 2183 8.22612 0
1369 180376 41 3267 10.96 0
1369 186264 19 1389 5.74308 0
1369 192152 26 1721 8.92548 0
1369 198040 33 1991 11.3296 0
1369 203928 51 3899 12.7277 0
1521 210456 23 1613 6.05715 0
1521 216984 39 2214 12.6933 0
1521 223512 42 2711 11.8509 0
1521 230040 25 1850 6.37571 0
1521 236568 38 2162 12.7103 0
1521 243096 34 2185 11.5038 0
1600 249976 50 3360 11.3267 0
1600 256856 70 4519 17.0374 0
1600 263736 62 3383 20.6487 0
1600 270616 74 5084 15.5877 0
1600 277496 34 2067 9.99055 0
1600 284376 97 6158 23.6184 0
1681 291616 85 5042 22.3949 0
1681 298856 60 3150 20.1277 0
1681 306096 66 3176 23.2607 0
1681 313336 30 1900 8.31658 0
1681 320576 41 2415 11.3845 0
1681 327816 57 2899 18.5368 0
1764 335424 51 2990 15.7696 0
1764 343032 68 2964 25.4399 0
1764 350640 50 2780 16.0785 0
1764 358248 76 4308 21.3798 0
1764 365856 75 4709 15.0343 0
1764 373464 41 2410 11.6956 0
1936 381792 91 5327 17.0108 0
1936 390120 178 8062 50.7025 0
1936 398448 44 2665 12.1894 0
1936 406776 114 7004 21.6718 0
1936 415104 89 4130 29.4651 0
1936 423432 99 4666 28.2492 0
2025 432152 114 6096 26.659 0
2025 440872 79 3365 27.8187 0
2025 449592 587 17565 239.298 0
2025 458312 53 2760 14.2528 0
2025 467032 75 3919 19.5419 0
2025 475752 69 3357 20.9028 0
2116 484872 121 4615 44.9472 0
2116 493992 124 6754 26.0318 0
2116 503112 148 6945 41.6747 0
2116 512232 95 3852 35.7641 0
2116 521352 125 5051 40.2939 0
2116 530472 63 3108 17.978 0
2209 540000 166 5588 67.6439 0
2209 549528 163 5287 67.3639 0
2209 559056 135 6954 35.4908 0
2209 568584 145 8034 27.0684 0
2209 578112 242 8230 82.0321 0
2209 587640 64 2746 19.6818 0
2304 597584 67 3167 15.4443 0
2304 607528 66 2855 19.8813 0
2304 617472 86 4560 21.1001 0
2304 627416 130 6126 33.0944 0
2304 637360 75 3207 24.4275 0
2304 647304 106 5469 20.0379 0
2401 657672 161 5245 57.0246 0
2401 668040 160 5782 52.2972 0
2401 678408 295 10401 83.5072 0
2401 688776 198 6013 80.8538 0
2401 699144 66 2817 20.1114 0
2401 709512 138 7069 23.1366 0
2500 720312 342 11073 103.692 0
2500 731112 85 3385 23.7833 0
2500 741912 85 3422 27.0376 0
2500 752712 256 10154 71.3499 0
2500 763512 188 6252 59.2533 0
2500 774312 158 7018 27.8101 0
2601 785552 62 2741 15.8498 0
2601 796792 100 4316 25.9757 0
2601 808032 116 5412 23.7034 0
2601 819272 117 4361 36.7821 0
2601 830512 365 10383 143.219 0
2601 841752 82 3418 21.4372 0
2704 853440 170 5883 55.3442 0
2704 865128 171 6996 38.8801 0
2704 876816 114 4956 26.6022 0
2704 888504 219 8919 49.4523 0
2704 900192 140 5870 36.4016 0
2704 911880 350 11119 106.392 0
