1024 5196 15 1215 6.38726 0
1024 10392 14 1212 5.5939 0
1024 15588 18 1560 7.35866 0
1024 20784 18 1408 7.50847 0
1024 25980 18 1387 6.67726 0
1024 31176 15 1087 6.45045 0
196 32138 1 290 0.923922 0
196 33100 1 232 0.667277 0
196 34062 1 234 0.72021 0
196 35024 1 200 0.516819 0
196 35986 1 205 0.543125 0
196 36948 1 199 0.496287 0
400 38948 3 418 1.46224 0
400 40948 4 545 2.02268 0
400 42948 4 544 2.09134 0
400 44948 3 433 1.70605 0
400 46948 3 444 1.67429 0
400 48948 3 447 1.71888 0
576 51846 6 633 2.61457 0
576 54744 5 587 1.87255 0
576 57642 5 588 2.39642 0
576 60540 7 813 3.26773 0
576 63438 6 609 2.84523 0
576 66336 5 601 2.09807 0
784 70300 12 954 5.36485 0
784 74264 14 1291 6.08441 0
784 78228 12 1059 5.17012 0
784 82192 17 1425 6.98716 0
784 86156 10 797 4.53331 0
784 90120 10 988 4.00687 0
1089 95664 15 1127 6.53964 0
1089 101208 20 1531 8.71599 0
1089 106752 18 1244 7.87227 0
1089 112296 16 1179 6.96278 0
1089 117840 20 1367 8.22965 0
1089 123384 17 1295 6.36929 0
1225 129584 19 1269 7.6923 0
1225 135784 26 1488 11.5465 0
1225 141984 19 1480 6.52841 0
1225 148184 24 1571 10.5494 0
1225 154384 36 2110 14.2541 0
1225 160584 22 1555 8.86067 0
1296 167184 23 1526 9.2203 0
1296 173784 21 1329 8.77758 0
1296 180384 22 1306 9.18854 0
1296 186984 35 1968 14.1533 0
1296 193584 22 1569 8.57644 0
1296 200184 24 1456 9.48464 0
1369 207192 25 1614 10.03 0
1369 214200 27 1519 11.8352 0
1369 221208 33 1850 13.6307 0
1369 228216 24 1620 9.49651 0
1369 235224 27 1546 10.9918 0
1369 242232 27 2018 10.5439 0
1521 249960 31 1808 12.5198 0
1521 257688 27 1601 9.85742 0
1521 265416 32 2000 11.7733 0
1521 273144 33 1878 13.1768 0
1521 280872 32 1600 13.8422 0
1521 288600 34 1738 14.861 0
1600 296760 34 1717 14.6942 0
1600 304920 36 1613 16.6893 0
1600 313080 46 2209 19.2561 0
1600 321240 44 2362 18.4088 0
1600 329400 43 2336 15.6088 0
1600 337560 35 1885 14.3551 0
1681 346160 36 1715 15.246 0
1681 354760 52 2130 23.7284 0
1681 363360 37 1846 15.1828 0
1681 371960 39 2213 13.6465 0
1681 380560 39 2017 15.4555 0
1681 389160 39 2230 13.3532 0
1764 398208 51 2710 19.8047 0
1764 407256 55 2909 21.5486 0
1764 416304 47 2444 17.1032 0
1764 425352 43 2395 16.5279 0
1764 434400 49 2085 21.6281 0
1764 443448 37 1829 14.6288 0
1936 453296 50 2514 17.1599 0
1936 463144 53 2380 20.4216 0
1936 472992 54 2366 22.3009 0
1936 482840 57 2680 19.6237 0
1936 492688 55 2600 19.8656 0
1936 502536 68 3335 25.3642 0
2025 512856 92 3472 38.9481 0
2025 523176 82 3044 37.4904 0
2025 533496 49 2246 18.1233 0
2025 543816 55 2141 23.604 0
2025 554136 51 2164 20.3317 0
2025 564456 50 2272 17.8837 0
2116 575256 61 2389 25.764 0
2116 586056 53 2339 19.9497 0
2116 596856 58 2681 20.6028 0
2116 607656 88 3202 36.2293 0
2116 618456 61 2689 21.1848 0
2116 629256 63 2487 24.5414 0
2209 640544 62 2771 23.5116 0
2209 651832 80 3103 30.1372 0
2209 663120 64 2507 25.591 0
2209 674408 79 3253 31.277 0
2209 685696 83 3294 30.203 0
2209 696984 63 2460 25.0033 0
2304 708768 86 2949 33.659 0
2304 720552 73 2878 28.7436 0
2304 732336 68 2560 28.0253 0
2304 744120 125 3650 59.3081 0
2304 755904 68 2543 27.3981 0
2304 767688 105 3125 48.6699 0
2401 779976 96 3921 36.7801 0
2401 792264 90 2924 38.7476 0
2401 804552 74 2795 29.2409 0
2401 816840 73 2690 29.109 0
2401 829128 106 3639 43.4632 0
2401 841416 73 3106 29.5286 0
2500 854216 114 4047 38.7768 0
2500 867016 92 3912 33.2756 0
2500 879816 92 2927 38.6026 0
2500 892616 86 3243 31.9635 0
2500 905416 129 4207 53.642 0
2500 918216 77 2673 30.5007 0
2601 931536 84 2835 33.2513 0
2601 944856 86 3069 32.165 0
2601 958176 93 2932 38.97 0
2601 971496 102 3412 41.1996 0
2601 984816 81 2669 32.2619 0
2601 998136 122 4218 43.2328 0
2704 1011984 95 3090 37.6482 0
2704 1025832 92 3005 35.3724 0
2704 1039680 96 3209 35.4048 0
2704 1053528 183 4806 88.4774 0
2704 1067376 87 2822 34.5277 0
2704 1081224 123 4544 47.2833 0
