1024 4786 11 1038 3.87213 0
1024 9572 14 1171 4.84642 0
1024 14358 16 1373 5.59518 0
1024 19144 13 1227 4.46017 0
1024 23930 19 1480 6.73116 0
1024 28716 20 1820 6.47034 0
196 29600 1 272 0.705453 0
196 30484 1 256 0.666315 0
196 31368 1 206 0.46132 0
196 32252 1 274 0.655728 0
196 33136 1 279 0.630385 0
196 34020 3 428 1.47475 0
400 35860 4 536 2.04097 0
400 37700 3 441 1.36246 0
400 39540 2 411 0.913336 0
400 41380 5 730 2.15774 0
400 43220 4 671 1.76989 0
400 45060 3 567 1.51292 0
576 47728 5 722 2.06279 0
576 50396 8 1005 2.9588 0
576 53064 4 593 1.7269 0
576 55732 4 606 1.69803 0
576 58400 5 594 2.09422 0
576 61068 8 978 3.19491 0
784 64718 11 1032 4.60774 0
784 68368 12 1202 3.98024 0
784 72018 9 1057 3.41146 0
784 75668 8 838 2.86961 0
784 79318 11 1273 4.0274 0
784 82968 9 1063 2.97548 0
1089 88072 16 1537 5.412 0
1089 93176 23 1712 9.18052 0
1089 98280 16 1342 5.7774 0
1089 103384 16 1396 5.5692 0
1089 108488 13 1156 4.36842 0
1089 113592 13 1092 4.62827 0
1225 119312 34 1946 14.6005 0
1225 125032 19 1435 6.78441 0
1225 130752 16 1248 5.19289 0
1225 136472 38 2626 14.2768 0
1225 142192 25 2055 8.0824 0
1225 147912 27 1968 9.20522 0
1296 153992 19 1537 5.97149 0
1296 160072 22 1772 7.2467 0
1296 166152 27 2229 7.66888 0
1296 172232 18 1380 5.93524 0
1296 178312 21 1720 6.57396 0
1296 184392 22 1634 8.20559 0
1369 190840 22 1661 6.65769 0
1369 197288 20 1475 6.01576 0
1369 203736 22 1597 7.56911 0
1369 210184 44 2318 19.0001 0
1369 216632 40 2234 16.3319 0
1369 223080 23 1710 7.55916 0
1521 230208 31 1887 10.7024 0
1521 237336 24 1575 8.09523 0
1521 244464 31 2016 10.2029 0
1521 251592 36 2071 12.5262 0
1521 258720 25 1910 7.31791 0
1521 265848 31 2132 9.40733 0
1600 273368 35 2017 11.9362 0
1600 280888 37 2519 10.9276 0
1600 288408 31 2075 10.1333 0
1600 295928 28 1838 8.79651 0
1600 303448 45 2617 17.5972 0
1600 310968 26 1612 8.45806 0
1681 318888 62 3731 18.918 0
1681 326808 32 1920 11.0248 0
1681 334728 54 3502 14.496 0
1681 342648 44 2697 11.9699 0
1681 350568 49 2281 19.915 0
1681 358488 33 2012 10.3704 0
1764 366816 64 3328 21.3006 0
1764 375144 34 1964 11.5676 0
1764 383472 32 1896 9.88404 0
1764 391800 38 2029 13.035 0
1764 400128 33 1839 10.8365 0
1764 408456 36 1974 11.8891 0
1936 417544 36 2676 9.94789 0
1936 426632 40 2298 11.909 0
1936 435720 60 3571 16.5151 0
1936 444808 96 4218 34.8826 0
1936 453896 62 2795 22.6784 0
1936 462984 66 3183 24.1635 0
2025 472504 45 2308 14.5235 0
2025 482024 47 2375 14.1354 0
2025 491544 39 2121 10.8272 0
2025 501064 44 2477 11.9959 0
2025 510584 163 6165 62.1126 0
2025 520104 49 2797 14.7305 0
2116 530064 72 2862 28.3753 0
2116 540024 117 4734 43.3509 0
2116 549984 70 3984 17.5975 0
2116 559944 52 2887 14.7016 0
2116 569904 43 2535 11.9908 0
2116 579864 59 2935 17.3617 0
2209 590272 65 2811 22.6852 0
2209 600680 72 3081 21.9329 0
2209 611088 266 8509 107.424 0
2209 621496 70 3278 19.062 0
2209 631904 57 2824 15.4311 0
2209 642312 60 3370 15.6675 0
2304 653176 55 2603 15.4539 0
2304 664040 86 3300 32.2282 0
2304 674904 50 2458 13.2599 0
2304 685768 81 3522 26.5663 0
2304 696632 59 2812 14.5646 0
2304 707496 98 3735 38.1638 0
2401 718824 84 3819 27.1903 0
2401 730152 63 2986 17.6713 0
2401 741480 69 3057 19.268 0
2401 752808 69 2848 20.8139 0
2401 764136 73 2725 26.6003 0
2401 775464 68 3138 18.542 0
2500 787264 54 2529 13.2987 0
2500 799064 139 4840 49.9261 0
2500 810864 81 3676 22.2107 0
2500 822664 167 4455 78.0342 0
2500 834464 104 3604 38.2626 0
2500 846264 138 4356 52.2177 0
2601 858544 61 2877 15.1174 0
2601 870824 94 4391 23.2443 0
2601 883104 70 2969 20.4357 0
2601 895384 79 3425 23.1491 0
2601 907664 324 7162 152.23 0
2601 919944 79 3511 22.4427 0
2704 932712 251 6407 108.621 0
2704 945480 183 6198 58.5244 0
2704 958248 143 4673 43.9925 0
2704 971016 73 2788 22.2787 0
2704 983784 144 4161 60.8477 0
2704 996552 71 2835 20.9233 0
