1000 5400 31 2479 9.37877 0
1000 10800 19 1534 5.76938 0
1000 16200 28 2178 8.44972 0
1000 21600 24 1963 7.64995 0
1000 27000 15 1242 4.37804 0
1000 32400 41 3238 12.3976 0
216 33480 2 315 0.976214 0
216 34560 1 264 0.793354 0
216 35640 1 224 0.520669 0
216 36720 7 981 3.42236 0
216 37800 1 222 0.607928 0
216 38880 1 286 0.807149 0
343 40644 3 443 1.25981 0
343 42408 2 351 1.08529 0
343 44172 15 1676 6.93744 0
343 45936 2 373 1.07983 0
343 47700 3 570 1.40738 0
343 49464 3 491 1.37081 0
512 52152 5 550 1.95531 0
512 54840 10 1297 3.41659 0
512 57528 13 1314 5.57786 0
512 60216 4 555 1.74615 0
512 62904 12 1353 5.02254 0
512 65592 4 547 1.88538 0
729 69480 38 3260 14.7417 0
729 73368 33 2947 12.1804 0
729 77256 11 956 4.06815 0
729 81144 12 1164 4.01233 0
729 85032 13 1261 4.71072 0
729 88920 14 1337 4.66581 0
1000 94320 13 1031 4.09702 0
1000 99720 21 1730 6.24899 0
1000 105120 49 3890 14.5707 0
1000 110520 389 27611 121.134 0
1000 115920 16 1320 4.69147 0
1000 121320 16 1253 5.12296 0
1000 126720 12 1031 3.90999 0
1000 132120 21 1730 6.45366 0
1000 137520 49 3890 14.3686 0
1000 142920 390 27611 121.323 0
1000 148320 15 1320 4.62057 0
1000 153720 15 1253 4.87497 0
1000 159120 12 1031 3.95907 0
1000 164520 22 1730 6.50627 0
1000 169920 48 3890 14.2098 0
1000 175320 390 27611 121.627 0
1000 180720 16 1320 4.75018 0
1000 186120 15 1253 4.96576 0
1331 193380 61 3990 17.4631 0
1331 200640 66 4426 17.8901 0
1331 207900 59 3904 15.6586 0
1331 215160 25 1623 6.96471 0
1331 222420 99 6419 25.4249 0
1331 229680 345 20740 89.5027 0
1331 236940 60 3990 17.1487 0
1331 244200 66 4426 17.935 0
1331 251460 58 3904 15.5418 0
1331 258720 24 1623 6.573 0
1331 265980 98 6419 25.2398 0
1331 273240 338 20740 86.6386 0
1331 280500 60 3990 17.3765 0
1331 287760 67 4426 18.2536 0
1331 295020 59 3904 15.6736 0
1331 302280 24 1623 6.63011 0
1331 309540 98 6419 25.1965 0
1331 316800 338 20740 86.9286 0
1331 324060 62 3990 18.0813 0
1331 331320 67 4426 18.2266 0
1331 338580 264 14924 83.5768 0
1331 345840 24 1623 6.80045 0
1331 353100 98 6419 25.3861 0
1331 360360 340 20740 87.5955 0
1728 369864 31 1824 7.83249 0
1728 379368 37 2080 9.90201 0
1728 388872 31 1769 7.49051 0
1728 398376 85 4871 22.2498 0
1728 407880 86 4467 22.5594 0
1728 417384 246 12889 59.0489 0
1728 426888 32 1824 8.17575 0
1728 436392 220 12089 50.9694 0
1728 445896 31 1769 7.62332 0
1728 455400 84 4871 22.0625 0
1728 464904 86 4467 22.4234 0
1728 474408 248 12889 59.1686 0
1728 483912 32 1824 7.92584 0
1728 493416 219 12089 50.2364 0
1728 502920 31 1769 7.81773 0
1728 512424 84 4871 21.8976 0
1728 521928 87 4467 23.0256 0
1728 531432 245 12889 57.9457 0
1728 540936 45 2512 10.4669 0
1728 550440 219 12089 50.2816 0
1728 559944 31 1769 7.78405 0
1728 569448 85 4871 22.2691 0
1728 578952 86 4467 22.6547 0
1728 588456 143 7858 31.1686 0
2197 600624 118 5486 25.7062 0
2197 612792 90 4139 21.2069 0
2197 624960 253 11328 58.7079 0
2197 637128 53 2583 12.7504 0
2197 649296 7620 302864 2076.67 0
2197 661464 830 36611 193.808 0
2197 673632 118 5486 25.8041 0
2197 685800 91 4139 21.8334 0
2197 697968 255 11328 59.277 0
2197 710136 104 4857 22.8504 0
2197 722304 7624 302864 2076.62 0
2197 734472 829 36611 193.248 0
2197 746640 119 5486 25.8028 0
2197 758808 90 4139 21.5328 0
2197 770976 2064 84083 515.833 0
2197 783144 103 4857 22.6396 0
2197 795312 7621 302864 2075.66 0
2197 807480 830 36611 193.493 0
2197 819648 119 5486 26.01 0
2197 831816 53 2458 12.8849 0
2197 843984 2069 84083 517.782 0
2197 856152 103 4857 22.7432 0
2197 868320 7609 302864 2074.42 0
2197 880488 828 36611 193.047 0
2197 892656 105 4903 23.3999 0
2197 904824 53 2458 12.9224 0
2197 916992 2064 84083 516.803 0
2197 929160 105 4857 22.8966 0
2197 941328 7610 302864 2070.18 0
2197 953496 102 5038 24.4689 0
2197 965664 105 4903 23.6081 0
2197 977832 54 2458 13.1845 0
2197 990000 2067 84083 517.463 0
2197 1002168 105 4857 23.0724 0
2197 1014336 207 10398 42.2277 0
2197 1026504 102 5038 24.5625 0
