1000 6600 24 1015 14.3782 0
1000 13200 24 1017 13.6911 0
1000 19800 25 1097 14.2624 0
1000 26400 25 1053 14.5839 0
1000 33000 26 1346 14.5377 0
1000 39600 24 1045 14.3282 0
216 40938 1 244 0.833134 0
216 42276 1 231 0.983272 0
216 43614 1 231 0.819981 0
216 44952 2 227 1.1687 0
216 46290 1 224 0.856874 0
216 47628 1 237 0.951833 0
343 49802 4 359 2.37589 0
343 51976 4 399 2.38776 0
343 54150 4 360 2.33355 0
343 56324 3 403 2.05284 0
343 58498 4 433 2.62035 0
343 60672 3 373 2.15069 0
512 63974 6 521 3.34858 0
512 67276 8 634 5.03313 0
512 70578 7 563 3.68061 0
512 73880 7 561 3.99179 0
512 77182 8 624 4.83519 0
512 80484 8 648 4.36778 0
729 85246 14 920 8.5126 0
729 90008 13 747 7.87676 0
729 94770 12 829 6.69106 0
729 99532 14 797 7.7016 0
729 104294 15 966 8.12089 0
729 109056 15 798 8.93927 0
1000 115776 26 1109 14.973 0
1000 122496 26 1103 15.9944 0
1000 129216 26 1162 15.1886 0
1000 135936 26 1076 15.5713 0
1000 142656 29 1248 17.1901 0
1000 149376 26 1147 15.2935 0
1000 156216 28 1125 17.5019 0
1000 163056 26 1089 15.0542 0
1000 169896 27 1003 16.3069 0
1000 176736 31 1336 19.0954 0
1000 183576 27 1103 16.1006 0
1000 190416 25 1354 13.7751 0
1000 197376 28 1160 16.9094 0
1000 204336 29 1079 17.7451 0
1000 211296 30 1169 18.5147 0
1000 218256 29 1025 17.8009 0
1000 225216 26 1119 15.4125 0
1000 232176 29 1112 17.8631 0
1331 241116 46 1729 26.7267 0
1331 250056 39 1339 22.5408 0
1331 258996 42 1529 24.5244 0
1331 267936 47 1818 27.0199 0
1331 276876 47 1755 27.0045 0
1331 285816 43 1410 25.1557 0
1331 294876 49 1415 30.1965 0
1331 303936 48 1623 28.7709 0
1331 312996 44 1641 25.1496 0
1331 322056 46 1514 27.6368 0
1331 331116 47 1353 28.7872 0
1331 340176 45 1552 26.5564 0
1331 349356 48 1811 26.9631 0
1331 358536 47 1740 27.2265 0
1331 367716 46 1340 28.136 0
1331 376896 51 1748 29.8754 0
1331 386076 48 1477 29.2765 0
1331 395256 44 1405 26.0674 0
1331 404556 45 1389 27.0007 0
1331 413856 49 1709 28.8626 0
1331 423156 46 1496 27.4411 0
1331 432456 51 1713 30.4195 0
1331 441756 51 1780 30.0207 0
1331 451056 48 1532 29.0567 0
1728 462720 73 2401 41.3776 0
1728 474384 76 2386 42.8398 0
1728 486048 70 1734 42.1642 0
1728 497712 69 1998 40.9179 0
1728 509376 80 2301 46.8127 0
1728 521040 73 1760 44.0618 0
1728 532824 67 1783 39.5063 0
1728 544608 80 2216 47.7921 0
1728 556392 79 2248 46.8044 0
1728 568176 85 2682 48.5935 0
1728 579960 73 2337 40.8387 0
1728 591744 72 1981 41.6567 0
1728 603648 78 2226 45.6373 0
1728 615552 82 2230 49.3089 0
1728 627456 77 2468 42.6599 0
1728 639360 77 2267 44.7512 0
1728 651264 72 1743 43.4885 0
1728 663168 74 1753 44.4817 0
1728 675192 76 1925 46.1207 0
1728 687216 77 1907 46.8499 0
1728 699240 75 1809 45.6777 0
1728 711264 78 1853 47.1207 0
1728 723288 76 2195 43.8074 0
1728 735312 79 1935 47.7071 0
2197 750120 113 2488 65.662 0
2197 764928 121 2593 71.7416 0
2197 779736 119 2606 70.8116 0
2197 794544 132 2924 76.7751 0
2197 809352 116 2984 63.9868 0
2197 824160 127 2978 73.7672 0
2197 839088 107 2201 63.5363 0
2197 854016 169 3604 93.8359 0
2197 868944 124 2581 74.2012 0
2197 883872 112 2440 65.1548 0
2197 898800 118 2385 71.6258 0
2197 913728 123 3252 67.1531 0
2197 928776 112 2422 66.7351 0
2197 943824 115 2206 69.8925 0
2197 958872 129 3177 73.0357 0
2197 973920 130 2766 77.5049 0
2197 988968 119 2968 68.8576 0
2197 1004016 115 2591 66.6908 0
2197 1019184 123 2262 76.1363 0
2197 1034352 124 3131 69.5595 0
2197 1049520 121 2360 72.2328 0
2197 1064688 121 2682 70.9085 0
2197 1079856 119 2441 70.8777 0
2197 1095024 123 2252 75.591 0
2197 1110312 132 3288 75.692 0
2197 1125600 113 2282 67.891 0
2197 1140888 128 2996 75.9278 0
2197 1156176 129 2462 79.3819 0
2197 1171464 119 2458 71.9675 0
2197 1186752 128 2504 78.0981 0
2197 1202160 134 2781 78.5498 0
2197 1217568 127 2503 77.4796 0
2197 1232976 121 2356 73.9064 0
2197 1248384 129 2756 78.0923 0
2197 1263792 132 2814 79.1978 0
2197 1279200 141 2857 84.2694 0
