1000 6200 16 1012 7.862 0
1000 12400 22 1298 11.0691 0
1000 18600 21 1016 11.3694 0
1000 24800 21 1176 10.7175 0
1000 31000 21 1071 11.9173 0
1000 37200 15 1086 6.25989 0
216 38452 1 306 0.873877 0
216 39704 1 247 0.925206 0
216 40956 2 270 1.01022 0
216 42208 1 266 0.978459 0
216 43460 1 250 0.723418 0
216 44712 2 282 1.09748 0
343 46750 3 386 1.66081 0
343 48788 3 345 1.65664 0
343 50826 3 344 1.63258 0
343 52864 3 409 1.73043 0
343 54902 3 457 1.6791 0
343 56940 2 357 1.19725 0
512 60036 4 517 1.94152 0
512 63132 6 564 3.056 0
512 66228 6 681 3.05953 0
512 69324 7 872 3.30655 0
512 72420 4 516 2.01916 0
512 75516 8 817 4.17369 0
729 79986 12 781 6.84601 0
729 84456 11 900 5.07933 0
729 88926 11 786 5.54033 0
729 93396 12 738 6.74239 0
729 97866 16 1070 8.71599 0
729 102336 12 894 6.52552 0
1000 108616 22 1118 12.6045 0
1000 114896 24 1522 11.8714 0
1000 121176 20 1059 10.9501 0
1000 127456 21 1217 11.5176 0
1000 133736 25 1164 14.0597 0
1000 140016 24 1112 13.3818 0
1000 146376 24 1301 12.5249 0
1000 152736 26 1598 12.7081 0
1000 159096 23 1132 13.2618 0
1000 165456 19 1104 9.81154 0
1000 171816 22 1193 11.4669 0
1000 178176 25 1182 14.2704 0
1000 184616 25 1239 13.9657 0
1000 191056 25 1007 14.5393 0
1000 197496 27 1177 15.468 0
1000 203936 26 1030 15.9662 0
1000 210376 23 1014 13.9102 0
1000 216816 27 1175 16.4718 0
1331 225196 32 1406 16.3983 0
1331 233576 33 1372 17.6383 0
1331 241956 51 2584 24.9786 0
1331 250336 40 1862 20.7289 0
1331 258716 48 2422 23.1314 0
1331 267096 38 1699 20.5826 0
1331 275556 35 1366 18.8634 0
1331 284016 42 1756 22.8963 0
1331 292476 44 2311 19.5685 0
1331 300936 34 1509 18.1301 0
1331 309396 39 1731 20.3805 0
1331 317856 33 1601 16.7974 0
1331 326396 39 1776 20.6272 0
1331 334936 50 2238 24.8006 0
1331 343476 36 1619 19.9381 0
1331 352016 38 1608 20.3933 0
1331 360556 42 1558 23.4824 0
1331 369096 39 1512 21.4125 0
1331 377716 37 1711 19.5381 0
1331 386336 44 1592 25.9792 0
1331 394956 35 1475 18.5801 0
1331 403576 41 1580 22.3288 0
1331 412196 41 1721 21.735 0
1331 420816 40 1510 22.4674 0
1728 431760 76 3087 36.9566 0
1728 442704 60 1742 34.2262 0
1728 453648 58 2365 30.4455 0
1728 464592 65 2070 35.8071 0
1728 475536 65 2425 33.805 0
1728 486480 59 2192 30.9427 0
1728 497504 66 2366 35.0442 0
1728 508528 63 2057 34.4315 0
1728 519552 52 1760 27.7016 0
1728 530576 65 1921 35.6085 0
1728 541600 52 2040 25.7043 0
1728 552624 57 1939 29.7371 0
1728 563728 54 1991 27.9673 0
1728 574832 62 2290 32.3979 0
1728 585936 72 2407 39.9458 0
1728 597040 59 1756 32.7319 0
1728 608144 63 1804 36.4683 0
1728 619248 66 2189 34.4665 0
1728 630432 55 1926 29.5783 0
1728 641616 58 1761 32.344 0
1728 652800 61 2064 33.8079 0
1728 663984 53 2158 26.1419 0
1728 675168 66 2119 36.663 0
1728 686352 69 1970 39.8021 0
2197 700280 118 3711 55.633 0
2197 714208 122 3706 58.4708 0
2197 728136 85 2267 45.0736 0
2197 742064 91 2806 45.7454 0
2197 755992 87 2615 45.3097 0
2197 769920 80 2489 39.7162 0
2197 783928 99 2820 51.8038 0
2197 797936 90 2393 48.4004 0
2197 811944 76 2231 36.9999 0
2197 825952 86 2554 42.9351 0
2197 839960 93 2412 49.7337 0
2197 853968 78 2246 39.4409 0
2197 868056 108 2456 61.4174 0
2197 882144 118 3426 61.3613 0
2197 896232 111 3277 58.3964 0
2197 910320 99 3085 48.8819 0
2197 924408 98 2508 53.275 0
2197 938496 120 3439 62.7632 0
2197 952664 102 2793 55.9082 0
2197 966832 119 3236 62.8578 0
2197 981000 82 2210 42.715 0
2197 995168 95 2485 52.0601 0
2197 1009336 83 2251 43.0667 0
2197 1023504 90 2367 48.7504 0
2197 1037752 97 2537 53.3546 0
2197 1052000 91 2205 49.7696 0
2197 1066248 119 3816 59.2006 0
2197 1080496 98 2485 53.7335 0
2197 1094744 106 2551 57.647 0
2197 1108992 102 2276 59.1849 0
2197 1123320 109 2713 60.8797 0
2197 1137648 109 2450 62.1084 0
2197 1151976 87 2512 46.1942 0
2197 1166304 121 3720 62.8659 0
2197 1180632 105 3058 55.614 0
2197 1194960 97 2280 54.1056 0
