1000 5800 16 1467 5.95802 0
1000 11600 41 3334 14.3516 0
1000 17400 14 1095 5.98015 0
1000 23200 35 2362 14.5438 0
1000 29000 13 1024 5.17397 0
1000 34800 15 1077 7.07988 0
216 35966 1 310 0.814527 0
216 37132 1 258 0.804582 0
216 38298 2 328 1.0994 0
216 39464 1 247 0.641613 0
216 40630 2 353 0.963061 0
216 41796 1 259 0.659899 0
343 43696 2 396 1.21201 0
343 45596 2 374 1.24537 0
343 47496 2 375 1.07759 0
343 49396 4 575 1.99606 0
343 51296 2 356 1.12026 0
343 53196 3 396 1.38139 0
512 56088 6 803 2.48946 0
512 58980 4 560 1.87447 0
512 61872 6 707 3.00531 0
512 64764 10 1143 4.12749 0
512 67656 6 625 2.68515 0
512 70548 4 563 1.98419 0
729 74726 12 1137 5.28689 0
729 78904 14 1318 6.31154 0
729 83082 10 1126 3.64949 0
729 87260 9 839 4.01329 0
729 91438 9 1002 3.76659 0
729 95616 10 1022 4.32319 0
1000 101456 13 1028 4.92021 0
1000 107296 14 1145 5.55637 0
1000 113136 14 1356 5.33533 0
1000 118976 13 1016 4.99303 0
1000 124816 14 1053 5.50696 0
1000 130656 17 1465 6.00614 0
1000 136536 19 1271 8.87543 0
1000 142416 14 1012 5.70554 0
1000 148296 14 1240 4.94876 0
1000 154176 15 1171 5.63849 0
1000 160056 21 1466 9.65756 0
1000 165936 19 1393 7.99161 0
1000 171856 23 1573 10.8054 0
1000 177776 21 1721 8.22387 0
1000 183696 16 1329 7.00513 0
1000 189616 12 1096 4.18652 0
1000 195536 12 1023 3.91576 0
1000 201456 27 1826 11.6254 0
1331 209276 24 1383 10.7339 0
1331 217096 26 1532 10.8102 0
1331 224916 24 1438 9.97066 0
1331 232736 22 1579 7.39106 0
1331 240556 41 2071 18.2449 0
1331 248376 42 2590 15.8058 0
1331 256236 23 1380 9.04449 0
1331 264096 29 1828 10.6517 0
1331 271956 42 2426 16.4298 0
1331 279816 36 1868 16.1279 0
1331 287676 24 1447 9.45577 0
1331 295536 24 1613 9.48657 0
1331 303436 29 1456 13.5698 0
1331 311336 76 3845 32.4261 0
1331 319236 22 1359 8.63547 0
1331 327136 23 1619 7.58803 0
1331 335036 48 3199 16.7772 0
1331 342936 33 1631 16.4817 0
1331 350876 25 1441 10.8782 0
1331 358816 22 1780 7.6445 0
1331 366756 26 1384 12.0415 0
1331 374696 34 2095 13.9891 0
1331 382636 24 1704 8.90206 0
1331 390576 34 1575 16.9354 0
1728 400800 43 2643 12.2256 0
1728 411024 32 2064 8.93285 0
1728 421248 59 3108 21.4895 0
1728 431472 79 3279 31.8307 0
1728 441696 48 2088 20.2108 0
1728 451920 53 2750 18.729 0
1728 462184 30 1738 9.18886 0
1728 472448 49 2736 17.031 0
1728 482712 36 2067 11.907 0
1728 492976 45 2333 16.3242 0
1728 503240 36 2126 11.2269 0
1728 513504 43 1839 19.2689 0
1728 523808 41 1743 18.4412 0
1728 534112 41 2530 12.5063 0
1728 544416 67 2407 32.5574 0
1728 554720 38 2413 14.2528 0
1728 565024 57 2782 22.5604 0
1728 575328 48 2445 17.535 0
1728 585672 72 4308 22.9344 0
1728 596016 35 1974 11.1487 0
1728 606360 54 2097 24.9943 0
1728 616704 43 2202 16.8404 0
1728 627048 42 2652 16.662 0
1728 637392 74 4262 24.6581 0
2197 650440 63 2294 26.481 0
2197 663488 56 2412 19.4373 0
2197 676536 127 6280 34.2974 0
2197 689584 75 4087 20.8383 0
2197 702632 71 2552 31.1596 0
2197 715680 162 5865 56.7205 0
2197 728768 101 4187 38.1801 0
2197 741856 51 3244 15.7866 0
2197 754944 73 2332 34.4976 0
2197 768032 82 2368 41.9252 0
2197 781120 80 2654 37.9671 0
2197 794208 126 6273 40.3052 0
2197 807336 70 3417 25.9042 0
2197 820464 67 3442 17.5629 0
2197 833592 66 2649 25.183 0
2197 846720 68 3397 21.8864 0
2197 859848 65 3199 20.8229 0
2197 872976 66 2790 23.372 0
2197 886144 61 2309 25.2962 0
2197 899312 67 2632 26.8258 0
2197 912480 79 2927 34.9355 0
2197 925648 97 4730 31.0483 0
2197 938816 60 2762 20.6182 0
2197 951984 69 2374 31.3726 0
2197 965192 62 2310 25.2882 0
2197 978400 70 2930 26.4633 0
2197 991608 90 3622 35.8854 0
2197 1004816 107 3612 43.7744 0
2197 1018024 60 2236 24.5234 0
2197 1031232 107 4201 40.7841 0
2197 1044480 76 2910 30.8385 0
2197 1057728 58 2738 20.3202 0
2197 1070976 69 2340 30.7454 0
2197 1084224 69 2715 26.8059 0
2197 1097472 69 2778 27.8627 0
2197 1110720 68 2782 27.2304 0
