1296 7200 40 2743 11.7483 0
1296 14400 21 1543 5.45756 0
1296 21600 31 2253 7.66374 0
1296 28800 23 1651 6.08409 0
1296 36000 31 1996 7.55274 0
1296 43200 24 1811 6.35678 0
256 44544 1 303 0.758386 0
256 45888 1 269 0.75197 0
256 47232 2 328 1.05609 0
256 48576 1 289 0.769294 0
256 49920 2 299 0.904353 0
256 51264 2 309 0.987121 0
625 54664 7 826 2.73712 0
625 58064 7 706 2.59789 0
625 61464 7 790 2.71819 0
625 64864 6 709 2.32649 0
625 68264 6 699 2.41952 0
625 71664 7 792 2.48112 0
625 74664 6 796 2.09615 0
625 77664 6 763 2.04771 0
625 80664 6 780 1.84143 0
625 83664 7 848 2.29505 0
625 86664 5 696 1.7285 0
625 89664 7 878 2.51127 0
625 92664 6 796 2.09519 0
625 95664 6 763 2.04386 0
625 98664 6 780 1.8841 0
625 101664 7 848 2.24019 0
625 104664 5 696 1.69931 0
625 107664 7 878 2.41728 0
1296 114144 20 1536 4.72772 0
1296 120624 21 1681 4.85508 0
1296 127104 19 1457 4.24459 0
1296 133584 30 2204 6.92589 0
1296 140064 18 1437 4.07649 0
1296 146544 27 1987 6.20151 0
1296 153024 20 1536 4.74537 0
1296 159504 22 1681 5.07034 0
1296 165984 18 1457 4.1044 0
1296 172464 30 2204 6.91755 0
1296 178944 18 1437 4.16727 0
1296 185424 29 1987 6.64262 0
1296 191904 42 3030 10.7027 0
1296 198384 21 1681 4.80279 0
1296 204864 20 1457 4.52337 0
1296 211344 30 2204 7.11549 0
1296 217824 18 1437 4.26833 0
1296 224304 27 1987 6.27209 0
1296 230784 42 3030 10.6845 0
1296 237264 22 1681 4.92598 0
1296 243744 19 1457 4.21219 0
1296 250224 31 2204 7.0741 0
1296 256704 18 1437 4.20866 0
1296 263184 27 1987 6.18451 0
1296 269664 43 3030 10.823 0
1296 276144 21 1681 4.8384 0
1296 282624 19 1457 4.1785 0
1296 289104 30 2204 7.03143 0
1296 295584 19 1437 4.22823 0
1296 302064 34 2344 7.80297 0
1296 308544 42 3030 10.7425 0
1296 315024 22 1681 5.00554 0
1296 321504 19 1457 4.25935 0
1296 327984 30 2204 7.00481 0
1296 334464 18 1437 4.20192 0
1296 340944 33 2344 7.64257 0
1296 347424 43 3030 10.961 0
1296 353904 22 1681 4.92887 0
1296 360384 20 1457 4.54486 0
1296 366864 30 2021 6.90536 0
1296 373344 18 1437 4.41462 0
1296 379824 33 2344 7.56718 0
1296 386304 42 3030 10.6947 0
1296 392784 22 1681 5.05623 0
1296 399264 19 1457 4.16535 0
1296 405744 30 2021 6.77062 0
1296 412224 19 1437 4.48199 0
1296 418704 33 2344 7.68556 0
1296 425184 43 3030 10.9738 0
1296 431664 41 2629 9.25045 0
1296 438144 20 1457 4.58625 0
1296 444624 30 2021 6.85307 0
1296 451104 19 1437 4.38189 0
1296 457584 32 2344 7.35866 0
1296 464064 42 3030 10.6723 0
1296 470544 40 2629 8.99188 0
1296 477024 19 1457 4.40018 0
1296 483504 29 2021 6.70549 0
1296 489984 18 1437 4.20513 0
1296 496464 33 2344 7.61113 0
1296 502944 42 3030 10.8025 0
1296 509424 41 2629 9.01562 0
1296 515904 19 1457 4.47108 0
1296 522384 30 2021 6.85916 0
1296 528864 18 1437 4.14257 0
1296 535344 33 2344 7.63872 0
1296 541824 43 3030 10.927 0
1296 548304 40 2629 8.86099 0
1296 554784 19 1457 4.33891 0
1296 561264 30 2021 6.84376 0
1296 567744 19 1437 4.43611 0
1296 574224 33 2344 7.63263 0
2401 586572 66 3112 10.2007 0
2401 598920 127 5220 17.1737 0
2401 611268 135 5354 21.9762 0
2401 623616 63 3008 10.1853 0
2401 635964 79 3690 12.7585 0
2401 648312 73 3345 11.5381 0
2401 660660 66 3112 10.5686 0
2401 673008 126 5220 16.9893 0
2401 685356 246 9185 38.0897 0
2401 697704 64 3008 10.3303 0
2401 710052 80 3690 12.8743 0
2401 722400 73 3345 11.7338 0
2401 734748 73 3402 11.3245 0
2401 747096 126 5220 17.2587 0
2401 759444 246 9185 38.1214 0
2401 771792 63 3008 10.0605 0
2401 784140 80 3690 13.0196 0
2401 796488 85 3863 13.3135 0
