1296 7718 28 2027 8.75128 0
1296 15436 23 1718 8.78143 0
1296 23154 23 1494 7.93867 0
1296 30872 22 1510 7.51104 0
1296 38590 22 1899 7.08373 0
1296 46308 25 1746 9.28221 0
256 47754 2 315 1.11769 0
256 49200 2 312 0.951191 0
256 50646 1 266 0.856553 0
256 52092 1 271 0.773464 0
256 53538 2 345 1.0593 0
256 54984 1 267 0.842117 0
625 58634 7 744 3.08038 0
625 62284 5 640 2.08396 0
625 65934 6 634 2.83721 0
625 69584 6 655 2.35279 0
625 73234 7 713 3.50128 0
625 76884 6 649 2.36948 0
625 80324 7 841 3.04413 0
625 83764 7 732 3.27223 0
625 87204 6 641 2.3775 0
625 90644 9 994 3.38226 0
625 94084 6 683 2.75637 0
625 97524 7 798 3.13139 0
625 101004 6 697 2.45417 0
625 104484 7 739 3.19523 0
625 107964 9 835 3.97511 0
625 111444 7 667 3.08006 0
625 114924 5 659 2.15935 0
625 118404 7 778 3.09963 0
1296 125404 20 1562 6.63299 0
1296 132404 21 1503 6.00004 0
1296 139404 23 1905 7.56622 0
1296 146404 24 1746 7.65284 0
1296 153404 19 1547 5.42772 0
1296 160404 29 2164 8.85265 0
1296 167444 25 1714 8.63867 0
1296 174484 19 1353 6.17488 0
1296 181524 38 3014 10.5728 0
1296 188564 25 1769 7.96723 0
1296 195604 33 2452 10.7884 0
1296 202644 22 1817 6.73854 0
1296 209724 24 1824 7.22263 0
1296 216804 22 1652 7.45586 0
1296 223884 27 2171 9.0461 0
1296 230964 22 1738 7.01283 0
1296 238044 22 1554 6.93198 0
1296 245124 18 1386 5.49958 0
1296 252244 26 2039 7.49436 0
1296 259364 21 1631 7.65925 0
1296 266484 26 1908 8.63194 0
1296 273604 22 1984 7.06448 0
1296 280724 22 1539 7.78597 0
1296 287844 27 1835 10.0817 0
1296 295004 20 1445 7.30252 0
1296 302164 18 1361 5.69046 0
1296 309324 19 1368 5.96026 0
1296 316484 20 1464 6.65641 0
1296 323644 20 1453 6.6439 0
1296 330804 20 1622 6.36127 0
1296 338004 19 1324 6.74335 0
1296 345204 36 2401 13.3022 0
1296 352404 18 1322 5.83515 0
1296 359604 18 1329 5.48419 0
1296 366804 19 1471 6.33978 0
1296 374004 34 2031 12.0793 0
1296 381244 19 1409 6.72474 0
1296 388484 21 1751 6.9076 0
1296 395724 28 2077 9.13785 0
1296 402964 20 1482 6.83606 0
1296 410204 20 1589 7.02662 0
1296 417444 21 1653 6.62722 0
1296 424724 19 1313 6.30417 0
1296 432004 24 1890 7.33107 0
1296 439284 22 1643 7.19344 0
1296 446564 20 1327 7.32978 0
1296 453844 21 1554 6.91402 0
1296 461124 21 1586 6.69844 0
1296 468444 20 1517 6.90889 0
1296 475764 20 1671 6.58776 0
1296 483084 21 1676 7.7895 0
1296 490404 27 1924 10.2145 0
1296 497724 19 1389 6.60733 0
1296 505044 26 1955 9.46892 0
1296 512404 21 1416 7.75966 0
1296 519764 20 1369 7.43148 0
1296 527124 20 1608 6.64486 0
1296 534484 22 1690 7.67978 0
1296 541844 19 1299 6.29358 0
1296 549204 21 1473 7.51649 0
1296 556604 19 1319 6.74752 0
1296 564004 20 1336 7.3192 0
1296 571404 30 1892 13.1675 0
1296 578804 19 1345 7.05389 0
1296 586204 24 1629 8.61205 0
1296 593604 18 1304 6.11521 0
1296 601044 24 1649 10.038 0
1296 608484 23 1665 7.93354 0
1296 615924 22 1620 8.67781 0
1296 623364 21 1334 8.10678 0
1296 630804 21 1692 7.12703 0
1296 638244 22 1682 7.5999 0
2401 651592 66 2974 16.8795 0
2401 664940 68 2829 21.3593 0
2401 678288 89 4163 21.3051 0
2401 691636 121 4861 36.1741 0
2401 704984 65 3316 17.3742 0
2401 718332 156 6917 38.6151 0
2401 731720 66 3567 18.7393 0
2401 745108 79 3785 21.1784 0
2401 758496 89 4147 25.4999 0
2401 771884 77 3873 17.7146 0
2401 785272 54 2526 14.7122 0
2401 798660 159 6136 44.2957 0
2401 812088 52 2587 12.3931 0
2401 825516 86 3515 22.0173 0
2401 838944 57 2643 14.9804 0
2401 852372 69 3687 16.1321 0
2401 865800 81 3272 25.4772 0
2401 879228 73 3108 22.3429 0
