1296 8236 32 1374 16.6604 0
1296 16472 21 1328 8.3137 0
1296 24708 34 1663 17.3361 0
1296 32944 26 1351 12.1066 0
1296 41180 32 1460 16.2116 0
1296 49416 32 1613 16.3951 0
256 50964 1 270 0.844042 0
256 52512 2 272 1.3846 0
256 54060 1 262 0.87933 0
256 55608 2 261 1.00027 0
256 57156 1 275 0.852703 0
256 58704 1 261 0.821264 0
625 62604 7 708 3.3752 0
625 66504 6 629 2.78171 0
625 70404 8 735 4.26352 0
625 74304 8 694 4.05243 0
625 78204 8 816 3.34922 0
625 82104 6 667 2.82887 0
625 85984 9 749 5.13675 0
625 89864 8 696 4.60678 0
625 93744 10 743 5.73217 0
625 97624 8 656 4.64688 0
625 101504 10 826 5.45243 0
625 105384 9 686 5.08991 0
625 109344 9 701 4.92951 0
625 113304 9 701 5.23075 0
625 117264 9 631 5.32603 0
625 121224 10 680 5.82135 0
625 125184 8 636 3.98089 0
625 129144 10 626 5.5923 0
1296 136664 30 1615 14.0593 0
1296 144184 22 1310 9.61649 0
1296 151704 25 1827 10.4413 0
1296 159224 22 1712 7.50559 0
1296 166744 24 1454 10.8503 0
1296 174264 20 1588 7.64289 0
1296 181864 22 1431 9.24789 0
1296 189464 28 1594 11.7229 0
1296 197064 28 1498 13.3051 0
1296 204664 28 1880 11.72 0
1296 212264 28 1472 13.2044 0
1296 219864 23 1306 10.0053 0
1296 227544 26 1546 11.7389 0
1296 235224 25 1373 11.4252 0
1296 242904 29 1435 13.9878 0
1296 250584 24 1397 10.5988 0
1296 258264 24 1392 11.1823 0
1296 265944 30 1482 14.5107 0
1296 273704 28 1362 14.2948 0
1296 281464 31 1703 16.0823 0
1296 289224 26 1323 12.488 0
1296 296984 26 1337 12.8701 0
1296 304744 29 1338 14.3497 0
1296 312504 26 1398 12.0703 0
1296 320344 28 1663 12.3693 0
1296 328184 29 1465 15.051 0
1296 336024 29 1748 13.2689 0
1296 343864 30 1411 15.3785 0
1296 351704 29 1548 13.9487 0
1296 359544 26 1325 12.0976 0
1296 367464 28 1315 14.2521 0
1296 375384 41 2079 20.5303 0
1296 383304 38 1763 19.4232 0
1296 391224 29 1486 13.8653 0
1296 399144 28 1327 13.7122 0
1296 407064 35 1698 18.1888 0
1296 415064 32 1559 16.041 0
1296 423064 31 1618 15.6605 0
1296 431064 34 1556 17.5327 0
1296 439064 30 1592 14.9252 0
1296 447064 32 1407 17.2956 0
1296 455064 31 1545 15.4388 0
1296 463144 32 1516 16.4497 0
1296 471224 33 1620 16.5459 0
1296 479304 32 1654 16.0339 0
1296 487384 34 1522 18.2154 0
1296 495464 39 1412 22.3326 0
1296 503544 37 1510 20.0969 0
1296 511704 32 1306 17.4583 0
1296 519864 34 1363 18.601 0
1296 528024 35 1609 17.9247 0
1296 536184 33 1328 17.508 0
1296 544344 32 1340 17.2167 0
1296 552504 38 1407 21.7032 0
1296 560744 37 1379 21.0202 0
1296 568984 35 1335 19.59 0
1296 577224 33 1299 18.3103 0
1296 585464 33 1539 17.5128 0
1296 593704 33 1592 16.6287 0
1296 601944 40 1531 21.5216 0
1296 610264 35 1458 19.2667 0
1296 618584 37 1402 21.2059 0
1296 626904 40 1736 21.7795 0
1296 635224 32 1300 17.2106 0
1296 643544 36 1525 19.59 0
1296 651864 42 1470 24.6604 0
1296 660264 41 1643 23.8834 0
1296 668664 38 1360 22.1629 0
1296 677064 34 1400 18.5558 0
1296 685464 40 1716 21.8646 0
1296 693864 37 1584 19.8133 0
1296 702264 37 1397 20.8524 0
2401 716612 86 3075 37.2678 0
2401 730960 93 3657 34.6997 0
2401 745308 64 2414 23.2674 0
2401 759656 73 3067 26.2375 0
2401 774004 94 3154 41.102 0
2401 788352 82 2476 37.6935 0
2401 802780 93 2956 43.8016 0
2401 817208 102 3185 46.215 0
2401 831636 96 3076 38.6892 0
2401 846064 81 2906 32.6507 0
2401 860492 85 2647 38.8089 0
2401 874920 82 2573 36.8247 0
2401 889428 94 3724 36.8889 0
2401 903936 102 3212 48.2441 0
2401 918444 77 2978 28.323 0
2401 932952 80 2438 35.5341 0
2401 947460 95 3144 44.2469 0
2401 961968 83 2456 38.5122 0
