1296 8754 40 1670 22.0256 0
1296 17508 35 1313 19.7771 0
1296 26262 37 1305 21.4029 0
1296 35016 37 1399 21.0468 0
1296 43770 39 1319 22.7365 0
1296 52524 36 1534 19.669 0
256 54174 2 273 1.1995 0
256 55824 2 266 1.35059 0
256 57474 2 267 1.2258 0
256 59124 2 298 1.3307 0
256 60774 2 284 1.47218 0
256 62424 2 284 1.18121 0
625 66574 10 648 6.18803 0
625 70724 9 651 5.37896 0
625 74874 11 632 6.47259 0
625 79024 8 714 4.37644 0
625 83174 10 631 5.73185 0
625 87324 11 713 6.27465 0
625 91644 12 685 7.57713 0
625 95964 12 629 7.4549 0
625 100284 11 751 6.46778 0
625 104604 11 626 6.7241 0
625 108924 11 721 6.889 0
625 113244 13 632 7.92584 0
625 117684 11 641 6.98748 0
625 122124 12 654 7.3208 0
625 126564 11 635 6.37699 0
625 131004 12 676 7.4302 0
625 135444 13 688 7.99449 0
625 139884 12 714 7.66021 0
1296 147924 31 1455 15.8398 0
1296 155964 32 1385 17.0114 0
1296 164004 30 1340 15.4933 0
1296 172044 34 1620 17.1817 0
1296 180084 33 1546 17.653 0
1296 188124 32 1547 16.3483 0
1296 196284 32 1390 16.7615 0
1296 204444 36 1521 19.2497 0
1296 212604 37 1746 19.3498 0
1296 220764 30 1333 15.5982 0
1296 228924 37 1653 19.9971 0
1296 237084 34 1506 17.3126 0
1296 245364 38 1526 21.6541 0
1296 253644 35 1575 18.9253 0
1296 261924 37 1462 20.0068 0
1296 270204 32 1301 17.168 0
1296 278484 38 1351 22.5873 0
1296 286764 37 1546 20.018 0
1296 295164 38 1585 20.6035 0
1296 303564 35 1301 19.7581 0
1296 311964 41 1552 23.0987 0
1296 320364 36 1638 19.0671 0
1296 328764 39 1637 22.3127 0
1296 337164 35 1522 19.1268 0
1296 345684 39 1434 22.536 0
1296 354204 38 1511 21.4109 0
1296 362724 40 1459 23.5093 0
1296 371244 36 1461 19.9185 0
1296 379764 37 1312 21.7407 0
1296 388284 35 1329 19.8791 0
1296 396924 41 1574 23.4375 0
1296 405564 44 1500 26.0569 0
1296 414204 41 1652 23.2103 0
1296 422844 38 1377 22.6297 0
1296 431484 41 1623 24.3036 0
1296 440124 39 1436 23.2578 0
1296 448884 41 1296 25.1891 0
1296 457644 41 1385 24.8574 0
1296 466404 40 1337 23.902 0
1296 475164 41 1323 24.0833 0
1296 483924 40 1369 23.2745 0
1296 492684 42 1298 25.4258 0
1296 501564 46 1661 26.3757 0
1296 510444 41 1451 24.0781 0
1296 519324 49 1648 29.4468 0
1296 528204 41 1498 23.6027 0
1296 537084 45 1579 26.829 0
1296 545964 49 1704 29.4904 0
1296 554964 47 1330 29.5553 0
1296 563964 45 1394 27.5258 0
1296 572964 44 1332 27.6792 0
1296 581964 44 1411 26.6042 0
1296 590964 42 1346 25.131 0
1296 599964 45 1305 28.2104 0
1296 609084 50 1577 30.4108 0
1296 618204 46 1495 27.9204 0
1296 627324 47 1518 28.5588 0
1296 636444 48 1362 30.0342 0
1296 645564 44 1373 27.2589 0
1296 654684 48 1392 30.1128 0
1296 663924 47 1369 29.5934 0
1296 673164 47 1353 29.7339 0
1296 682404 49 1487 30.1462 0
1296 691644 46 1301 28.948 0
1296 700884 49 1408 30.5263 0
1296 710124 50 1530 31.0191 0
1296 719484 50 1377 31.5959 0
1296 728844 48 1438 29.9405 0
1296 738204 46 1387 28.5547 0
1296 747564 51 1399 32.7489 0
1296 756924 50 1596 31.1153 0
1296 766284 49 1311 31.1166 0
2401 781632 120 3249 61.5955 0
2401 796980 114 2897 63.0061 0
2401 812328 113 2785 61.5169 0
2401 827676 110 2512 60.533 0
2401 843024 105 2891 54.2865 0
2401 858372 106 2660 57.6534 0
2401 873840 140 3539 72.6363 0
2401 889308 125 3033 69.726 0
2401 904776 125 2935 68.3481 0
2401 920244 116 2920 63.555 0
2401 935712 113 2549 62.4575 0
2401 951180 117 2567 65.0473 0
2401 966768 121 3109 66.6857 0
2401 982356 122 2514 69.273 0
2401 997944 114 2925 61.241 0
2401 1013532 123 2611 70.5216 0
2401 1029120 115 2719 63.2893 0
2401 1044708 118 2557 66.8288 0
