1000 20094 71 1025 52.3296 0
1000 40170 70 1028 50.9271 0
1000 60264 68 1021 49.7061 0
1000 80354 70 1037 51.5456 0
1000 100442 75 1077 54.4534 0
1000 120518 73 1028 53.1544 0
200 121404 1 204 0.667919 0
200 122292 1 206 0.647066 0
200 123176 1 203 0.689734 0
200 124074 1 224 0.62076 0
200 124948 3 220 1.47635 0
200 125850 1 208 0.938359 0
400 129120 7 409 5.04147 0
400 132424 7 423 4.75339 0
400 135730 6 405 4.19807 0
400 139024 7 402 4.88428 0
400 142302 8 415 5.39051 0
400 145592 9 400 5.94069 0
600 152870 21 610 14.794 0
600 160152 21 600 14.3988 0
600 167442 21 603 15.0481 0
600 174728 20 624 14.3516 0
600 182030 22 642 15.1475 0
600 189324 22 617 15.1215 0
800 202184 43 832 30.809 0
800 215062 43 860 30.9023 0
800 227940 41 806 29.4112 0
800 240818 43 826 31.0903 0
800 253692 42 804 30.1783 0
800 266564 42 803 30.2819 0
1100 290832 87 1109 64.092 0
1100 315106 88 1159 65.0765 0
1100 339384 88 1117 64.5847 0
1100 363652 89 1173 65.6912 0
1100 387940 87 1132 64.1478 0
1100 412202 90 1187 66.1262 0
1200 441064 109 1223 80.5044 0
1200 469924 105 1248 77.4532 0
1200 498782 110 1216 81.3007 0
1200 527654 108 1260 79.8927 0
1200 556540 111 1222 82.0504 0
1200 585412 109 1231 80.0001 0
1300 619276 128 1318 95.1018 0
1300 653152 130 1340 96.5319 0
1300 687016 133 1325 99.5029 0
1300 720876 130 1319 96.2714 0
1300 754750 130 1319 96.9098 0
1300 788628 132 1308 97.6535 0
1400 827898 167 1419 124.875 0
1400 867174 159 1416 118.221 0
1400 906426 155 1400 115.063 0
1400 945686 154 1405 115.648 0
1400 984962 149 1402 109.989 0
1400 1024236 159 1482 119.003 0
1500 1069308 185 1525 137.377 0
1500 1114388 177 1539 132.571 0
1500 1159436 179 1512 134.023 0
1500 1204492 188 1501 140.318 0
1500 1249558 188 1582 140.36 0
1500 1294638 177 1534 131.539 0
1600 1345906 206 1613 153.444 0
1600 1397170 202 1606 150.96 0
1600 1448416 208 1615 156.909 0
1600 1499664 205 1611 153.486 0
1600 1550938 220 1651 165.206 0
1600 1602210 210 1685 157.472 0
1700 1660080 236 1710 176.833 0
1700 1717944 233 1760 175.111 0
1700 1775796 238 1737 179.133 0
1700 1833650 240 1712 180.086 0
1700 1891520 238 1720 178.599 0
1700 1949388 231 1713 172.274 0
1800 2014246 264 1838 196.902 0
1800 2079130 258 1812 193.094 0
1800 2143992 270 1807 201.991 0
1800 2208848 257 1801 191.998 0
1800 2273706 270 1836 203.857 0
1800 2338580 281 1846 212.655 0
1900 2410854 298 1939 223.833 0
1900 2483124 290 1915 216.834 0
1900 2555372 291 1901 218.46 0
1900 2627626 298 1900 224.585 0
1900 2699888 314 1951 235.537 0
1900 2772166 288 1901 214.764 0
2000 2852246 334 2012 251.199 0
2000 2932314 346 2068 261.264 0
2000 3012366 337 2006 256.01 0
2000 3092426 335 2010 252.277 0
2000 3172492 334 2024 251.706 0
2000 3252564 334 2022 251.059 0
2100 3340832 373 2109 280.96 0
2100 3429104 374 2110 281.872 0
2100 3517362 368 2100 276.711 0
2100 3605620 370 2119 278.426 0
2100 3693890 376 2101 283.898 0
2100 3782168 373 2225 282.271 0
2200 3879022 418 2205 316.017 0
2200 3975876 406 2216 307.243 0
2200 4072726 415 2269 314.079 0
2200 4169594 406 2233 306.72 0
2200 4266456 402 2206 303.522 0
2200 4363320 406 2310 306.96 0
2300 4469180 455 2323 344.212 0
2300 4575014 482 2324 367.685 0
2300 4680862 451 2330 342.193 0
2300 4786712 444 2301 334.756 0
2300 4892562 500 2317 380.892 0
2300 4998422 459 2367 347.86 0
2400 5113676 495 2400 374.636 0
2400 5228914 509 2401 386.078 0
2400 5344168 490 2470 370.314 0
2400 5459408 488 2402 368.426 0
2400 5574662 496 2405 375.754 0
2400 5689914 494 2432 372.705 0
2500 5814966 538 2506 408.531 0
2500 5940024 542 2521 410.621 0
2500 6065070 546 2517 414.288 0
2500 6190128 537 2568 405.426 0
2500 6315172 546 2564 415.231 0
2500 6440224 559 2618 426.518 0
2600 6575482 597 2604 453.459 0
2600 6710732 595 2638 453.503 0
2600 6845972 570 2608 429.737 0
2600 6981234 579 2602 437.831 0
2600 7116472 592 2617 449.055 0
2600 7251728 598 2609 455.767 0
2700 7397586 635 2751 483.195 0
2700 7543424 633 2767 481.269 0
2700 7689252 638 2756 482.895 0
2700 7835098 641 2800 487.467 0
2700 7980932 643 2726 488.605 0
2700 8126790 645 2706 491.706 0
