1000 99916 139 1012 100.912 0
1000 199830 147 1019 108.91 0
1000 299748 143 1012 104.629 0
1000 399660 135 1006 96.6891 0
1000 499580 143 1006 104.352 0
1000 599490 149 1011 108.422 0
200 603494 4 213 3.32516 0
200 607488 5 212 3.63634 0
200 611482 4 200 3.11118 0
200 615484 4 202 3.28859 0
200 619488 4 200 3.17662 0
200 623488 5 202 3.5186 0
400 639468 23 418 16.8632 0
400 655452 21 404 14.4466 0
400 671432 20 409 14.2772 0
400 687402 22 404 15.9454 0
400 703384 21 407 15.075 0
400 719362 21 407 15.1777 0
600 755316 51 629 37.3707 0
600 791274 48 613 34.2634 0
600 827228 47 601 33.6401 0
600 863192 47 607 33.8496 0
600 899150 47 606 33.6195 0
600 935116 50 619 36.5671 0
800 999060 89 811 64.6874 0
800 1063004 89 838 64.5616 0
800 1126940 89 813 64.775 0
800 1190876 92 809 67.0973 0
800 1254820 90 817 64.3149 0
800 1318758 90 812 65.4002 0
1100 1439672 171 1133 124.954 0
1100 1560580 177 1133 129.826 0
1100 1681482 175 1143 128.097 0
1100 1802386 180 1140 132.528 0
1100 1923290 167 1111 121.552 0
1100 2044200 172 1106 125.192 0
1200 2188102 204 1229 148.1 0
1200 2331992 214 1217 158.202 0
1200 2475882 199 1200 144.15 0
1200 2619774 209 1234 152.879 0
1200 2763672 214 1245 157.854 0
1200 2907570 200 1200 144.45 0
1300 3076462 250 1322 185.124 0
1300 3245344 249 1317 183.701 0
1300 3414230 248 1346 182.235 0
1300 3583128 243 1318 176.99 0
1300 3752012 236 1305 170.54 0
1300 3920904 233 1309 168.775 0
1400 4116786 273 1408 199.406 0
1400 4312658 278 1416 202.27 0
1400 4508530 294 1421 215.722 0
1400 4704416 280 1419 203.851 0
1400 4900294 290 1446 213.67 0
1400 5096168 279 1420 202.826 0
1500 5321038 335 1525 248.1 0
1500 5545910 328 1530 239.944 0
1500 5770774 329 1507 242.738 0
1500 5995644 338 1549 249.6 0
1500 6220512 313 1503 227.082 0
1500 6445382 323 1528 236.759 0
1600 6701244 372 1611 273.195 0
1600 6957106 381 1638 281.738 0
1600 7212958 366 1608 268.118 0
1600 7468820 366 1616 267.554 0
1600 7724676 375 1636 275.238 0
1600 7980544 373 1634 274.76 0
1700 8269390 405 1702 295.622 0
1700 8558240 433 1743 320.453 0
1700 8847086 425 1708 314.668 0
1700 9135932 422 1724 310.265 0
1700 9424780 434 1749 321.946 0
1700 9713632 424 1711 311.934 0
1800 10037474 487 1848 361.24 0
1800 10361314 462 1804 337.525 0
1800 10685156 471 1819 348.381 0
1800 11008998 468 1824 344.351 0
1800 11332840 464 1817 340.427 0
1800 11656680 445 1804 322.165 0
1900 12017516 547 1947 407.933 0
1900 12378344 506 1900 368.746 0
1900 12739172 548 1926 409.103 0
1900 13100004 543 1941 402.66 0
1900 13460832 529 1921 388.857 0
1900 13821656 554 1908 413.043 0
2000 14221474 562 2000 408.595 0
2000 14621296 603 2033 448.344 0
2000 15021116 590 2007 435.283 0
2000 15420932 576 2027 423.618 0
2000 15820752 596 2042 443.237 0
2000 16220574 597 2004 444.927 0
2100 16661384 639 2120 470.656 0
2100 17102196 663 2125 492.839 0
2100 17543004 623 2100 454.13 0
2100 17983810 651 2120 482.142 0
2100 18424616 673 2162 501.94 0
2100 18865424 632 2105 462.146 0
2200 19349224 715 2237 527.958 0
2200 19833022 744 2254 555.269 0
2200 20316818 743 2261 553.734 0
2200 20800610 724 2223 535.642 0
2200 21284410 704 2221 519.391 0
2200 21768212 710 2224 524.691 0
2300 22296994 770 2310 567.434 0
2300 22825778 762 2320 559.811 0
2300 23354562 762 2318 558.923 0
2300 23883344 802 2346 596.974 0
2300 24412134 760 2315 559.136 0
2300 24940916 775 2314 571.387 0
2400 25516696 859 2436 637.795 0
2400 26092478 865 2432 643.537 0
2400 26668254 817 2406 598.472 0
2400 27244026 869 2429 649.199 0
2400 27819806 869 2450 647.539 0
2400 28395574 857 2412 636.224 0
2500 29020342 898 2509 659.153 0
2500 29645108 880 2509 644.945 0
2500 30269874 918 2533 679.442 0
2500 30894644 923 2541 682.095 0
2500 31519412 922 2524 681.315 0
2500 32144182 938 2515 695.901 0
2600 32819942 975 2603 717.814 0
2600 33495704 979 2620 720.669 0
2600 34171464 992 2639 731.482 0
2600 34847228 1021 2647 759.802 0
2600 35522992 1023 2654 761.349 0
2600 36198754 1022 2654 760.18 0
2700 36927502 1103 2725 824.778 0
2700 37656260 1079 2733 800.926 0
2700 38385006 1096 2753 815.268 0
2700 39113758 1029 2703 754.771 0
2700 39842508 1086 2758 807.477 0
2700 40571252 1074 2705 797.25 0
