1000 199806 195 1000 137.525 0
1000 399616 217 1014 157.549 0
1000 599420 198 1001 139.483 0
1000 799226 212 1020 152.624 0
1000 999034 204 1009 145.508 0
1000 1198840 196 1001 137.143 0
200 1206806 7 204 5.22273 0
200 1214776 7 202 4.96929 0
200 1222742 7 208 5.25256 0
200 1230714 7 202 5.34175 0
200 1238676 7 203 5.31255 0
200 1246646 7 201 5.07323 0
400 1278572 31 408 21.8697 0
400 1310496 29 407 20.291 0
400 1342426 32 409 23.501 0
400 1374352 31 406 21.7199 0
400 1406280 31 406 21.9682 0
400 1438206 29 407 20.2541 0
600 1510090 75 612 53.353 0
600 1581978 70 604 48.7517 0
600 1653864 68 604 47.9464 0
600 1725746 77 614 55.5925 0
600 1797636 71 606 50.4003 0
600 1869532 72 610 50.6678 0
800 1997382 138 819 99.5029 0
800 2125230 132 809 94.5012 0
800 2253082 132 815 94.9648 0
800 2380934 129 815 91.211 0
800 2508782 129 803 92.1677 0
800 2636632 122 800 85.1048 0
1100 2878416 250 1108 180.18 0
1100 3120208 255 1105 184.789 0
1100 3362006 237 1100 166.397 0
1100 3603794 235 1106 165.315 0
1100 3845584 253 1121 181.463 0
1100 4087378 257 1131 185.954 0
1200 4375144 312 1218 227.264 0
1200 4662914 316 1212 230.933 0
1200 4950678 312 1226 226.633 0
1200 5238444 287 1207 202.941 0
1200 5526212 293 1216 208.876 0
1200 5813986 301 1224 217.781 0
1300 6151734 340 1306 241.832 0
1300 6489484 361 1316 262.058 0
1300 6827226 360 1328 261.484 0
1300 7164976 327 1303 229.045 0
1300 7502722 350 1308 249.354 0
1300 7840468 340 1308 242.285 0
1400 8232196 418 1417 302.945 0
1400 8623926 424 1436 308.645 0
1400 9015648 420 1422 305.772 0
1400 9407376 421 1417 306.807 0
1400 9799100 399 1410 284.632 0
1400 10190828 391 1404 277.417 0
1500 10640538 445 1500 314.683 0
1500 11090246 449 1503 317.804 0
1500 11539950 466 1513 335.002 0
1500 11989658 479 1529 346.29 0
1500 12439360 458 1502 325.774 0
1500 12889066 467 1507 335.909 0
1600 13400752 513 1600 363.501 0
1600 13912442 579 1630 422.787 0
1600 14424130 539 1616 388.598 0
1600 14935818 548 1616 396.193 0
1600 15447502 550 1611 399.2 0
1600 15959192 527 1602 377.559 0
1700 16536856 587 1706 418.764 0
1700 17114528 635 1725 463.476 0
1700 17692196 618 1712 445.067 0
1700 18269866 617 1721 446.627 0
1700 18847534 638 1710 466.617 0
1700 19425204 591 1710 420.578 0
1800 20072854 729 1836 534.723 0
1800 20720506 715 1828 524.344 0
1800 21368154 682 1813 490.728 0
1800 22015800 673 1809 481.394 0
1800 22663446 704 1814 511.318 0
1800 23311096 690 1811 499.78 0
1900 24032726 792 1920 579.623 0
1900 24754350 784 1935 571.107 0
1900 25475982 742 1905 530.837 0
1900 26197612 741 1901 529.01 0
1900 26919238 760 1911 548.198 0
1900 27640870 737 1901 527.877 0
2000 28440480 864 2012 631.476 0
2000 29240090 856 2000 624.029 0
2000 30039698 866 2015 633.506 0
2000 30839306 855 2023 620.209 0
2000 31638912 805 2002 573.277 0
2000 32438526 878 2016 643.387 0
2100 33320112 951 2117 691.07 0
2100 34201702 960 2101 704.983 0
2100 35083294 935 2114 673.704 0
2100 35964878 935 2116 675.457 0
2100 36846466 941 2101 682.165 0
2100 37728058 949 2111 688.279 0
2200 38695624 1084 2227 796.864 0
2200 39663198 1012 2207 727.987 0
2200 40630766 1012 2213 728.282 0
2200 41598328 1027 2208 742.7 0
2200 42565896 1057 2216 772.905 0
2200 43533466 989 2200 705.603 0
2300 44591012 1093 2302 783.418 0
2300 45648560 1108 2306 798.451 0
2300 46706110 1155 2329 844.829 0
2300 47763658 1167 2320 849.316 0
2300 48821212 1113 2312 805.078 0
2300 49878764 1192 2307 882.527 0
2400 51030294 1302 2418 954.956 0
2400 52181822 1288 2400 950.886 0
2400 53333356 1217 2404 876.02 0
2400 54484888 1254 2430 913.661 0
2400 55636414 1211 2404 874.399 0
2400 56787942 1301 2408 962.83 0
2500 58037450 1368 2515 1002.67 0
2500 59286960 1304 2501 936.948 0
2500 60536466 1386 2523 1018.38 0
2500 61785972 1291 2500 925.444 0
2500 63035478 1425 2529 1056.67 0
2500 64284986 1442 2548 1068.43 0
2600 65636476 1399 2603 1006.73 0
2600 66987968 1468 2622 1067.09 0
2600 68339460 1438 2612 1042.19 0
2600 69690948 1429 2620 1035.54 0
2600 71042436 1410 2604 1015.84 0
2600 72393920 1428 2604 1034.32 0
2700 73851394 1602 2720 1172.69 0
2700 75308860 1614 2708 1188.39 0
2700 76766328 1532 2710 1108.15 0
2700 78223800 1562 2709 1135.26 0
2700 79681270 1621 2704 1196.28 0
2700 81138742 1517 2707 1092.75 0
