1024 3968 441 31315 130.533 0
1024 7936 449 34704 119.646 0
1024 11904 348 28852 79.3649 0
1024 15872 329 26345 86.3643 0
1024 19840 24 2109 5.88616 0
1024 23808 17 1637 4.09862 0
196 24536 1 255 0.500779 0
196 25264 1 208 0.617873 0
196 25992 9 1622 3.97287 0
196 26720 1 216 0.412557 0
196 27448 2 433 1.04038 0
196 28176 2 475 0.837946 0
400 29696 39 5573 11.8345 0
400 31216 64 7891 24.6132 0
400 32736 3 466 1.05609 0
400 34256 2 408 0.834738 0
400 35776 19 2543 7.22424 0
400 37296 4 613 1.62938 0
576 39504 181 18326 65.1808 0
576 41712 80 8631 24.1166 0
576 43920 110 13173 31.3004 0
576 46128 79 9631 21.9987 0
576 48336 8 1018 2.61201 0
576 50544 64 7731 18.7203 0
784 53568 91 9685 22.0792 0
784 56592 31 2815 10.1744 0
784 59616 353 31493 106.939 0
784 62640 66 7227 16.8664 0
784 65664 54 5392 13.8659 0
784 68688 7 833 2.13208 0
1089 72912 1655 127198 390.913 0
1089 77136 17 1559 3.82465 0
1089 81360 16 1381 3.91031 0
1089 85584 16 1430 3.92282 0
1089 89808 73 6487 14.7597 0
1089 94032 361 25954 98.6858 0
1225 98792 22 1776 4.44991 0
1225 103552 1002 73737 221.537 0
1225 108312 1488 106162 350.168 0
1225 113072 372 29279 75.7238 0
1225 117832 91 5906 24.8959 0
1225 122592 149 11241 29.8472 0
1296 127632 348 21870 90.5168 0
1296 132672 160 12786 31.4631 0
1296 137712 380 27385 82.7385 0
1296 142752 108 9166 19.2789 0
1296 147792 17 1316 4.08387 0
1296 152832 1604 106207 366.102 0
1369 158160 212 15922 35.5338 0
1369 163488 353 22388 81.7376 0
1369 168816 328 23553 60.0931 0
1369 174144 864 51738 207.179 0
1369 179472 390 28737 66.8612 0
1369 184800 19 1460 4.48359 0
1521 190728 1310 80071 298.108 0
1521 196656 637 40918 110.625 0
1521 202584 990 60246 201.95 0
1521 208512 212 15937 38.8484 0
1521 214440 22 1559 4.32639 0
1521 220368 2722 163663 560.287 0
1600 226608 1333 69040 340.011 0
1600 232848 42 2764 7.88382 0
1600 239088 2011 111554 446.817 0
1600 245328 2365 119254 631.779 0
1600 251568 8427 436241 2081.39 0
1600 257808 38 2571 7.41544 0
1681 264368 257 15234 53.1875 0
1681 270928 889 48451 183.875 0
1681 277488 503 27528 109.516 0
1681 284048 2655 158586 465.962 0
1681 290608 463 24649 109.612 0
1681 297168 98 6970 13.2076 0
1764 304056 974 56962 179.413 0
1764 310944 7048 367464 1478.31 0
1764 317832 1244 72501 198.973 0
1764 324720 2689 148732 507.778 0
1764 331608 825 49453 127.328 0
1764 338496 187 9892 39.2125 0
1936 346064 50 2974 8.60274 0
1936 353632 737 40930 108.562 0
1936 361200 129 6862 24.5943 0
1936 368768 4979 258764 875.6 0
1936 376336 246 14794 37.501 0
1936 383904 6767 333494 1360.06 0
2025 391824 8264 388518 1689.08 0
2025 399744 901 44673 173.54 0
2025 407664 46 2544 8.63258 0
2025 415584 13107 586648 3004.48 0
2025 423504 1991 92372 423.882 0
2025 431424 4250 200949 834.533 0
2116 439704 71 3909 11.0252 0
2116 447984 3929 177710 798.999 0
2116 456264 2307 104874 426.688 0
2116 464544 4074 191479 790.953 0
2116 472824 11602 511047 2263.36 0
2116 481104 1541 67899 329.529 0
2209 489752 14922 612990 3208.07 0
2209 498400 604 24126 132.432 0
2209 507048 260 10924 57.783 0
2209 515696 510 26086 75.2166 0
2209 524344 134 6254 24.5414 0
2209 532992 237 12631 35.2653 0
2304 542016 657 27286 131.603 0
2304 551040 1365 55145 291.689 0
2304 560064 2951 122291 599.753 0
2304 569088 2480 117575 358.899 0
2304 578112 1588 73916 228.294 0
2304 587136 236 11163 39.8214 0
2401 596544 1483 67418 229.914 0
2401 605952 2022 90531 312.621 0
2401 615360 9608 392599 1795.1 0
2401 624768 11092 471618 1899.68 0
2401 634176 62 2995 10.8667 0
2401 643584 17969 705281 3692.45 0
2500 653384 14894 584859 2910.25 0
2500 663184 472 23655 51.2026 0
2500 672984 2858 127932 337.309 0
2500 682784 1353 65946 184.003 0
2500 692584 107 5150 15.2107 0
2500 702384 3079 135088 434.104 0
2601 712584 447 20729 53.114 0
2601 722784 656 27915 93.6193 0
2601 732984 16639 656260 2783.56 0
2601 743184 1606 64118 252.424 0
2601 753384 5138 198123 893.311 0
2601 763584 1674 75656 239.839 0
2704 774192 33170 1184814 5989.64 0
2704 784800 302 12875 44.6165 0
2704 795408 826 36142 103.446 0
2704 806016 5644 214200 957.689 0
2704 816624 356 15523 44.3637 0
2704 827232 5089 206512 770.669 0
