1024 4786 11 1031 3.38515 0
1024 9572 13 1149 3.9395 0
1024 14358 14 1305 4.01136 0
1024 19144 13 1187 3.89234 0
1024 23930 18 1454 5.30453 0
1024 28716 19 1652 5.139 0
196 29600 1 265 0.506553 0
196 30484 1 224 0.464528 0
196 31368 1 200 0.52901 0
196 32252 1 237 0.450091 0
196 33136 1 267 0.491155 0
196 34020 2 408 1.13277 0
400 35860 3 492 1.39679 0
400 37700 3 412 1.13983 0
400 39540 2 410 0.920714 0
400 41380 4 654 1.55655 0
400 43220 4 598 1.29221 0
400 45060 3 486 1.14945 0
576 47728 5 677 1.63932 0
576 50396 7 912 2.18469 0
576 53064 5 581 1.6236 0
576 55732 4 586 1.56136 0
576 58400 4 581 1.77727 0
576 61068 7 944 2.19528 0
784 64718 11 1013 3.85898 0
784 68368 11 1183 3.18112 0
784 72018 8 791 2.57062 0
784 75668 7 816 2.26842 0
784 79318 10 1150 3.28249 0
784 82968 8 1042 2.41535 0
1089 88072 14 1305 4.11434 0
1089 93176 20 1570 6.76677 0
1089 98280 14 1233 4.5099 0
1089 103384 14 1231 4.28148 0
1089 108488 12 1119 3.63249 0
1089 113592 12 1090 3.74253 0
1225 119312 31 1915 10.9366 0
1225 125032 18 1402 5.47135 0
1225 130752 15 1233 4.16856 0
1225 136472 34 2548 10.1076 0
1225 142192 23 1886 5.91407 0
1225 147912 24 1868 6.85435 0
1296 153992 17 1414 4.58529 0
1296 160072 20 1562 5.61251 0
1296 166152 26 2133 6.21915 0
1296 172232 18 1348 5.08478 0
1296 178312 19 1501 4.88171 0
1296 184392 21 1465 6.85307 0
1369 190840 21 1637 5.23877 0
1369 197288 18 1453 4.86375 0
1369 203736 19 1446 5.36613 0
1369 210184 39 2239 14.0427 0
1369 216632 36 2220 12.3199 0
1369 223080 21 1544 6.0241 0
1521 230208 29 1873 8.19917 0
1521 237336 24 1556 6.95669 0
1521 244464 29 1954 7.734 0
1521 251592 33 2061 9.70471 0
1521 258720 23 1720 5.8066 0
1521 265848 29 2082 7.05421 0
1600 273368 32 1947 9.88501 0
1600 280888 35 2469 8.68198 0
1600 288408 27 1841 7.66952 0
1600 295928 26 1740 6.97241 0
1600 303448 41 2367 13.1611 0
1600 310968 24 1607 6.77864 0
1681 318888 55 3644 13.4822 0
1681 326808 30 1853 8.23735 0
1681 334728 52 3355 11.3123 0
1681 342648 43 2668 9.97066 0
1681 350568 45 2226 15.2014 0
1681 358488 32 1982 8.72625 0
1764 366816 58 3238 15.2011 0
1764 375144 32 1864 9.33322 0
1764 383472 31 1847 7.99129 0
1764 391800 36 2002 10.3576 0
1764 400128 31 1819 8.67428 0
1764 408456 33 1940 9.02685 0
1936 417544 34 1955 8.01342 0
1936 426632 38 2156 9.88757 0
1936 435720 55 3284 12.0354 0
1936 444808 87 4172 25.2366 0
1936 453896 58 2782 17.6463 0
1936 462984 59 2931 17.2299 0
2025 472504 42 2185 11.2106 0
2025 482024 44 2316 11.3925 0
2025 491544 37 2059 8.83308 0
2025 501064 42 2301 9.6505 0
2025 510584 146 6016 44.7785 0
2025 520104 45 2498 11.2042 0
2116 530064 65 2779 20.9307 0
2116 540024 104 4596 30.4898 0
2116 549984 65 3835 13.0559 0
2116 559944 46 2433 10.8558 0
2116 569904 39 2144 9.29119 0
2116 579864 54 2830 13.1213 0
2209 590272 58 2642 16.5372 0
2209 600680 67 3057 16.9123 0
2209 611088 234 8274 76.648 0
2209 621496 65 3167 14.0664 0
2209 631904 52 2755 11.7361 0
2209 642312 55 2913 11.6918 0
2304 653176 52 2570 11.9882 0
2304 664040 76 3132 22.9909 0
2304 674904 48 2421 10.8535 0
2304 685768 74 3384 19.66 0
2304 696632 54 2757 11.1159 0
2304 707496 86 3286 27.8906 0
2401 718824 78 3399 19.7742 0
2401 730152 59 2940 13.5505 0
2401 741480 65 3024 14.9945 0
2401 752808 63 2831 16.6072 0
2401 764136 64 2680 18.7216 0
2401 775464 62 2972 14.0953 0
2500 787264 53 2519 11.2494 0
2500 799064 123 4577 34.9374 0
2500 810864 75 3404 16.8722 0
2500 822664 144 4377 53.7505 0
2500 834464 95 3495 28.9191 0
2500 846264 124 4266 39.4396 0
2601 858544 58 2692 11.6902 0
2601 870824 88 4252 17.2395 0
2601 883104 67 2842 17.1593 0
2601 895384 72 3096 16.8257 0
2601 907664 279 7101 105.982 0
2601 919944 75 3237 17.8211 0
2704 932712 220 6244 77.3673 0
2704 945480 167 5997 41.7847 0
2704 958248 131 4635 32.8185 0
2704 971016 68 2751 17.4121 0
2704 983784 124 4035 41.3074 0
2704 996552 68 2784 17.4769 0
