1024 5196 14 1162 4.934 0
1024 10392 13 1096 4.6796 0
1024 15588 16 1318 5.35875 0
1024 20784 16 1239 5.68469 0
1024 25980 16 1352 5.22177 0
1024 31176 13 1060 5.05719 0
196 32138 1 244 0.64867 0
196 33100 1 228 0.554995 0
196 34062 1 230 0.467094 0
196 35024 1 196 0.436938 0
196 35986 1 197 0.469981 0
196 36948 1 198 0.563978 0
400 38948 3 403 1.25628 0
400 40948 3 538 1.45293 0
400 42948 4 487 1.63323 0
400 44948 3 407 1.57291 0
400 46948 3 421 1.33038 0
400 48948 3 427 1.1533 0
576 51846 5 618 2.23025 0
576 54744 5 578 2.02172 0
576 57642 5 577 1.97617 0
576 60540 6 692 2.51705 0
576 63438 5 593 2.31205 0
576 66336 5 598 2.08749 0
784 70300 10 941 3.92827 0
784 74264 12 1165 4.6934 0
784 78228 11 1037 4.02099 0
784 82192 15 1364 5.28849 0
784 86156 9 791 3.9703 0
784 90120 9 895 3.12401 0
1089 95664 15 1109 5.25577 0
1089 101208 18 1295 6.46938 0
1089 106752 17 1234 6.42896 0
1089 112296 14 1128 5.14606 0
1089 117840 16 1318 5.77195 0
1089 123384 16 1269 5.2747 0
1225 129584 17 1249 6.08441 0
1225 135784 23 1478 8.83052 0
1225 141984 18 1456 5.20701 0
1225 148184 22 1416 8.25018 0
1225 154384 33 2088 10.8179 0
1225 160584 20 1465 6.67181 0
1296 167184 20 1417 6.67598 0
1296 173784 20 1310 7.3439 0
1296 180384 20 1301 7.25921 0
1296 186984 31 1885 10.9854 0
1296 193584 20 1416 6.71223 0
1296 200184 21 1449 7.55307 0
1369 207192 23 1481 8.27841 0
1369 214200 24 1453 8.86388 0
1369 221208 30 1764 10.2055 0
1369 228216 21 1473 7.10233 0
1369 235224 24 1498 9.07882 0
1369 242232 25 1663 8.00412 0
1521 249960 27 1598 9.50196 0
1521 257688 25 1541 8.18024 0
1521 265416 28 1725 8.8472 0
1521 273144 30 1711 10.2831 0
1521 280872 28 1587 10.6104 0
1521 288600 31 1714 11.6142 0
1600 296760 31 1645 11.4794 0
1600 304920 34 1610 13.5364 0
1600 313080 40 2084 14.4549 0
1600 321240 39 2043 13.4739 0
1600 329400 37 2146 11.6302 0
1600 337560 32 1759 11.1878 0
1681 346160 34 1695 13.0472 0
1681 354760 48 2101 18.4884 0
1681 363360 34 1785 12.1618 0
1681 371960 36 2066 10.772 0
1681 380560 35 1883 11.8458 0
1681 389160 36 2039 10.6203 0
1764 398208 45 2467 14.6009 0
1764 407256 46 2425 14.904 0
1764 416304 43 2300 12.9381 0
1764 425352 38 2045 12.7097 0
1764 434400 44 2000 16.8949 0
1764 443448 35 1793 12.3174 0
1936 453296 45 2346 13.1649 0
1936 463144 49 2336 16.2379 0
1936 472992 48 2240 16.5921 0
1936 482840 51 2473 14.8402 0
1936 492688 51 2564 15.7234 0
1936 502536 60 2949 18.2439 0
2025 512856 78 3255 26.2955 0
2025 523176 72 2805 26.7399 0
2025 533496 43 2145 13.3686 0
2025 543816 50 2108 18.6064 0
2025 554136 47 2124 16.6582 0
2025 564456 44 2162 13.5473 0
2116 575256 55 2243 20.888 0
2116 586056 49 2231 15.9338 0
2116 596856 54 2571 16.2809 0
2116 607656 79 3106 26.8207 0
2116 618456 56 2646 15.9136 0
2116 629256 58 2411 19.5785 0
2209 640544 57 2490 18.4605 0
2209 651832 74 2909 24.2889 0
2209 663120 59 2382 20.7876 0
2209 674408 70 2791 24.1256 0
2209 685696 75 3258 22.7458 0
2209 696984 58 2426 19.369 0
2304 708768 81 2924 27.1816 0
2304 720552 66 2633 22.8449 0
2304 732336 61 2366 21.8803 0
2304 744120 106 3610 39.8759 0
2304 755904 62 2409 21.596 0
2304 767688 91 3089 35.5258 0
2401 779976 87 3581 27.0366 0
2401 792264 81 2877 28.9926 0
2401 804552 68 2594 23.5546 0
2401 816840 67 2527 23.2716 0
2401 829128 93 3300 31.3431 0
2401 841416 65 2428 22.7603 0
2500 854216 106 3803 30.6421 0
2500 867016 82 3271 24.2209 0
2500 879816 83 2902 29.7602 0
2500 892616 80 3180 24.5385 0
2500 905416 114 4043 38.2456 0
2500 918216 70 2597 24.3091 0
2601 931536 77 2783 25.6077 0
2601 944856 79 2907 24.7342 0
2601 958176 86 2813 32.1413 0
2601 971496 92 3137 30.9957 0
2601 984816 76 2633 27.0074 0
2601 998136 111 3956 32.131 0
2704 1011984 85 2948 28.103 0
2704 1025832 86 2936 28.615 0
2704 1039680 87 3190 27.5149 0
2704 1053528 155 4415 59.498 0
2704 1067376 83 2768 28.8187 0
2704 1081224 109 3888 34.5537 0
