1024 4376 36 3214 9.38872 0
1024 8752 11 1093 3.2642 0
1024 13128 18 1719 4.95036 0
1024 17504 12 1141 3.38034 0
1024 21880 37 2622 11.7919 0
1024 26256 26 2564 5.93556 0
196 27062 1 245 0.500137 0
196 27868 1 218 0.430522 0
196 28674 1 274 0.478964 0
196 29480 1 204 0.420577 0
196 30286 1 205 0.446242 0
196 31092 1 203 0.4456 0
400 32772 3 472 1.25307 0
400 34452 2 433 0.96691 0
400 36132 3 421 1.11705 0
400 37812 6 1059 1.99606 0
400 39492 2 445 0.86714 0
400 41172 3 520 1.15875 0
576 43610 10 1287 3.29725 0
576 46048 7 897 2.26618 0
576 48486 7 971 2.42465 0
576 50924 4 617 1.66402 0
576 53362 6 732 2.45321 0
576 55800 11 1490 3.11375 0
784 59136 14 1579 3.67484 0
784 62472 8 902 2.74674 0
784 65808 17 1945 4.55673 0
784 69144 11 1268 2.9819 0
784 72480 16 1712 4.59491 0
784 75816 9 983 2.75284 0
1089 80480 18 1474 5.59166 0
1089 85144 16 1388 4.68698 0
1089 89808 32 2725 8.5065 0
1089 94472 17 1455 5.29523 0
1089 99136 21 1678 6.21338 0
1089 103800 23 2149 6.05586 0
1225 109040 32 2292 9.64184 0
1225 114280 27 2051 7.55339 0
1225 119520 26 1970 7.50687 0
1225 124760 36 3180 7.79271 0
1225 130000 48 3428 12.9038 0
1225 135240 20 1608 5.25256 0
1296 140800 20 1653 4.38542 0
1296 146360 31 2518 7.15013 0
1296 151920 17 1353 5.02639 0
1296 157480 22 1846 5.56342 0
1296 163040 31 2151 9.82983 0
1296 168600 24 1878 6.00036 0
1369 174488 27 2039 7.03143 0
1369 180376 37 3135 8.30824 0
1369 186264 19 1380 5.43574 0
1369 192152 26 1702 7.95439 0
1369 198040 32 1987 10.0971 0
1369 203928 47 3861 9.67584 0
1521 210456 22 1611 5.61251 0
1521 216984 37 2171 10.9 0
1521 223512 41 2695 9.86063 0
1521 230040 24 1762 5.4983 0
1521 236568 37 2149 11.2468 0
1521 243096 32 2091 9.04064 0
1600 249976 48 3344 9.7554 0
1600 256856 67 4369 13.752 0
1600 263736 58 3141 16.8378 0
1600 270616 71 4922 12.4717 0
1600 277496 32 2057 8.46929 0
1600 284376 93 6126 19.6314 0
1681 291616 80 4927 18.328 0
1681 298856 56 3019 16.8234 0
1681 306096 63 3173 19.6112 0
1681 313336 29 1860 7.23707 0
1681 320576 39 2327 9.54752 0
1681 327816 55 2804 15.4083 0
1764 335424 49 2817 12.9914 0
1764 343032 64 2952 21.1363 0
1764 350640 46 2541 12.4489 0
1764 358248 72 4073 17.6857 0
1764 365856 73 4654 12.6305 0
1764 373464 39 2256 9.97804 0
1936 381792 87 5025 13.1264 0
1936 390120 169 7984 42.2999 0
1936 398448 41 2445 9.40829 0
1936 406776 110 6775 17.0714 0
1936 415104 83 3961 24.0152 0
1936 423432 94 4568 22.6618 0
2025 432152 110 5957 21.8402 0
2025 440872 75 3312 23.1905 0
2025 449592 547 17534 196.167 0
2025 458312 51 2719 12.0402 0
2025 467032 73 3689 15.7439 0
2025 475752 66 3313 17.2225 0
2116 484872 115 4446 38.3521 0
2116 493992 119 6514 20.2159 0
2116 503112 141 6825 34.0664 0
2116 512232 87 3635 28.0683 0
2116 521352 118 4942 32.9407 0
2116 530472 60 2928 15.134 0
2209 540000 154 5162 54.668 0
2209 549528 152 5269 54.6879 0
2209 559056 128 6678 27.5348 0
2209 568584 142 7969 22.8934 0
2209 578112 231 7925 68.7177 0
2209 587640 62 2738 17.2915 0
2304 597584 64 3102 12.6844 0
2304 607528 62 2848 16.1388 0
2304 617472 82 4248 16.6345 0
2304 627416 123 6010 25.6722 0
2304 637360 70 3104 20.1659 0
2304 647304 103 5415 16.68 0
2401 657672 153 5142 47.7482 0
2401 668040 151 5586 43.6868 0
2401 678408 281 10356 68.1502 0
2401 688776 185 5701 66.756 0
2401 699144 63 2780 16.7506 0
2401 709512 134 7026 18.695 0
2500 720312 329 10668 88.8217 0
2500 731112 81 3301 20.3388 0
2500 741912 82 3265 22.69 0
2500 752712 244 9844 57.9232 0
2500 763512 180 6025 49.6185 0
2500 774312 156 6842 22.9909 0
2601 785552 62 2716 14.3105 0
2601 796792 97 4094 21.8273 0
2601 808032 113 5340 19.7819 0
2601 819272 110 4152 29.2463 0
2601 830512 341 9889 117.749 0
2601 841752 77 3366 17.3774 0
2704 853440 159 5492 43.4564 0
2704 865128 164 6756 30.7198 0
2704 876816 108 4675 21.2178 0
2704 888504 209 8549 39.1057 0
2704 900192 136 5755 30.4981 0
2704 911880 330 10949 85.7913 0
