1000 5400 31 2479 9.6999 0
1000 10800 19 1534 5.5076 0
1000 16200 27 2178 7.61691 0
1000 21600 25 1963 7.75549 0
1000 27000 15 1232 4.28597 0
1000 32400 39 3238 10.6148 0
216 33480 2 315 0.942529 0
216 34560 2 264 0.799449 0
216 35640 1 221 0.540238 0
216 36720 7 981 3.24624 0
216 37800 1 218 0.524839 0
216 38880 1 286 0.734647 0
343 40644 3 429 1.12346 0
343 42408 2 350 1.09363 0
343 44172 15 1676 7.03689 0
343 45936 2 371 1.10005 0
343 47700 3 544 1.3538 0
343 49464 3 478 1.47507 0
512 52152 5 545 1.95339 0
512 54840 10 1265 3.51764 0
512 57528 13 1306 5.34367 0
512 60216 5 554 1.95981 0
512 62904 12 1353 4.70848 0
512 65592 4 541 1.767 0
729 69480 38 3260 15.1985 0
729 73368 33 2947 12.0543 0
729 77256 10 956 3.58212 0
729 81144 11 1164 3.61517 0
729 85032 13 1261 4.69019 0
729 88920 13 1337 3.78519 0
1000 94320 13 1031 4.10536 0
1000 99720 21 1721 6.12804 0
1000 105120 48 3890 12.6962 0
1000 110520 400 27611 129.448 0
1000 115920 15 1320 4.57887 0
1000 121320 15 1202 4.7181 0
1000 126720 13 1031 4.0412 0
1000 132120 21 1721 6.1582 0
1000 137520 48 3890 12.9362 0
1000 142920 399 27611 129.058 0
1000 148320 16 1320 4.48455 0
1000 153720 15 1202 4.66741 0
1000 159120 13 1031 4.10376 0
1000 164520 22 1721 6.40586 0
1000 169920 48 3890 12.8791 0
1000 175320 399 27611 128.565 0
1000 180720 16 1320 4.85188 0
1000 186120 15 1202 4.63597 0
1331 193380 60 3990 16.2687 0
1331 200640 66 4360 16.8529 0
1331 207900 57 3904 13.4963 0
1331 215160 25 1623 6.65545 0
1331 222420 96 6419 21.8203 0
1331 229680 340 20740 87.0627 0
1331 236940 59 3990 16.015 0
1331 244200 67 4360 17.1769 0
1331 251460 57 3904 13.4264 0
1331 258720 24 1623 6.73244 0
1331 265980 97 6419 21.9204 0
1331 273240 339 20740 86.8917 0
1331 280500 59 3990 16.1414 0
1331 287760 66 4360 16.9254 0
1331 295020 57 3904 13.6012 0
1331 302280 24 1623 6.40907 0
1331 309540 97 6419 22.1639 0
1331 316800 339 20740 86.8532 0
1331 324060 59 3990 16.1812 0
1331 331320 66 4360 16.9148 0
1331 338580 267 14817 84.5014 0
1331 345840 24 1623 6.7164 0
1331 353100 96 6419 21.767 0
1331 360360 339 20740 86.6925 0
1728 369864 32 1799 7.99738 0
1728 379368 37 2059 9.93762 0
1728 388872 32 1767 8.22868 0
1728 398376 83 4871 20.1197 0
1728 407880 89 4460 24.1404 0
1728 417384 239 12889 50.1327 0
1728 426888 32 1799 8.25916 0
1728 436392 222 12089 51.6739 0
1728 445896 31 1767 7.88382 0
1728 455400 83 4871 19.9051 0
1728 464904 89 4460 24.1574 0
1728 474408 238 12889 49.7798 0
1728 483912 32 1799 8.27039 0
1728 493416 223 12089 51.9129 0
1728 502920 32 1767 8.11704 0
1728 512424 84 4871 19.9827 0
1728 521928 88 4460 23.6835 0
1728 531432 237 12889 49.545 0
1728 540936 45 2471 10.7329 0
1728 550440 221 12089 51.6514 0
1728 559944 32 1767 8.2922 0
1728 569448 82 4871 19.4858 0
1728 578952 88 4460 23.7146 0
1728 588456 142 7858 29.5735 0
2197 600624 118 5412 24.2988 0
2197 612792 91 4123 21.076 0
2197 624960 262 11328 64.2469 0
2197 637128 53 2459 12.6988 0
2197 649296 7981 302864 2371.98 0
2197 661464 856 36611 211.538 0
2197 673632 117 5412 24.0919 0
2197 685800 91 4123 21.3619 0
2197 697968 262 11328 64.6117 0
2197 710136 104 4808 21.8222 0
2197 722304 7977 302864 2369.01 0
2197 734472 855 36611 211.833 0
2197 746640 118 5412 24.1442 0
2197 758808 90 4123 21.1543 0
2197 770976 2154 84083 587.722 0
2197 783144 105 4808 22.0317 0
2197 795312 7973 302864 2366.8 0
2197 807480 854 36611 211.765 0
2197 819648 117 5412 24.2257 0
2197 831816 54 2435 13.6025 0
2197 843984 2152 84083 585.926 0
2197 856152 103 4808 21.6397 0
2197 868320 7976 302864 2369.92 0
2197 880488 856 36611 211.903 0
2197 892656 104 4816 21.9874 0
2197 904824 55 2435 13.9406 0
2197 916992 2154 84083 586.659 0
2197 929160 104 4808 21.545 0
2197 941328 7973 302864 2368.7 0
2197 953496 103 5038 23.7705 0
2197 965664 104 4816 22.2133 0
2197 977832 54 2435 13.7562 0
2197 990000 2156 84083 588.504 0
2197 1002168 104 4808 21.7561 0
2197 1014336 200 10398 34.5091 0
2197 1026504 103 5038 23.9963 0
