1000 5800 13 1116 4.79028 0
1000 11600 38 3235 11.8182 0
1000 17400 13 1042 5.21631 0
1000 23200 32 2288 11.5603 0
1000 29000 12 1016 4.44606 0
1000 34800 14 1008 5.91952 0
216 35966 1 272 0.605041 0
216 37132 1 240 0.627818 0
216 38298 1 299 0.746837 0
216 39464 1 230 0.634876 0
216 40630 1 274 0.643538 0
216 41796 1 223 0.559486 0
343 43696 2 381 1.15619 0
343 45596 2 356 0.988404 0
343 47496 2 352 1.0115 0
343 49396 3 533 1.31146 0
343 51296 2 349 0.969156 0
343 53196 2 371 1.18955 0
512 56088 5 722 1.84079 0
512 58980 4 555 1.71086 0
512 61872 5 644 2.1786 0
512 64764 9 1090 3.26228 0
512 67656 5 617 2.20939 0
512 70548 4 539 1.71439 0
729 74726 10 1057 3.79321 0
729 78904 13 1244 4.58304 0
729 83082 8 883 2.88116 0
729 87260 8 793 3.4939 0
729 91438 8 918 2.93442 0
729 95616 9 932 3.57667 0
1000 101456 12 1020 4.34853 0
1000 107296 14 1136 4.73221 0
1000 113136 12 1065 3.99725 0
1000 118976 12 1016 4.60838 0
1000 124816 12 1028 4.62025 0
1000 130656 16 1375 4.37035 0
1000 136536 17 1171 7.15527 0
1000 142416 13 1004 5.11975 0
1000 148296 13 1130 4.27924 0
1000 154176 13 1092 4.73671 0
1000 160056 20 1347 8.03171 0
1000 165936 18 1364 6.70517 0
1000 171856 20 1369 8.31947 0
1000 177776 18 1515 5.72158 0
1000 183696 15 1171 5.62021 0
1000 189616 13 1072 3.97928 0
1000 195536 11 1012 3.53657 0
1000 201456 25 1702 9.24724 0
1331 209276 22 1352 8.98996 0
1331 217096 24 1455 9.1757 0
1331 224916 23 1416 8.8703 0
1331 232736 22 1541 6.54509 0
1331 240556 37 1951 15.2377 0
1331 248376 37 2322 11.6818 0
1331 256236 22 1377 8.25563 0
1331 264096 28 1780 8.89628 0
1331 271956 39 2365 13.6724 0
1331 279816 32 1797 12.5089 0
1331 287676 22 1405 8.1225 0
1331 295536 24 1538 8.33262 0
1331 303436 28 1439 12.4142 0
1331 311336 69 3705 25.1169 0
1331 319236 21 1346 7.49564 0
1331 327136 21 1600 6.06035 0
1331 335036 45 3069 13.5063 0
1331 342936 30 1468 14.0029 0
1331 350876 24 1397 9.1263 0
1331 358816 20 1360 6.556 0
1331 366756 25 1368 10.3637 0
1331 374696 30 1882 10.6922 0
1331 382636 23 1575 7.26209 0
1331 390576 32 1530 14.5454 0
1728 400800 39 2487 9.05797 0
1728 411024 31 2001 7.89889 0
1728 421248 56 2964 17.8939 0
1728 431472 76 3216 28.0042 0
1728 441696 45 2075 17.0297 0
1728 451920 50 2581 15.3583 0
1728 462184 29 1733 8.48501 0
1728 472448 45 2470 13.5323 0
1728 482712 34 1943 9.96938 0
1728 492976 43 2201 13.898 0
1728 503240 34 1999 9.80513 0
1728 513504 41 1823 16.5004 0
1728 523808 39 1733 16.6649 0
1728 534112 39 2376 9.52635 0
1728 544416 59 2331 25.7518 0
1728 554720 34 1809 11.9459 0
1728 565024 52 2616 18.2821 0
1728 575328 44 2358 14.6345 0
1728 585672 65 4031 16.9437 0
1728 596016 34 1913 9.88308 0
1728 606360 51 2097 21.5745 0
1728 616704 39 2027 13.6683 0
1728 627048 37 1906 13.2705 0
1728 637392 67 3834 18.0749 0
2197 650440 59 2247 23.2562 0
2197 663488 54 2366 16.9347 0
2197 676536 116 5737 24.3473 0
2197 689584 68 3598 15.4218 0
2197 702632 67 2392 27.5903 0
2197 715680 151 5743 45.1375 0
2197 728768 93 3512 31.4227 0
2197 741856 46 2264 12.7318 0
2197 754944 69 2262 30.6206 0
2197 768032 78 2294 37.382 0
2197 781120 75 2459 32.9414 0
2197 794208 113 6033 28.2945 0
2197 807336 65 2667 21.3817 0
2197 820464 64 3242 13.966 0
2197 833592 61 2545 21.179 0
2197 846720 65 3064 18.2427 0
2197 859848 59 2924 15.8568 0
2197 872976 65 2770 20.8402 0
2197 886144 59 2271 22.494 0
2197 899312 64 2500 24.3357 0
2197 912480 76 2683 30.8067 0
2197 925648 90 4566 22.9062 0
2197 938816 58 2559 17.7489 0
2197 951984 65 2312 27.1524 0
2197 965192 60 2304 22.3599 0
2197 978400 66 2774 23.6255 0
2197 991608 83 3419 28.3843 0
2197 1004816 101 3574 36.8112 0
2197 1018024 57 2227 21.9967 0
2197 1031232 101 4102 34.7645 0
2197 1044480 73 2842 27.1919 0
2197 1057728 54 2476 16.7374 0
2197 1070976 66 2318 27.5104 0
2197 1084224 65 2635 22.0679 0
2197 1097472 65 2615 23.8045 0
2197 1110720 65 2685 23.1131 0
