1000 6200 15 1012 6.86622 0
1000 12400 19 1192 8.70348 0
1000 18600 19 1007 9.72813 0
1000 24800 19 1120 8.8257 0
1000 31000 18 1022 9.29857 0
1000 37200 13 1019 5.31223 0
216 38452 1 234 0.647387 0
216 39704 1 223 0.683318 0
216 40956 1 244 0.704491 0
216 42208 1 239 0.661503 0
216 43460 1 228 0.598946 0
216 44712 1 260 0.845646 0
343 46750 2 345 1.34161 0
343 48788 2 343 1.36888 0
343 50826 3 343 1.50971 0
343 52864 3 372 1.36118 0
343 54902 3 406 1.37048 0
343 56940 2 352 1.22099 0
512 60036 4 515 1.61237 0
512 63132 6 542 2.82085 0
512 66228 5 549 2.38231 0
512 69324 6 800 2.22223 0
512 72420 4 513 1.71792 0
512 75516 7 753 2.97933 0
729 79986 11 765 5.65453 0
729 84456 9 838 4.14674 0
729 88926 9 759 4.14706 0
729 93396 11 733 5.75366 0
729 97866 13 952 6.24225 0
729 102336 10 810 4.68474 0
1000 108616 20 1013 10.4352 0
1000 114896 20 1329 9.10577 0
1000 121176 19 1039 9.30499 0
1000 127456 19 1099 9.21067 0
1000 133736 22 1105 11.2407 0
1000 140016 21 1053 10.935 0
1000 146376 21 1215 9.58024 0
1000 152736 22 1424 9.23409 0
1000 159096 21 1052 10.67 0
1000 165456 18 1045 8.13244 0
1000 171816 19 1144 8.99701 0
1000 178176 22 1101 11.3655 0
1000 184616 21 1101 10.7268 0
1000 191056 21 1002 11.4634 0
1000 197496 23 1111 12.5974 0
1000 203936 24 1007 13.2872 0
1000 210376 21 1005 11.4358 0
1000 216816 23 1006 12.9651 0
1331 225196 30 1378 14.2804 0
1331 233576 29 1351 14.3901 0
1331 241956 45 2310 19.3571 0
1331 250336 35 1744 15.689 0
1331 258716 43 2228 18.0229 0
1331 267096 35 1501 17.1859 0
1331 275556 32 1365 15.7805 0
1331 284016 37 1595 17.9241 0
1331 292476 39 2178 15.442 0
1331 300936 32 1415 15.2466 0
1331 309396 35 1635 16.3768 0
1331 317856 28 1342 13.5858 0
1331 326396 34 1537 15.8446 0
1331 334936 43 2099 19.0052 0
1331 343476 32 1336 15.8462 0
1331 352016 34 1490 17.0499 0
1331 360556 35 1448 17.832 0
1331 369096 35 1409 17.8891 0
1331 377716 33 1494 15.6781 0
1331 386336 39 1344 21.2432 0
1331 394956 31 1426 14.5393 0
1331 403576 37 1499 18.1512 0
1331 412196 37 1611 17.6261 0
1331 420816 36 1448 18.8406 0
1728 431760 67 2818 27.9589 0
1728 442704 54 1734 27.6795 0
1728 453648 51 1839 24.5507 0
1728 464592 58 1914 29.2502 0
1728 475536 59 2255 27.2294 0
1728 486480 53 1923 25.0986 0
1728 497504 57 2039 27.5595 0
1728 508528 56 1979 27.7831 0
1728 519552 47 1736 22.7237 0
1728 530576 59 1903 29.861 0
1728 541600 48 1902 21.5377 0
1728 552624 51 1825 24.9488 0
1728 563728 49 1857 22.8417 0
1728 574832 55 2100 25.8461 0
1728 585936 63 2077 31.6745 0
1728 597040 54 1752 27.8559 0
1728 608144 57 1766 29.5774 0
1728 619248 61 2131 28.2284 0
1728 630432 50 1742 23.8606 0
1728 641616 53 1746 26.676 0
1728 652800 54 1790 27.5531 0
1728 663984 48 1914 21.4924 0
1728 675168 59 1919 29.5058 0
1728 686352 59 1869 31.0345 0
2197 700280 108 3595 45.9302 0
2197 714208 110 3486 47.2047 0
2197 728136 79 2233 38.526 0
2197 742064 82 2591 37.3178 0
2197 755992 80 2282 38.5587 0
2197 769920 74 2357 33.4566 0
2197 783928 88 2531 42.6085 0
2197 797936 82 2310 40.6106 0
2197 811944 68 2213 30.9636 0
2197 825952 79 2440 35.3978 0
2197 839960 86 2351 41.4004 0
2197 853968 69 2214 31.7916 0
2197 868056 97 2361 51.1064 0
2197 882144 105 3122 49.8966 0
2197 896232 98 2770 46.3463 0
2197 910320 88 2850 39.1772 0
2197 924408 86 2331 42.3792 0
2197 938496 107 3123 49.9021 0
2197 952664 92 2461 46.5336 0
2197 966832 106 2917 51.0749 0
2197 981000 74 2204 34.752 0
2197 995168 85 2358 42.3705 0
2197 1009336 74 2222 35.1623 0
2197 1023504 80 2200 39.8265 0
2197 1037752 86 2349 43.4388 0
2197 1052000 82 2204 41.4058 0
2197 1066248 104 3306 45.6908 0
2197 1080496 87 2328 43.7285 0
2197 1094744 95 2525 46.6703 0
2197 1108992 95 2239 50.8481 0
2197 1123320 97 2511 49.5495 0
2197 1137648 96 2394 49.7057 0
2197 1151976 78 2232 37.8667 0
2197 1166304 105 3201 49.2746 0
2197 1180632 92 2655 43.9816 0
2197 1194960 88 2240 45.2616 0
