1000 6600 21 1010 11.3848 0
1000 13200 20 1005 10.5552 0
1000 19800 21 1037 11.0816 0
1000 26400 22 1040 11.7839 0
1000 33000 23 1262 11.1596 0
1000 39600 21 1018 11.0588 0
216 40938 1 223 0.699679 0
216 42276 1 220 0.777314 0
216 43614 1 222 0.698075 0
216 44952 1 222 0.901466 0
216 46290 1 221 0.675939 0
216 47628 1 218 0.70032 0
343 49802 3 347 1.89917 0
343 51976 3 347 1.86292 0
343 54150 3 346 1.78433 0
343 56324 3 376 1.60243 0
343 58498 4 390 2.12374 0
343 60672 3 355 1.69257 0
512 63974 5 519 2.61906 0
512 67276 7 588 3.69826 0
512 70578 6 545 2.85486 0
512 73880 6 521 3.01301 0
512 77182 7 531 3.65206 0
512 80484 7 584 3.65238 0
729 85246 12 766 6.3741 0
729 90008 11 737 6.01448 0
729 94770 11 745 5.2593 0
729 99532 11 766 5.89482 0
729 104294 12 870 5.91984 0
729 109056 13 765 6.81585 0
1000 115776 22 1065 11.4316 0
1000 122496 23 1032 12.7235 0
1000 129216 22 1047 11.5667 0
1000 135936 22 1028 12.0299 0
1000 142656 24 1111 12.7091 0
1000 149376 21 1056 11.2468 0
1000 156216 24 1019 13.2419 0
1000 163056 23 1061 12.0447 0
1000 169896 23 1000 12.7026 0
1000 176736 26 1133 14.2499 0
1000 183576 23 1054 12.6779 0
1000 190416 21 1164 10.0708 0
1000 197376 23 1010 12.6048 0
1000 204336 25 1040 13.8081 0
1000 211296 25 1071 14.0144 0
1000 218256 24 1015 13.7257 0
1000 225216 22 1080 11.7399 0
1000 232176 25 1057 13.7324 0
1331 241116 39 1512 20.5239 0
1331 250056 33 1331 17.2337 0
1331 258996 38 1461 19.4396 0
1331 267936 40 1565 20.863 0
1331 276876 40 1647 20.4418 0
1331 285816 38 1384 19.94 0
1331 294876 42 1346 24.158 0
1331 303936 41 1474 21.9874 0
1331 312996 38 1502 19.3889 0
1331 322056 39 1363 21.4838 0
1331 331116 39 1338 21.7651 0
1331 340176 38 1427 20.2358 0
1331 349356 40 1621 20.1495 0
1331 358536 40 1537 21.1078 0
1331 367716 40 1334 22.0445 0
1331 376896 43 1643 21.9958 0
1331 386076 41 1411 22.4571 0
1331 395256 38 1377 20.4806 0
1331 404556 40 1375 21.8158 0
1331 413856 40 1510 21.0654 0
1331 423156 39 1435 20.9718 0
1331 432456 43 1567 22.5809 0
1331 441756 43 1599 22.3795 0
1331 451056 41 1422 22.3843 0
1728 462720 61 1910 31.3822 0
1728 474384 64 2086 32.1756 0
1728 486048 61 1732 33.4595 0
1728 497712 59 1782 31.2087 0
1728 509376 67 2066 35.2512 0
1728 521040 62 1734 34.5281 0
1728 532824 58 1739 31.0531 0
1728 544608 67 1966 36.0176 0
1728 556392 66 1950 35.1645 0
1728 568176 73 2298 37.2472 0
1728 579960 62 2026 31.4217 0
1728 591744 61 1894 32.192 0
1728 603648 67 1999 35.2755 0
1728 615552 70 1959 38.3052 0
1728 627456 64 2236 31.7781 0
1728 639360 64 1999 33.7103 0
1728 651264 62 1736 34.3555 0
1728 663168 63 1743 35.0163 0
1728 675192 64 1797 35.314 0
1728 687216 65 1803 35.9948 0
1728 699240 64 1797 35.0218 0
1728 711264 66 1821 36.0891 0
1728 723288 63 2065 32.3921 0
1728 735312 66 1836 36.1886 0
2197 750120 99 2389 52.4964 0
2197 764928 103 2384 55.3327 0
2197 779736 101 2330 55.2448 0
2197 794544 111 2738 57.7673 0
2197 809352 99 2794 48.5986 0
2197 824160 108 2677 56.076 0
2197 839088 93 2199 49.7285 0
2197 854016 146 3500 72.168 0
2197 868944 106 2379 57.8289 0
2197 883872 95 2317 50.1295 0
2197 898800 100 2256 54.5159 0
2197 913728 105 3024 51.1417 0
2197 928776 95 2210 51.5286 0
2197 943824 100 2200 55.1803 0
2197 958872 109 2774 55.71 0
2197 973920 111 2551 59.2603 0
2197 988968 101 2536 52.5949 0
2197 1004016 99 2470 51.5969 0
2197 1019184 105 2217 59.3755 0
2197 1034352 105 2878 52.6905 0
2197 1049520 102 2299 55.9114 0
2197 1064688 103 2489 54.1409 0
2197 1079856 102 2306 55.0395 0
2197 1095024 105 2229 58.6899 0
2197 1110312 111 2895 56.5283 0
2197 1125600 98 2258 53.3523 0
2197 1140888 108 2520 57.7371 0
2197 1156176 108 2310 60.582 0
2197 1171464 101 2316 55.1065 0
2197 1186752 109 2406 59.8885 0
2197 1202160 113 2644 59.2841 0
2197 1217568 108 2356 59.5885 0
2197 1232976 103 2285 56.3593 0
2197 1248384 109 2397 59.517 0
2197 1263792 111 2549 59.6658 0
2197 1279200 119 2649 63.4058 0
