1296 7200 36 2538 8.68647 0
1296 14400 22 1483 5.4813 0
1296 21600 31 2177 6.61054 0
1296 28800 22 1616 5.3642 0
1296 36000 30 1972 6.87424 0
1296 43200 23 1704 5.4274 0
256 44544 1 282 0.70834 0
256 45888 1 261 0.684922 0
256 47232 1 265 0.770577 0
256 48576 1 281 0.675297 0
256 49920 1 276 0.821585 0
256 51264 1 297 0.75967 0
625 54664 7 778 2.20811 0
625 58064 6 676 2.33002 0
625 61464 6 748 2.16865 0
625 64864 6 673 1.94858 0
625 68264 6 677 1.91906 0
625 71664 6 771 2.10064 0
625 74664 6 766 1.87223 0
625 77664 6 747 1.84881 0
625 80664 6 739 1.95564 0
625 83664 7 797 2.00664 0
625 86664 5 675 1.74037 0
625 89664 7 852 2.24885 0
625 92664 6 766 1.94858 0
625 95664 6 747 1.82667 0
625 98664 6 739 1.73717 0
625 101664 7 797 2.05059 0
625 104664 5 675 1.58927 0
625 107664 7 852 2.17218 0
1296 114144 20 1505 4.38318 0
1296 120624 21 1607 4.43611 0
1296 127104 19 1442 4.04665 0
1296 133584 30 2169 6.70582 0
1296 140064 18 1403 4.04665 0
1296 146544 26 1926 5.43863 0
1296 153024 20 1505 4.41654 0
1296 159504 21 1607 4.58464 0
1296 165984 19 1442 4.34244 0
1296 172464 30 2169 6.51846 0
1296 178944 19 1403 4.23785 0
1296 185424 27 1926 5.73056 0
1296 191904 41 3024 9.06246 0
1296 198384 21 1607 4.38671 0
1296 204864 19 1442 4.02516 0
1296 211344 30 2169 6.82708 0
1296 217824 19 1403 4.2879 0
1296 224304 27 1926 5.71709 0
1296 230784 41 3024 9.19912 0
1296 237264 21 1607 4.32896 0
1296 243744 19 1442 4.04601 0
1296 250224 29 2169 6.40201 0
1296 256704 19 1403 4.26095 0
1296 263184 27 1926 5.69207 0
1296 269664 42 3024 9.27451 0
1296 276144 21 1607 4.43515 0
1296 282624 19 1442 4.01489 0
1296 289104 30 2169 6.48382 0
1296 295584 18 1403 4.04376 0
1296 302064 33 2338 6.5637 0
1296 308544 41 3024 9.10128 0
1296 315024 21 1607 4.53203 0
1296 321504 19 1442 4.26384 0
1296 327984 29 2169 6.43345 0
1296 334464 18 1403 3.93052 0
1296 340944 32 2338 6.49248 0
1296 347424 41 3024 9.20843 0
1296 353904 21 1607 4.54936 0
1296 360384 19 1442 4.06975 0
1296 366864 30 2014 6.46104 0
1296 373344 19 1403 4.10825 0
1296 379824 32 2338 6.44404 0
1296 386304 41 3024 9.2697 0
1296 392784 21 1607 4.661 0
1296 399264 19 1442 4.09702 0
1296 405744 29 2014 6.59418 0
1296 412224 18 1403 3.97094 0
1296 418704 32 2338 6.40971 0
1296 425184 41 3024 9.14074 0
1296 431664 40 2611 8.42181 0
1296 438144 18 1442 3.96292 0
1296 444624 30 2014 6.68464 0
1296 451104 18 1403 4.15252 0
1296 457584 32 2338 6.35934 0
1296 464064 41 3024 9.06663 0
1296 470544 40 2611 8.47827 0
1296 477024 19 1442 4.25357 0
1296 483504 29 2014 6.40618 0
1296 489984 19 1403 4.13712 0
1296 496464 32 2338 6.38758 0
1296 502944 41 3024 9.17859 0
1296 509424 40 2611 8.36471 0
1296 515904 19 1442 4.19486 0
1296 522384 29 2014 6.52007 0
1296 528864 18 1403 4.06333 0
1296 535344 32 2338 6.62433 0
1296 541824 41 3024 9.26328 0
1296 548304 40 2611 8.45229 0
1296 554784 19 1442 4.23336 0
1296 561264 29 2014 6.37795 0
1296 567744 18 1403 3.95458 0
1296 574224 32 2338 6.20119 0
2401 586572 67 3032 10.3637 0
2401 598920 126 5106 15.2389 0
2401 611268 136 5343 21.6676 0
2401 623616 62 2941 9.30499 0
2401 635964 79 3679 12.4296 0
2401 648312 72 3306 10.8782 0
2401 660660 65 3032 9.6922 0
2401 673008 125 5106 15.0436 0
2401 685356 245 9181 37.0445 0
2401 697704 63 2941 9.53629 0
2401 710052 80 3679 12.6427 0
2401 722400 72 3306 11.0569 0
2401 734748 73 3338 10.866 0
2401 747096 126 5106 15.2486 0
2401 759444 245 9181 37.329 0
2401 771792 62 2941 9.14491 0
2401 784140 79 3679 12.3767 0
2401 796488 84 3839 12.2253 0
