1296 8236 28 1369 12.7148 0
1296 16472 20 1301 7.29032 0
1296 24708 29 1505 12.3722 0
1296 32944 23 1326 9.71787 0
1296 41180 28 1404 12.4046 0
1296 49416 27 1447 11.8923 0
256 50964 1 264 0.717323 0
256 52512 2 265 1.00637 0
256 54060 1 257 0.780843 0
256 55608 2 258 0.895691 0
256 57156 1 256 0.756461 0
256 58704 1 259 0.658295 0
625 62604 6 667 2.52186 0
625 66504 6 626 2.55554 0
625 70404 7 700 3.21737 0
625 74304 7 651 3.16058 0
625 78204 6 730 2.30692 0
625 82104 6 634 2.22415 0
625 85984 9 684 4.17177 0
625 89864 7 638 3.55646 0
625 93744 8 673 4.10825 0
625 97624 7 635 3.50802 0
625 101504 9 723 4.10536 0
625 105384 9 660 4.30233 0
625 109344 8 655 3.71333 0
625 113304 8 654 3.961 0
625 117264 8 626 4.40852 0
625 121224 9 647 4.70366 0
625 125184 7 631 3.41819 0
625 129144 8 625 4.2741 0
1296 136664 27 1518 11.2318 0
1296 144184 20 1306 7.5505 0
1296 151704 22 1496 8.10485 0
1296 159224 19 1520 5.44248 0
1296 166744 22 1354 8.36054 0
1296 174264 18 1318 5.92144 0
1296 181864 21 1354 7.57873 0
1296 189464 25 1539 8.80838 0
1296 197064 26 1459 10.876 0
1296 204664 25 1627 8.70444 0
1296 212264 25 1398 9.91901 0
1296 219864 21 1300 8.11961 0
1296 227544 23 1409 8.82603 0
1296 235224 22 1315 9.11026 0
1296 242904 25 1368 10.3098 0
1296 250584 22 1335 8.44427 0
1296 258264 23 1341 9.28702 0
1296 265944 26 1431 11.1746 0
1296 273704 27 1322 12.0886 0
1296 281464 27 1352 12.2981 0
1296 289224 24 1309 10.0807 0
1296 296984 25 1314 10.9575 0
1296 304744 25 1309 11.601 0
1296 312504 23 1325 9.46988 0
1296 320344 25 1499 9.50678 0
1296 328184 26 1351 11.8746 0
1296 336024 26 1515 10.065 0
1296 343864 26 1350 11.986 0
1296 351704 25 1348 10.8458 0
1296 359544 24 1305 10.0011 0
1296 367464 26 1309 11.7566 0
1296 375384 33 1750 14.1482 0
1296 383304 31 1597 13.4646 0
1296 391224 26 1413 11.1012 0
1296 399144 25 1315 11.1817 0
1296 407064 31 1488 14.128 0
1296 415064 29 1466 12.4861 0
1296 423064 27 1479 11.7604 0
1296 431064 30 1435 14.103 0
1296 439064 27 1460 11.3675 0
1296 447064 29 1308 13.9009 0
1296 455064 29 1455 12.5073 0
1296 463144 29 1439 12.9137 0
1296 471224 28 1509 12.259 0
1296 479304 27 1459 11.5615 0
1296 487384 30 1428 14.4818 0
1296 495464 34 1376 17.439 0
1296 503544 32 1449 15.307 0
1296 511704 29 1298 13.8341 0
1296 519864 30 1312 14.8411 0
1296 528024 30 1525 13.3378 0
1296 536184 29 1306 13.9249 0
1296 544344 29 1301 13.8842 0
1296 552504 33 1371 16.8686 0
1296 560744 33 1341 16.5709 0
1296 568984 30 1317 15.05 0
1296 577224 29 1298 14.2464 0
1296 585464 28 1402 13.1441 0
1296 593704 28 1458 12.2365 0
1296 601944 34 1518 16.0641 0
1296 610264 30 1355 14.8328 0
1296 618584 33 1344 16.9148 0
1296 626904 34 1560 16.3428 0
1296 635224 29 1297 14.0625 0
1296 643544 32 1383 15.954 0
1296 651864 35 1347 18.4717 0
1296 660264 35 1418 18.4425 0
1296 668664 33 1331 17.0213 0
1296 677064 29 1334 14.4366 0
1296 685464 33 1491 16.1882 0
1296 693864 31 1459 14.9983 0
1296 702264 33 1367 16.4641 0
2401 716612 76 2652 28.1594 0
2401 730960 84 3326 26.5355 0
2401 745308 60 2408 18.9728 0
2401 759656 66 2806 19.8521 0
2401 774004 84 2959 31.5844 0
2401 788352 75 2456 29.9794 0
2401 802780 84 2647 34.6875 0
2401 817208 91 3009 35.3968 0
2401 831636 86 3058 28.9079 0
2401 846064 71 2736 24.935 0
2401 860492 77 2509 31.1461 0
2401 874920 72 2460 27.7809 0
2401 889428 83 3246 26.9426 0
2401 903936 89 2771 36.4616 0
2401 918444 70 2844 21.7224 0
2401 932952 72 2429 28.0981 0
2401 947460 83 2645 33.9997 0
2401 961968 75 2430 31.0281 0
