1296 7718 28 1927 7.32497 0
1296 15436 20 1523 5.91695 0
1296 23154 20 1435 6.21274 0
1296 30872 20 1441 5.95385 0
1296 38590 19 1534 5.0928 0
1296 46308 23 1533 7.37502 0
256 47754 1 285 0.790788 0
256 49200 1 263 0.712511 0
256 50646 1 266 0.756782 0
256 52092 1 258 0.670806 0
256 53538 1 296 0.770577 0
256 54984 2 259 0.761915 0
625 58634 7 726 2.44872 0
625 62284 5 630 2.04193 0
625 65934 6 628 2.49299 0
625 69584 5 632 1.9906 0
625 73234 7 665 2.92607 0
625 76884 5 636 1.9412 0
625 80324 6 749 2.11861 0
625 83764 6 680 2.55266 0
625 87204 5 633 2.01948 0
625 90644 7 898 2.33611 0
625 94084 6 654 2.05252 0
625 97524 6 728 2.50293 0
625 101004 5 657 1.92708 0
625 104484 6 687 2.24885 0
625 107964 7 779 2.97355 0
625 111444 6 635 2.21838 0
625 114924 6 650 2.22575 0
625 118404 6 664 2.3143 0
1296 125404 18 1415 4.7521 0
1296 132404 20 1468 5.14285 0
1296 139404 20 1543 5.21695 0
1296 146404 21 1628 5.54033 0
1296 153404 17 1359 4.26769 0
1296 160404 26 1949 6.90151 0
1296 167444 23 1624 6.58166 0
1296 174484 17 1331 4.72612 0
1296 181524 34 2771 7.52868 0
1296 188564 24 1736 6.41709 0
1296 195604 29 2257 7.32626 0
1296 202644 19 1557 4.66805 0
1296 209724 22 1743 5.55572 0
1296 216804 20 1509 5.74275 0
1296 223884 24 1879 6.13286 0
1296 230964 20 1549 5.28849 0
1296 238044 21 1526 5.71452 0
1296 245124 17 1328 4.38735 0
1296 252244 23 1804 5.65935 0
1296 259364 21 1417 6.2538 0
1296 266484 23 1729 6.22268 0
1296 273604 20 1570 5.14253 0
1296 280724 21 1510 5.90861 0
1296 287844 24 1696 7.07603 0
1296 295004 19 1367 5.64972 0
1296 302164 18 1330 5.03313 0
1296 309324 17 1340 4.60485 0
1296 316484 18 1391 5.02287 0
1296 323644 18 1403 5.29427 0
1296 330804 19 1440 5.08157 0
1296 338004 18 1307 5.33501 0
1296 345204 32 2137 9.49555 0
1296 352404 17 1306 4.72419 0
1296 359604 16 1315 4.34051 0
1296 366804 18 1306 5.00683 0
1296 374004 33 2015 9.75091 0
1296 381244 18 1363 5.2609 0
1296 388484 18 1361 5.26828 0
1296 395724 25 1852 6.87456 0
1296 402964 18 1387 5.34399 0
1296 410204 19 1340 5.69816 0
1296 417444 20 1539 5.48354 0
1296 424724 17 1300 5.02062 0
1296 432004 22 1677 5.60128 0
1296 439284 20 1513 5.56407 0
1296 446564 18 1322 6.26471 0
1296 453844 19 1431 5.61924 0
1296 461124 19 1517 5.12745 0
1296 468444 19 1430 5.44793 0
1296 475764 19 1423 5.09505 0
1296 483084 19 1389 5.81879 0
1296 490404 24 1761 7.61723 0
1296 497724 17 1324 4.83712 0
1296 505044 25 1703 7.7324 0
1296 512404 19 1373 6.01672 0
1296 519764 17 1319 4.74408 0
1296 527124 17 1416 4.74569 0
1296 534484 19 1417 5.71035 0
1296 541844 17 1297 4.80696 0
1296 549204 18 1380 5.19867 0
1296 556604 18 1308 5.77034 0
1296 564004 18 1314 5.9439 0
1296 571404 27 1643 9.62772 0
1296 578804 18 1322 5.5599 0
1296 586204 21 1545 6.0472 0
1296 593604 17 1298 5.21567 0
1296 601044 22 1389 8.01695 0
1296 608484 21 1589 6.27433 0
1296 615924 20 1337 6.74752 0
1296 623364 19 1301 6.90119 0
1296 630804 19 1514 5.52974 0
1296 638244 20 1506 5.60224 0
2401 651592 62 2884 13.6378 0
2401 664940 63 2812 16.0131 0
2401 678288 86 4033 16.0827 0
2401 691636 114 4695 27.2705 0
2401 704984 63 2897 13.3141 0
2401 718332 148 6595 28.9063 0
2401 731720 60 2920 13.0591 0
2401 745108 73 3517 15.8369 0
2401 758496 82 3680 18.1621 0
2401 771884 74 3563 14.0327 0
2401 785272 52 2492 11.61 0
2401 798660 149 6037 32.8987 0
2401 812088 50 2477 10.1955 0
2401 825516 82 3474 17.6318 0
2401 838944 54 2610 11.9459 0
2401 852372 65 3277 12.0277 0
2401 865800 73 3167 17.9979 0
2401 879228 66 2930 16.1613 0
