1296 8754 34 1509 16.5671 0
1296 17508 31 1299 15.5623 0
1296 26262 33 1301 16.9623 0
1296 35016 33 1359 16.1924 0
1296 43770 34 1304 17.8959 0
1296 52524 30 1363 14.3949 0
256 54174 1 258 0.878047 0
256 55824 2 256 0.965948 0
256 57474 2 256 1.01022 0
256 59124 2 279 0.99065 0
256 60774 2 259 1.03043 0
256 62424 2 265 0.95087 0
625 66574 9 632 4.66677 0
625 70724 8 641 4.2648 0
625 74874 9 627 4.87818 0
625 79024 7 625 3.34441 0
625 83174 9 628 4.61352 0
625 87324 9 645 4.81947 0
625 91644 10 644 5.70009 0
625 95964 10 625 5.57497 0
625 100284 9 689 4.93464 0
625 104604 10 625 5.15119 0
625 108924 9 655 5.12488 0
625 113244 11 627 6.01737 0
625 117684 10 631 5.52878 0
625 122124 10 629 5.40783 0
625 126564 10 626 5.3241 0
625 131004 10 632 5.617 0
625 135444 10 650 5.90669 0
625 139884 10 655 5.76072 0
1296 147924 27 1341 12.5576 0
1296 155964 29 1346 13.5146 0
1296 164004 25 1311 11.7713 0
1296 172044 29 1467 12.8018 0
1296 180084 29 1374 13.6551 0
1296 188124 26 1322 12.0857 0
1296 196284 27 1313 12.617 0
1296 204444 31 1459 14.5983 0
1296 212604 31 1529 14.3452 0
1296 220764 26 1318 12.0745 0
1296 228924 31 1465 14.8148 0
1296 237084 30 1440 13.3462 0
1296 245364 32 1385 16.0766 0
1296 253644 31 1444 14.8546 0
1296 261924 31 1365 14.9938 0
1296 270204 28 1299 13.548 0
1296 278484 33 1316 17.4512 0
1296 286764 32 1431 15.5995 0
1296 295164 32 1424 15.2681 0
1296 303564 31 1300 15.6897 0
1296 311964 35 1423 17.6213 0
1296 320364 31 1482 14.9063 0
1296 328764 33 1375 16.9257 0
1296 337164 32 1396 15.5944 0
1296 345684 34 1349 17.7634 0
1296 354204 32 1392 15.6477 0
1296 362724 35 1349 18.5689 0
1296 371244 31 1350 15.3028 0
1296 379764 33 1307 17.1493 0
1296 388284 30 1305 15.0692 0
1296 396924 35 1424 17.6649 0
1296 405564 37 1382 19.7828 0
1296 414204 35 1475 17.6973 0
1296 422844 33 1297 17.0444 0
1296 431484 35 1359 18.1111 0
1296 440124 33 1340 16.86 0
1296 448884 34 1296 18.4839 0
1296 457644 36 1301 19.6754 0
1296 466404 35 1307 18.7765 0
1296 475164 35 1301 19.1977 0
1296 483924 36 1326 18.7065 0
1296 492684 35 1296 18.9731 0
1296 501564 38 1490 19.3741 0
1296 510444 35 1353 18.4015 0
1296 519324 41 1443 22.1106 0
1296 528204 35 1411 17.4608 0
1296 537084 39 1416 20.2779 0
1296 545964 41 1463 22.0773 0
1296 554964 40 1308 22.2213 0
1296 563964 38 1328 20.9448 0
1296 572964 38 1305 20.9554 0
1296 581964 38 1368 20.3834 0
1296 590964 36 1319 19.5737 0
1296 599964 39 1297 21.6153 0
1296 609084 41 1413 22.1693 0
1296 618204 38 1401 20.7311 0
1296 627324 40 1389 22.0141 0
1296 636444 40 1315 22.7657 0
1296 645564 38 1304 20.9493 0
1296 654684 41 1332 22.8533 0
1296 663924 40 1302 22.4497 0
1296 673164 39 1312 21.9133 0
1296 682404 40 1357 22.4478 0
1296 691644 40 1298 22.3159 0
1296 700884 42 1351 23.1834 0
1296 710124 42 1364 23.6261 0
1296 719484 42 1338 23.6617 0
1296 728844 40 1367 22.059 0
1296 738204 39 1308 21.2178 0
1296 747564 43 1334 24.5221 0
1296 756924 41 1385 22.8911 0
1296 766284 41 1301 23.5141 0
2401 781632 104 2952 47.2853 0
2401 796980 100 2485 49.5482 0
2401 812328 98 2470 47.984 0
2401 827676 96 2461 46.7405 0
2401 843024 93 2648 41.7854 0
2401 858372 93 2411 44.6338 0
2401 873840 123 3277 55.4873 0
2401 889308 108 2686 53.1538 0
2401 904776 109 2731 52.1134 0
2401 920244 101 2613 48.4665 0
2401 935712 99 2471 48.4867 0
2401 951180 102 2481 50.9421 0
2401 966768 105 2673 50.6925 0
2401 982356 106 2497 53.456 0
2401 997944 101 2708 47.6789 0
2401 1013532 107 2477 54.4691 0
2401 1029120 101 2532 49.5752 0
2401 1044708 104 2479 52.1022 0
