1000 20094 58 1005 38.1173 0
1000 40170 56 1003 36.4006 0
1000 60264 54 1002 35.1415 0
1000 80354 55 1003 35.7125 0
1000 100442 58 1011 37.9597 0
1000 120518 57 1002 36.9986 0
200 121404 1 201 0.468377 0
200 122292 1 203 0.471585 0
200 123176 1 203 0.573923 0
200 124074 1 202 0.491155 0
200 124948 1 214 0.534143 0
200 125850 1 207 0.532218 0
400 129120 6 402 3.42846 0
400 132424 6 412 3.51989 0
400 135730 5 402 3.30655 0
400 139024 5 401 3.19619 0
400 142302 6 400 3.73579 0
400 145592 6 400 3.37745 0
600 152870 17 602 10.4345 0
600 160152 17 600 10.8169 0
600 167442 17 601 10.8619 0
600 174728 17 603 10.5109 0
600 182030 17 609 10.4426 0
600 189324 17 607 10.645 0
800 202184 34 805 21.6981 0
800 215062 34 817 22.0548 0
800 227940 33 800 20.7645 0
800 240818 33 805 21.5752 0
800 253692 34 800 21.7895 0
800 266564 33 800 21.6121 0
1100 290832 69 1102 45.0666 0
1100 315106 69 1102 44.7984 0
1100 339384 68 1102 45.09 0
1100 363652 68 1107 44.5719 0
1100 387940 69 1103 45.2558 0
1100 412202 68 1116 44.5023 0
1200 441064 85 1201 56.196 0
1200 469924 83 1211 54.3189 0
1200 498782 84 1202 55.8402 0
1200 527654 84 1208 55.375 0
1200 556540 85 1202 56.1498 0
1200 585412 85 1205 56.1286 0
1300 619276 99 1306 65.8635 0
1300 653152 100 1303 66.235 0
1300 687016 101 1301 67.3668 0
1300 720876 99 1301 65.6078 0
1300 754750 100 1302 66.7014 0
1300 788628 102 1300 66.9658 0
1400 827898 117 1403 78.4118 0
1400 867174 120 1401 79.7342 0
1400 906426 117 1400 77.7372 0
1400 945686 117 1400 77.7571 0
1400 984962 117 1400 77.5716 0
1400 1024236 121 1411 80.8438 0
1500 1069308 137 1501 91.3323 0
1500 1114388 134 1501 89.1948 0
1500 1159436 138 1500 92.7204 0
1500 1204492 139 1500 93.8153 0
1500 1249558 136 1505 90.8944 0
1500 1294638 136 1501 91.0006 0
1600 1345906 158 1602 105.134 0
1600 1397170 158 1600 105.485 0
1600 1448416 159 1601 105.993 0
1600 1499664 157 1600 105.118 0
1600 1550938 159 1609 106.94 0
1600 1602210 157 1613 105.37 0
1700 1660080 180 1700 120.638 0
1700 1717944 178 1701 119.232 0
1700 1775796 180 1705 120.856 0
1700 1833650 182 1700 121.583 0
1700 1891520 181 1700 122.098 0
1700 1949388 179 1702 120.332 0
1800 2014246 202 1803 136.103 0
1800 2079130 201 1802 134.137 0
1800 2143992 204 1800 137.504 0
1800 2208848 197 1800 131.989 0
1800 2273706 203 1801 136.118 0
1800 2338580 204 1805 137.165 0
1900 2410854 227 1901 152.842 0
1900 2483124 224 1903 150.53 0
1900 2555372 222 1900 148.605 0
1900 2627626 225 1900 151.532 0
1900 2699888 223 1905 149.542 0
1900 2772166 221 1900 148.461 0
2000 2852246 255 2000 171.884 0
2000 2932314 253 2008 169.945 0
2000 3012366 253 2001 170.683 0
2000 3092426 256 2001 172.951 0
2000 3172492 254 2004 171.429 0
2000 3252564 254 2003 171.739 0
2100 3340832 285 2100 192.917 0
2100 3429104 286 2101 193.97 0
2100 3517362 278 2100 187.273 0
2100 3605620 284 2103 190.547 0
2100 3693890 283 2101 191.891 0
2100 3782168 280 2123 189.609 0
2200 3879022 314 2200 212.942 0
2200 3975876 306 2202 206.57 0
2200 4072726 306 2213 206.475 0
2200 4169594 305 2203 206.571 0
2200 4266456 302 2200 203.436 0
2200 4363320 308 2205 207.791 0
2300 4469180 339 2301 229.019 0
2300 4575014 347 2303 235.34 0
2300 4680862 341 2301 230.955 0
2300 4786712 335 2300 226.427 0
2300 4892562 342 2302 231.491 0
2300 4998422 344 2312 233.239 0
2400 5113676 374 2400 253.707 0
2400 5228914 376 2400 254.718 0
2400 5344168 370 2407 250.51 0
2400 5459408 370 2400 250.719 0
2400 5574662 370 2402 250.483 0
2400 5689914 373 2402 252.699 0
2500 5814966 395 2501 266.69 0
2500 5940024 410 2501 278.216 0
2500 6065070 412 2502 279.557 0
2500 6190128 404 2505 274.921 0
2500 6315172 410 2500 278.678 0
2500 6440224 411 2513 278.985 0
2600 6575482 436 2600 295.29 0
2600 6710732 441 2602 298.462 0
2600 6845972 433 2601 293.306 0
2600 6981234 442 2600 300.256 0
2600 7116472 442 2600 300.204 0
2600 7251728 442 2600 300.393 0
2700 7397586 480 2703 326.763 0
2700 7543424 475 2706 323.144 0
2700 7689252 478 2706 324.789 0
2700 7835098 479 2706 325.792 0
2700 7980932 479 2700 326.335 0
2700 8126790 478 2700 324.52 0
