1000 99916 108 1000 69.4187 0
1000 199830 109 1001 69.8392 0
1000 299748 108 1001 69.7276 0
1000 399660 106 1000 68.086 0
1000 499580 110 1001 70.9742 0
1000 599490 109 1002 70.1238 0
200 603494 4 202 2.72782 0
200 607488 4 202 2.32938 0
200 611482 4 200 2.37878 0
200 615484 3 200 2.23538 0
200 619488 4 200 2.39771 0
200 623488 4 200 2.48625 0
400 639468 16 404 10.3858 0
400 655452 16 401 9.97034 0
400 671432 16 403 9.92415 0
400 687402 17 402 10.56 0
400 703384 16 402 10.534 0
400 719362 16 403 10.2908 0
600 755316 38 601 24.4698 0
600 791274 37 601 23.587 0
600 827228 37 600 23.5241 0
600 863192 38 600 24.2132 0
600 899150 38 600 24.2838 0
600 935116 38 601 24.4727 0
800 999060 69 800 44.0942 0
800 1063004 67 801 42.7503 0
800 1126940 67 800 42.8469 0
800 1190876 69 801 44.6806 0
800 1254820 69 800 44.3836 0
800 1318758 69 801 44.0217 0
1100 1439672 129 1101 83.1049 0
1100 1560580 130 1102 83.8723 0
1100 1681482 129 1103 83.0154 0
1100 1802386 132 1102 85.4381 0
1100 1923290 131 1101 84.2556 0
1100 2044200 132 1100 84.8972 0
1200 2188102 155 1202 100.362 0
1200 2331992 158 1201 102.311 0
1200 2475882 154 1200 99.1102 0
1200 2619774 157 1202 100.653 0
1200 2763672 157 1204 101.169 0
1200 2907570 158 1200 101.357 0
1300 3076462 185 1303 119.785 0
1300 3245344 183 1302 118.126 0
1300 3414230 182 1300 117.119 0
1300 3583128 185 1302 119.948 0
1300 3752012 187 1300 121.298 0
1300 3920904 184 1301 118.412 0
1400 4116786 209 1400 135.09 0
1400 4312658 215 1400 139.436 0
1400 4508530 215 1400 140.013 0
1400 4704416 216 1403 139.828 0
1400 4900294 214 1407 138.575 0
1400 5096168 215 1402 138.544 0
1500 5321038 248 1502 160.531 0
1500 5545910 251 1502 162.67 0
1500 5770774 248 1500 161.243 0
1500 5995644 245 1503 158.952 0
1500 6220512 247 1501 160.222 0
1500 6445382 246 1501 158.881 0
1600 6701244 282 1600 183.251 0
1600 6957106 280 1600 182.43 0
1600 7212958 278 1601 180.529 0
1600 7468820 279 1601 180.646 0
1600 7724676 285 1603 185.497 0
1600 7980544 280 1602 182.043 0
1700 8269390 318 1700 206.962 0
1700 8558240 321 1701 209.076 0
1700 8847086 319 1700 207.965 0
1700 9135932 322 1700 210.396 0
1700 9424780 317 1702 205.852 0
1700 9713632 324 1701 210.985 0
1800 10037474 357 1803 233.196 0
1800 10361314 361 1800 234.896 0
1800 10685156 355 1800 230.729 0
1800 11008998 357 1802 232.911 0
1800 11332840 357 1801 232.038 0
1800 11656680 350 1800 227.739 0
1900 12017516 401 1900 261.633 0
1900 12378344 399 1900 260.273 0
1900 12739172 405 1901 264.465 0
1900 13100004 398 1901 258.836 0
1900 13460832 398 1901 258.852 0
1900 13821656 403 1900 262.53 0
2000 14221474 442 2000 288.139 0
2000 14621296 446 2001 291.396 0
2000 15021116 451 2000 295.228 0
2000 15420932 445 2000 291.179 0
2000 15820752 446 2001 291.551 0
2000 16220574 446 2000 290.733 0
2100 16661384 489 2101 318.664 0
2100 17102196 500 2102 328.225 0
2100 17543004 490 2100 320.172 0
2100 17983810 489 2101 318.79 0
2100 18424616 491 2105 320.069 0
2100 18865424 495 2100 323.643 0
2200 19349224 538 2202 351.724 0
2200 19833022 540 2200 353.184 0
2200 20316818 541 2203 353.764 0
2200 20800610 541 2200 353.715 0
2200 21284410 539 2202 351.557 0
2200 21768212 542 2202 355.28 0
2300 22296994 593 2300 388.098 0
2300 22825778 586 2301 383.015 0
2300 23354562 591 2304 386.868 0
2300 23883344 593 2301 387.684 0
2300 24412134 586 2300 383.07 0
2300 24940916 594 2300 389.673 0
2400 25516696 647 2400 424.87 0
2400 26092478 651 2400 427.072 0
2400 26668254 648 2400 426.131 0
2400 27244026 641 2401 419.846 0
2400 27819806 646 2402 423.55 0
2400 28395574 650 2400 428.189 0
2500 29020342 707 2500 464.95 0
2500 29645108 694 2500 454.077 0
2500 30269874 698 2500 456.88 0
2500 30894644 703 2503 461.032 0
2500 31519412 703 2502 461.496 0
2500 32144182 708 2500 465.965 0
2600 32819942 771 2600 507.548 0
2600 33495704 754 2600 494.662 0
2600 34171464 758 2602 497.048 0
2600 34847228 757 2600 496.997 0
2600 35522992 765 2602 502.852 0
2600 36198754 767 2605 504.426 0
2700 36927502 813 2701 533.857 0
2700 37656260 815 2700 534.948 0
2700 38385006 826 2703 543.296 0
2700 39113758 816 2700 535.985 0
2700 39842508 825 2702 541.772 0
2700 40571252 822 2701 540.48 0
