1000 199806 163 1000 103.188 0
1000 399616 162 1003 102.605 0
1000 599420 164 1000 103.345 0
1000 799226 161 1000 101.963 0
1000 999034 161 1000 101.278 0
1000 1198840 163 1000 102.532 0
200 1206806 6 200 3.71301 0
200 1214776 6 200 3.73387 0
200 1222742 6 201 3.60747 0
200 1230714 6 200 3.75953 0
200 1238676 6 201 3.9087 0
200 1246646 6 200 3.61709 0
400 1278572 24 401 15.1889 0
400 1310496 25 401 15.1716 0
400 1342426 25 400 15.7705 0
400 1374352 25 401 15.5043 0
400 1406280 25 400 15.4273 0
400 1438206 24 400 15.0025 0
600 1510090 57 600 36.0031 0
600 1581978 56 600 35.0391 0
600 1653864 56 600 34.4739 0
600 1725746 56 600 35.017 0
600 1797636 55 600 34.582 0
600 1869532 57 600 35.1087 0
800 1997382 103 802 65.3518 0
800 2125230 102 802 64.5055 0
800 2253082 102 800 63.7798 0
800 2380934 102 800 63.9781 0
800 2508782 103 802 64.3303 0
800 2636632 102 800 64.45 0
1100 2878416 196 1100 124.246 0
1100 3120208 195 1100 123.458 0
1100 3362006 195 1100 122.87 0
1100 3603794 195 1100 122.517 0
1100 3845584 198 1100 124.961 0
1100 4087378 194 1103 122.83 0
1200 4375144 233 1200 146.784 0
1200 4662914 234 1201 148.106 0
1200 4950678 236 1201 149.955 0
1200 5238444 233 1200 147.828 0
1200 5526212 233 1201 147.13 0
1200 5813986 233 1201 147.332 0
1300 6151734 275 1300 174.632 0
1300 6489484 280 1300 176.318 0
1300 6827226 274 1300 173.903 0
1300 7164976 275 1300 175.38 0
1300 7502722 280 1300 178.302 0
1300 7840468 278 1300 176.068 0
1400 8232196 321 1400 204.299 0
1400 8623926 319 1400 202.368 0
1400 9015648 318 1401 201.743 0
1400 9407376 320 1400 203.706 0
1400 9799100 322 1401 204.618 0
1400 10190828 319 1400 203.279 0
1500 10640538 371 1500 237.962 0
1500 11090246 370 1500 235.955 0
1500 11539950 370 1501 236.196 0
1500 11989658 368 1500 233.744 0
1500 12439360 371 1500 237.112 0
1500 12889066 368 1500 234.13 0
1600 13400752 423 1600 270.173 0
1600 13912442 419 1600 267.053 0
1600 14424130 423 1600 269.549 0
1600 14935818 428 1600 273.527 0
1600 15447502 417 1600 266.064 0
1600 15959192 424 1600 271.271 0
1700 16536856 475 1700 302.961 0
1700 17114528 478 1700 306.537 0
1700 17692196 480 1700 307.148 0
1700 18269866 474 1700 302.397 0
1700 18847534 479 1700 306.27 0
1700 19425204 477 1700 304.978 0
1800 20072854 538 1801 344.347 0
1800 20720506 533 1802 340.839 0
1800 21368154 535 1800 341.818 0
1800 22015800 535 1800 342.4 0
1800 22663446 538 1800 345.233 0
1800 23311096 534 1802 341.264 0
1900 24032726 597 1900 382.779 0
1900 24754350 594 1901 380.991 0
1900 25475982 597 1900 382.02 0
1900 26197612 607 1900 389.942 0
1900 26919238 599 1900 383.92 0
1900 27640870 594 1900 379.88 0
2000 28440480 661 2000 424.787 0
2000 29240090 664 2000 426.45 0
2000 30039698 668 2000 429.756 0
2000 30839306 672 2000 432.629 0
2000 31638912 660 2000 423.084 0
2000 32438526 669 2000 430.755 0
2100 33320112 737 2100 474.371 0
2100 34201702 734 2100 470.915 0
2100 35083294 734 2100 471.282 0
2100 35964878 734 2101 472.746 0
2100 36846466 737 2100 473.999 0
2100 37728058 760 2100 493.064 0
2200 38695624 808 2200 519.996 0
2200 39663198 805 2200 518.196 0
2200 40630766 800 2200 513.503 0
2200 41598328 811 2200 522.699 0
2200 42565896 810 2200 522.115 0
2200 43533466 807 2200 518.748 0
2300 44591012 881 2301 566.603 0
2300 45648560 881 2300 566.954 0
2300 46706110 892 2303 576.297 0
2300 47763658 887 2300 572.597 0
2300 48821212 882 2301 568.975 0
2300 49878764 887 2300 571.423 0
2400 51030294 967 2401 624.058 0
2400 52181822 975 2400 630.59 0
2400 53333356 974 2400 629.19 0
2400 54484888 970 2401 626.493 0
2400 55636414 959 2400 617.879 0
2400 56787942 965 2400 623.316 0
2500 58037450 1053 2500 679.52 0
2500 59286960 1052 2500 680.208 0
2500 60536466 1058 2500 686.309 0
2500 61785972 1056 2500 683.533 0
2500 63035478 1050 2502 679.399 0
2500 64284986 1058 2500 683.431 0
2600 65636476 1141 2600 738.074 0
2600 66987968 1139 2603 736.63 0
2600 68339460 1137 2600 735.941 0
2600 69690948 1142 2600 740.337 0
2600 71042436 1140 2600 737.893 0
2600 72393920 1140 2600 736.53 0
2700 73851394 1230 2700 796.336 0
2700 75308860 1237 2700 801.847 0
2700 76766328 1218 2702 788.091 0
2700 78223800 1230 2701 796.372 0
2700 79681270 1225 2700 793.219 0
2700 81138742 1233 2700 798.775 0
