1024 3968 422 31315 111.292 0
1024 7936 435 34704 104.533 0
1024 11904 340 28852 71.1603 0
1024 15872 318 26345 75.2708 0
1024 19840 23 2109 4.96672 0
1024 23808 17 1637 3.99019 0
196 24536 1 255 0.46132 0
196 25264 1 211 0.468377 0
196 25992 9 1622 3.88657 0
196 26720 1 225 0.409028 0
196 27448 2 433 0.954399 0
196 28176 2 475 0.911732 0
400 29696 38 5573 10.7165 0
400 31216 61 7891 21.4934 0
400 32736 3 477 1.14688 0
400 34256 2 408 0.773143 0
400 35776 19 2543 6.73854 0
400 37296 4 615 1.47699 0
576 39504 173 18326 57.2068 0
576 41712 76 8631 21.0815 0
576 43920 107 13173 28.094 0
576 46128 80 9631 21.103 0
576 48336 7 1018 2.30531 0
576 50544 62 7731 17.4544 0
784 53568 93 9685 21.7016 0
784 56592 31 2835 9.61521 0
784 59616 340 31493 94.3004 0
784 62640 66 7227 16.287 0
784 65664 52 5392 12.4489 0
784 68688 7 843 2.0615 0
1089 72912 1610 127198 343.659 0
1089 77136 17 1559 3.73226 0
1089 81360 15 1381 3.44065 0
1089 85584 16 1439 3.48909 0
1089 89808 73 6487 13.9618 0
1089 94032 348 25954 85.0191 0
1225 98792 21 1776 4.19454 0
1225 103552 975 73737 196.145 0
1225 108312 1444 106162 305.587 0
1225 113072 366 29279 70.4927 0
1225 117832 87 5926 21.819 0
1225 122592 145 11241 26.7803 0
1296 127632 338 21870 77.8385 0
1296 132672 156 12786 28.6272 0
1296 137712 373 27385 74.625 0
1296 142752 106 9166 17.8708 0
1296 147792 16 1316 3.34056 0
1296 152832 1560 106207 319.566 0
1369 158160 210 15922 34.1681 0
1369 163488 342 22388 70.1716 0
1369 168816 327 23553 57.6726 0
1369 174144 835 51738 177.271 0
1369 179472 385 28737 62.3802 0
1369 184800 19 1476 4.00719 0
1521 190728 1275 80071 259.755 0
1521 196656 625 40918 100.357 0
1521 202584 967 60246 178.059 0
1521 208512 212 15937 38.9087 0
1521 214440 22 1560 3.84968 0
1521 220368 2663 163663 493.259 0
1600 226608 1290 69040 290.759 0
1600 232848 41 2764 7.4071 0
1600 239088 1955 111554 386.502 0
1600 245328 2275 119254 538.035 0
1600 251568 8141 436241 1777.9 0
1600 257808 37 2571 6.48542 0
1681 264368 252 15234 46.463 0
1681 270928 870 48451 160.975 0
1681 277488 490 27528 95.4505 0
1681 284048 2607 158586 413.558 0
1681 290608 450 24649 94.9613 0
1681 297168 101 6970 16.4641 0
1764 304056 954 56962 157.825 0
1764 310944 6855 367464 1280.35 0
1764 317832 1223 72501 178.507 0
1764 324720 2631 148732 446.738 0
1764 331608 818 49453 118.481 0
1764 338496 184 9914 35.1402 0
1936 346064 51 3037 8.18281 0
1936 353632 725 40930 98.9287 0
1936 361200 130 6862 22.9293 0
1936 368768 4926 258764 784.391 0
1936 376336 245 14794 35.5004 0
1936 383904 6587 333494 1174.19 0
2025 391824 8035 388518 1452.51 0
2025 399744 877 44673 149.651 0
2025 407664 46 2545 7.87644 0
2025 415584 12655 586648 2549.85 0
2025 423504 1932 92372 362.595 0
2025 431424 4137 200949 720.215 0
2116 439704 71 3909 10.364 0
2116 447984 3819 177710 685.453 0
2116 456264 2244 104874 366.459 0
2116 464544 3971 191479 686.757 0
2116 472824 11284 511047 1942.04 0
2116 481104 1494 67899 281.61 0
2209 489752 14414 612990 2712.15 0
2209 498400 586 24163 115.053 0
2209 507048 251 10924 49.1376 0
2209 515696 504 26086 67.9256 0
2209 524344 131 6254 21.5354 0
2209 532992 232 12631 32.1727 0
2304 542016 639 27286 112.258 0
2304 551040 1325 55145 248.712 0
2304 560064 2860 122291 510.772 0
2304 569088 2444 117575 321.127 0
2304 578112 1567 73916 204.438 0
2304 587136 231 11163 34.9939 0
2401 596544 1453 67418 202.248 0
2401 605952 1983 90531 272.887 0
2401 615360 9355 392599 1541.38 0
2401 624768 10843 471618 1647.52 0
2401 634176 60 2995 9.38679 0
2401 643584 17412 705281 3145.74 0
2500 653384 14421 584859 2473.12 0
2500 663184 469 23655 51.7281 0
2500 672984 2817 127932 303.379 0
2500 682784 1351 65946 172.473 0
2500 692584 105 5150 14.3169 0
2500 702384 3029 135088 385.479 0
2601 712584 442 20729 49.7927 0
2601 722784 647 27915 83.5784 0
2601 732984 16157 656260 2351.03 0
2601 743184 1552 64118 208.814 0
2601 753384 4960 198123 740.796 0
2601 763584 1633 75656 209.55 0
2704 774192 31768 1184814 4887.13 0
2704 784800 292 12875 37.621 0
2704 795408 806 36142 89.0732 0
2704 806016 5419 214200 782.405 0
2704 816624 349 15523 38.3351 0
2704 827232 4916 206512 644.422 0
