1024 4376 38 3288 11.2318 0
1024 8752 12 1128 3.75536 0
1024 13128 19 1776 5.92176 0
1024 17504 12 1146 3.78167 0
1024 21880 37 2734 12.8788 0
1024 26256 27 2625 6.89092 0
196 27062 1 248 0.474473 0
196 27868 1 220 0.399725 0
196 28674 1 275 0.62044 0
196 29480 1 207 0.377589 0
196 30286 1 209 0.496608 0
196 31092 1 208 0.430201 0
400 32772 3 512 1.46256 0
400 34452 3 481 1.178 0
400 36132 2 424 1.10518 0
400 37812 7 1094 2.5764 0
400 39492 2 475 0.96274 0
400 41172 3 574 1.4308 0
576 43610 11 1336 3.88497 0
576 46048 7 957 2.55843 0
576 48486 8 1001 2.82213 0
576 50924 5 629 2.07947 0
576 53362 6 772 2.51191 0
576 55800 12 1562 3.93212 0
784 59136 15 1722 4.72869 0
784 62472 9 975 3.22442 0
784 65808 18 2034 5.48419 0
784 69144 12 1301 3.92186 0
784 72480 17 1773 5.22273 0
784 75816 9 1002 3.31201 0
1089 80480 19 1486 6.78826 0
1089 85144 17 1391 4.98244 0
1089 89808 35 2909 10.917 0
1089 94472 19 1533 6.445 0
1089 99136 23 1849 7.5922 0
1089 103800 25 2177 7.42442 0
1225 109040 33 2368 10.8343 0
1225 114280 28 2186 8.95339 0
1225 119520 28 2136 9.41855 0
1225 124760 38 3239 9.13336 0
1225 130000 51 3479 16.058 0
1225 135240 20 1633 5.75687 0
1296 140800 20 1740 5.24037 0
1296 146360 33 2704 8.84976 0
1296 151920 19 1401 6.60925 0
1296 157480 23 1957 6.91659 0
1296 163040 34 2193 12.4226 0
1296 168600 24 1885 6.56242 0
1369 174488 27 2183 8.01823 0
1369 180376 40 3267 10.4923 0
1369 186264 18 1389 5.62759 0
1369 192152 26 1721 8.767 0
1369 198040 33 1991 11.1875 0
1369 203928 50 3899 12.224 0
1521 210456 23 1613 6.16718 0
1521 216984 39 2214 12.6244 0
1521 223512 42 2711 11.8092 0
1521 230040 24 1850 6.04592 0
1521 236568 38 2162 12.6237 0
1521 243096 34 2185 10.8801 0
1600 249976 49 3360 10.9299 0
1600 256856 69 4519 16.3653 0
1600 263736 61 3383 20.3305 0
1600 270616 73 5084 14.7119 0
1600 277496 33 2067 9.71113 0
1600 284376 96 6158 23.0079 0
1681 291616 83 5042 21.4222 0
1681 298856 59 3150 19.5554 0
1681 306096 67 3176 23.6399 0
1681 313336 29 1900 8.03235 0
1681 320576 40 2415 10.7878 0
1681 327816 57 2899 18.1984 0
1764 335424 50 2990 15.1937 0
1764 343032 68 2964 25.592 0
1764 350640 48 2780 15.1934 0
1764 358248 75 4308 20.9968 0
1764 365856 73 4709 14.2297 0
1764 373464 40 2410 11.1846 0
1936 381792 91 5327 16.5456 0
1936 390120 176 8062 50.1427 0
1936 398448 42 2665 11.5041 0
1936 406776 113 7004 20.7966 0
1936 415104 87 4130 28.4895 0
1936 423432 99 4666 28.0346 0
2025 432152 113 6096 25.8458 0
2025 440872 79 3365 27.5249 0
2025 449592 580 17565 234.897 0
2025 458312 53 2760 13.7687 0
2025 467032 74 3919 18.8557 0
2025 475752 69 3357 20.4193 0
2116 484872 120 4615 44.406 0
2116 493992 123 6754 25.5224 0
2116 503112 147 6945 40.7376 0
2116 512232 95 3852 35.5649 0
2116 521352 124 5051 39.8024 0
2116 530472 62 3108 17.8593 0
2209 540000 166 5588 67.4341 0
2209 549528 164 5287 67.9195 0
2209 559056 134 6954 35.2191 0
2209 568584 144 8034 25.814 0
2209 578112 242 8230 81.625 0
2209 587640 64 2746 19.4967 0
2304 597584 65 3167 14.5245 0
2304 607528 66 2855 19.8278 0
2304 617472 85 4560 20.1973 0
2304 627416 128 6126 32.1432 0
2304 637360 73 3207 23.8574 0
2304 647304 104 5469 19.4502 0
2401 657672 160 5245 56.5498 0
2401 668040 157 5782 51.4034 0
2401 678408 293 10401 82.1681 0
2401 688776 195 6013 79.227 0
2401 699144 65 2817 19.3729 0
2401 709512 137 7069 22.706 0
2500 720312 340 11073 102.274 0
2500 731112 84 3385 23.126 0
2500 741912 86 3422 27.008 0
2500 752712 255 10154 70.0083 0
2500 763512 187 6252 58.2745 0
2500 774312 157 7018 27.0501 0
2601 785552 62 2741 15.6797 0
2601 796792 100 4316 25.32 0
2601 808032 116 5412 23.2989 0
2601 819272 117 4361 36.3519 0
2601 830512 366 10383 143.597 0
2601 841752 81 3418 20.9971 0
2704 853440 172 5883 56.2046 0
2704 865128 170 6996 37.9851 0
2704 876816 114 4956 26.2866 0
2704 888504 218 8919 48.5678 0
2704 900192 140 5870 35.7908 0
2704 911880 347 11119 105.46 0
