1024 4786 12 1038 4.06847 0
1024 9572 13 1171 4.6857 0
1024 14358 16 1373 5.35105 0
1024 19144 13 1227 4.40916 0
1024 23930 18 1480 6.17231 0
1024 28716 19 1820 6.40137 0
196 29600 1 272 0.692621 0
196 30484 1 256 0.64065 0
196 31368 1 206 0.511045 0
196 32252 1 274 0.644179 0
196 33136 1 279 0.615307 0
196 34020 2 428 1.37048 0
400 35860 4 536 1.74166 0
400 37700 3 441 1.33006 0
400 39540 2 411 0.881897 0
400 41380 5 730 2.07305 0
400 43220 4 671 1.73235 0
400 45060 3 567 1.4632 0
576 47728 5 722 2.10449 0
576 50396 7 1005 2.91324 0
576 53064 4 593 1.7269 0
576 55732 4 606 1.65087 0
576 58400 5 594 2.07369 0
576 61068 7 978 2.66366 0
784 64718 11 1032 4.37002 0
784 68368 11 1202 3.88785 0
784 72018 8 1057 3.06659 0
784 75668 7 838 2.69189 0
784 79318 11 1273 3.95811 0
784 82968 9 1063 2.89881 0
1089 88072 17 1537 5.66865 0
1089 93176 22 1712 8.9027 0
1089 98280 16 1342 5.68597 0
1089 103384 16 1396 5.56824 0
1089 108488 13 1156 4.30266 0
1089 113592 13 1092 4.58208 0
1225 119312 34 1946 14.7273 0
1225 125032 19 1435 6.6747 0
1225 130752 15 1248 5.02992 0
1225 136472 39 2626 14.332 0
1225 142192 24 2055 7.65155 0
1225 147912 27 1968 9.023 0
1296 153992 18 1537 5.53648 0
1296 160072 22 1772 7.34454 0
1296 166152 28 2229 7.88831 0
1296 172232 18 1380 5.73345 0
1296 178312 20 1720 6.03693 0
1296 184392 21 1634 7.79977 0
1369 190840 22 1661 6.40073 0
1369 197288 19 1475 5.74853 0
1369 203736 21 1597 7.09431 0
1369 210184 45 2318 18.8294 0
1369 216632 39 2234 15.8517 0
1369 223080 22 1710 7.46067 0
1521 230208 31 1887 10.6453 0
1521 237336 24 1575 7.89376 0
1521 244464 30 2016 9.75925 0
1521 251592 36 2071 12.4617 0
1521 258720 26 1910 7.43758 0
1521 265848 31 2132 9.36851 0
1600 273368 34 2017 11.6831 0
1600 280888 37 2519 10.8551 0
1600 288408 30 2075 9.72813 0
1600 295928 28 1838 9.03262 0
1600 303448 45 2617 17.4214 0
1600 310968 26 1612 8.23446 0
1681 318888 59 3731 18.2298 0
1681 326808 32 1920 10.7493 0
1681 334728 52 3502 14.0164 0
1681 342648 43 2697 11.4922 0
1681 350568 48 2281 19.6314 0
1681 358488 33 2012 10.1221 0
1764 366816 64 3328 20.8608 0
1764 375144 34 1964 11.054 0
1764 383472 32 1896 9.67905 0
1764 391800 38 2029 12.967 0
1764 400128 32 1839 10.5398 0
1764 408456 34 1974 11.2526 0
1936 417544 35 2676 9.51351 0
1936 426632 40 2298 11.6568 0
1936 435720 59 3571 15.5338 0
1936 444808 95 4218 34.5441 0
1936 453896 62 2795 22.7022 0
1936 462984 65 3183 23.2838 0
2025 472504 44 2308 13.8707 0
2025 482024 46 2375 14.2672 0
2025 491544 38 2121 10.7733 0
2025 501064 43 2477 11.8499 0
2025 510584 161 6165 61.3363 0
2025 520104 48 2797 14.2156 0
2116 530064 72 2862 28.2351 0
2116 540024 115 4734 42.4748 0
2116 549984 69 3984 17.1131 0
2116 559944 50 2887 13.9746 0
2116 569904 41 2535 11.1281 0
2116 579864 58 2935 17.5462 0
2209 590272 63 2811 22.324 0
2209 600680 71 3081 21.581 0
2209 611088 260 8509 104.298 0
2209 621496 69 3278 18.3678 0
2209 631904 55 2824 14.9483 0
2209 642312 59 3370 15.0096 0
2304 653176 55 2603 15.1732 0
2304 664040 84 3300 31.278 0
2304 674904 49 2458 12.9805 0
2304 685768 80 3522 25.7107 0
2304 696632 57 2812 14.0776 0
2304 707496 96 3735 37.9398 0
2401 718824 86 3819 28.1844 0
2401 730152 63 2986 17.7156 0
2401 741480 67 3057 18.3087 0
2401 752808 67 2848 20.5092 0
2401 764136 69 2725 24.9504 0
2401 775464 65 3138 17.6132 0
2500 787264 53 2529 12.77 0
2500 799064 136 4840 48.8437 0
2500 810864 79 3676 20.9621 0
2500 822664 166 4455 76.8995 0
2500 834464 105 3604 38.876 0
2500 846264 137 4356 51.935 0
2601 858544 61 2877 14.8896 0
2601 870824 95 4391 23.167 0
2601 883104 71 2969 20.8341 0
2601 895384 79 3425 23.1468 0
2601 907664 323 7162 151.553 0
2601 919944 78 3511 21.9932 0
2704 932712 253 6407 108.793 0
2704 945480 182 6198 58.1147 0
2704 958248 139 4673 42.2727 0
2704 971016 71 2788 21.7186 0
2704 983784 143 4161 60.514 0
2704 996552 70 2835 20.4902 0
