1024 5196 15 1215 6.35582 0
1024 10392 14 1212 5.61924 0
1024 15588 18 1560 7.29706 0
1024 20784 17 1408 7.273 0
1024 25980 18 1387 6.68015 0
1024 31176 14 1087 6.3093 0
196 32138 1 290 0.943492 0
196 33100 1 232 0.672731 0
196 34062 1 234 0.76384 0
196 35024 1 200 0.495646 0
196 35986 1 205 0.514573 0
196 36948 1 199 0.51714 0
400 38948 3 418 1.37241 0
400 40948 4 545 1.90495 0
400 42948 4 544 1.75706 0
400 44948 3 433 1.64638 0
400 46948 3 444 1.60179 0
400 48948 3 447 1.42727 0
576 51846 6 633 2.55779 0
576 54744 4 587 1.83501 0
576 57642 5 588 2.37268 0
576 60540 7 813 3.2626 0
576 63438 6 609 2.70376 0
576 66336 5 601 2.04963 0
784 70300 11 954 4.98148 0
784 74264 13 1291 5.84862 0
784 78228 12 1059 5.19835 0
784 82192 16 1425 6.72154 0
784 86156 10 797 4.42809 0
784 90120 10 988 3.96902 0
1089 95664 16 1127 6.58006 0
1089 101208 21 1531 8.91361 0
1089 106752 18 1244 7.57681 0
1089 112296 16 1179 6.96439 0
1089 117840 18 1367 7.64097 0
1089 123384 16 1295 6.07319 0
1225 129584 19 1269 7.44271 0
1225 135784 26 1488 11.3331 0
1225 141984 20 1480 6.6131 0
1225 148184 24 1571 10.516 0
1225 154384 35 2110 13.896 0
1225 160584 22 1555 8.76828 0
1296 167184 22 1526 8.79298 0
1296 173784 22 1329 9.01851 0
1296 180384 21 1306 8.97488 0
1296 186984 34 1968 13.8752 0
1296 193584 22 1569 8.43464 0
1296 200184 23 1456 9.04995 0
1369 207192 25 1614 9.834 0
1369 214200 26 1519 11.3142 0
1369 221208 34 1850 13.99 0
1369 228216 24 1620 9.39899 0
1369 235224 27 1546 11.1111 0
1369 242232 27 2018 10.1352 0
1521 249960 30 1808 12.1011 0
1521 257688 27 1601 10.0088 0
1521 265416 32 2000 12.0726 0
1521 273144 32 1878 12.5653 0
1521 280872 31 1600 13.5797 0
1521 288600 35 1738 14.8328 0
1600 296760 34 1717 14.5011 0
1600 304920 36 1613 16.3111 0
1600 313080 45 2209 18.8506 0
1600 321240 44 2362 18.2298 0
1600 329400 42 2336 15.2781 0
1600 337560 35 1885 14.0218 0
1681 346160 36 1715 15.4789 0
1681 354760 52 2130 23.3768 0
1681 363360 37 1846 15.2104 0
1681 371960 39 2213 13.4277 0
1681 380560 39 2017 15.221 0
1681 389160 38 2230 12.9317 0
1764 398208 51 2710 19.4409 0
1764 407256 52 2909 20.291 0
1764 416304 48 2444 16.9036 0
1764 425352 42 2395 16.1035 0
1764 434400 48 2085 20.9291 0
1764 443448 37 1829 14.1639 0
1936 453296 48 2514 16.5466 0
1936 463144 53 2380 20.429 0
1936 472992 53 2366 21.5165 0
1936 482840 55 2680 18.5461 0
1936 492688 55 2600 20.0661 0
1936 502536 67 3335 24.3893 0
2025 512856 88 3472 36.9229 0
2025 523176 81 3044 36.7163 0
2025 533496 47 2246 17.0178 0
2025 543816 55 2141 23.5424 0
2025 554136 51 2164 20.0356 0
2025 564456 48 2272 17.201 0
2116 575256 60 2389 25.2779 0
2116 586056 53 2339 19.7238 0
2116 596856 57 2681 20.2657 0
2116 607656 88 3202 35.9768 0
2116 618456 61 2689 20.83 0
2116 629256 61 2487 23.8151 0
2209 640544 63 2771 23.714 0
2209 651832 79 3103 29.8565 0
2209 663120 64 2507 25.5416 0
2209 674408 78 3253 31.039 0
2209 685696 80 3294 29.373 0
2209 696984 63 2460 24.8779 0
2304 708768 86 2949 33.4922 0
2304 720552 72 2878 28.1389 0
2304 732336 68 2560 28.144 0
2304 744120 124 3650 58.5918 0
2304 755904 67 2543 27.3138 0
2304 767688 105 3125 49.0888 0
2401 779976 97 3921 37.0121 0
2401 792264 91 2924 38.9481 0
2401 804552 74 2795 29.1786 0
2401 816840 72 2690 28.785 0
2401 829128 105 3639 43.0397 0
2401 841416 72 3106 28.6333 0
2500 854216 114 4047 38.5677 0
2500 867016 92 3912 33.4081 0
2500 879816 91 2927 37.6563 0
2500 892616 86 3243 31.5677 0
2500 905416 128 4207 53.1329 0
2500 918216 75 2673 29.4731 0
2601 931536 84 2835 33.6006 0
2601 944856 85 3069 31.5924 0
2601 958176 91 2932 38.6431 0
2601 971496 102 3412 40.7764 0
2601 984816 81 2669 31.9693 0
2601 998136 121 4218 42.7872 0
2704 1011984 94 3090 37.0185 0
2704 1025832 92 3005 35.2669 0
2704 1039680 94 3209 34.419 0
2704 1053528 181 4806 87.5801 0
2704 1067376 87 2822 34.017 0
2704 1081224 121 4544 46.3199 0
