1000 5400 32 2479 9.50613 0
1000 10800 18 1534 5.51017 0
1000 16200 27 2178 8.11512 0
1000 21600 25 1963 7.7988 0
1000 27000 14 1242 4.17048 0
1000 32400 40 3238 11.7604 0
216 33480 2 315 0.987121 0
216 34560 1 264 0.730155 0
216 35640 1 224 0.473189 0
216 36720 7 981 3.44899 0
216 37800 1 222 0.500779 0
216 38880 1 286 0.829605 0
343 40644 3 443 1.2181 0
343 42408 2 351 1.21104 0
343 44172 15 1676 6.98652 0
343 45936 2 373 1.06636 0
343 47700 4 570 1.58992 0
343 49464 3 491 1.32365 0
512 52152 5 550 1.972 0
512 54840 10 1297 3.44706 0
512 57528 13 1314 5.56535 0
512 60216 4 555 1.69161 0
512 62904 12 1353 4.91122 0
512 65592 4 547 1.74455 0
729 69480 38 3260 14.9451 0
729 73368 32 2947 11.9083 0
729 77256 10 956 3.6989 0
729 81144 11 1164 3.97511 0
729 85032 13 1261 4.74152 0
729 88920 13 1337 4.5285 0
1000 94320 12 1031 3.96228 0
1000 99720 21 1730 6.32085 0
1000 105120 49 3890 14.161 0
1000 110520 390 27611 120.588 0
1000 115920 15 1320 4.51439 0
1000 121320 15 1253 5.06297 0
1000 126720 12 1031 3.88946 0
1000 132120 21 1730 6.26984 0
1000 137520 49 3890 14.2791 0
1000 142920 387 27611 119.433 0
1000 148320 15 1320 4.55288 0
1000 153720 15 1253 4.78579 0
1000 159120 13 1031 3.98185 0
1000 164520 22 1730 6.46457 0
1000 169920 49 3890 14.1829 0
1000 175320 390 27611 120.026 0
1000 180720 15 1320 4.66549 0
1000 186120 15 1253 4.87433 0
1331 193380 60 3990 16.808 0
1331 200640 66 4426 17.6918 0
1331 207900 58 3904 15.4346 0
1331 215160 24 1623 6.5544 0
1331 222420 98 6419 25.0502 0
1331 229680 336 20740 85.2216 0
1331 236940 59 3990 16.8067 0
1331 244200 67 4426 18.0011 0
1331 251460 58 3904 15.2021 0
1331 258720 24 1623 6.71127 0
1331 265980 99 6419 25.1195 0
1331 273240 336 20740 85.4051 0
1331 280500 60 3990 17.0287 0
1331 287760 66 4426 17.6081 0
1331 295020 58 3904 15.4064 0
1331 302280 24 1623 6.56145 0
1331 309540 97 6419 24.585 0
1331 316800 335 20740 85.2517 0
1331 324060 59 3990 16.9055 0
1331 331320 66 4426 17.9081 0
1331 338580 266 14924 83.1097 0
1331 345840 24 1623 6.7549 0
1331 353100 98 6419 25.0659 0
1331 360360 336 20740 85.4603 0
1728 369864 32 1824 7.91109 0
1728 379368 38 2080 9.93024 0
1728 388872 32 1769 7.73785 0
1728 398376 85 4871 21.938 0
1728 407880 86 4467 22.5155 0
1728 417384 244 12889 57.1132 0
1728 426888 32 1824 7.85623 0
1728 436392 218 12089 49.442 0
1728 445896 31 1769 7.42282 0
1728 455400 85 4871 21.752 0
1728 464904 86 4467 22.5289 0
1728 474408 245 12889 57.5244 0
1728 483912 32 1824 7.89825 0
1728 493416 218 12089 49.3769 0
1728 502920 31 1769 7.5367 0
1728 512424 84 4871 21.6615 0
1728 521928 86 4467 22.194 0
1728 531432 245 12889 57.4988 0
1728 540936 44 2512 10.3033 0
1728 550440 218 12089 49.606 0
1728 559944 31 1769 7.6153 0
1728 569448 85 4871 21.9858 0
1728 578952 86 4467 22.6653 0
1728 588456 144 7858 30.9357 0
2197 600624 117 5486 25.3921 0
2197 612792 90 4139 21.0269 0
2197 624960 254 11328 58.6556 0
2197 637128 52 2583 12.4152 0
2197 649296 7600 302864 2058.12 0
2197 661464 828 36611 190.751 0
2197 673632 118 5486 25.2709 0
2197 685800 89 4139 20.8986 0
2197 697968 252 11328 57.792 0
2197 710136 104 4857 22.2909 0
2197 722304 7582 302864 2047.33 0
2197 734472 829 36611 191.329 0
2197 746640 118 5486 25.1718 0
2197 758808 91 4139 21.5383 0
2197 770976 2057 84083 510.143 0
2197 783144 103 4857 22.0073 0
2197 795312 7588 302864 2052.78 0
2197 807480 828 36611 190.945 0
2197 819648 117 5486 25.258 0
2197 831816 52 2458 12.4941 0
2197 843984 2059 84083 510.516 0
2197 856152 103 4857 22.3384 0
2197 868320 7578 302864 2046.82 0
2197 880488 828 36611 191.401 0
2197 892656 104 4903 23.1972 0
2197 904824 53 2458 12.676 0
2197 916992 2060 84083 510.345 0
2197 929160 103 4857 22.4965 0
2197 941328 7628 302864 2067.27 0
2197 953496 101 5038 23.935 0
2197 965664 105 4903 23.297 0
2197 977832 54 2458 12.916 0
2197 990000 2070 84083 516.58 0
2197 1002168 103 4857 22.3599 0
2197 1014336 205 10398 41.0623 0
2197 1026504 101 5038 23.9257 0
