1000 6200 17 1012 7.8434 0
1000 12400 21 1298 10.7287 0
1000 18600 20 1016 11.2998 0
1000 24800 21 1176 10.7104 0
1000 31000 21 1071 11.5513 0
1000 37200 14 1086 6.10334 0
216 38452 2 306 0.991292 0
216 39704 2 247 1.01631 0
216 40956 2 270 1.01022 0
216 42208 1 266 0.897937 0
216 43460 1 250 0.850458 0
216 44712 2 282 1.05802 0
343 46750 3 386 1.70284 0
343 48788 3 345 1.60628 0
343 50826 3 344 1.60949 0
343 52864 3 409 1.6791 0
343 54902 3 457 1.55751 0
343 56940 2 357 1.15843 0
512 60036 4 517 1.83277 0
512 63132 6 564 2.9928 0
512 66228 6 681 3.02649 0
512 69324 8 872 3.44225 0
512 72420 4 516 2.04482 0
512 75516 8 817 3.78359 0
729 79986 12 781 6.89734 0
729 84456 10 900 4.85476 0
729 88926 11 786 5.56118 0
729 93396 12 738 6.67983 0
729 97866 15 1070 8.39486 0
729 102336 13 894 6.98331 0
1000 108616 23 1118 13.1694 0
1000 114896 23 1522 11.866 0
1000 121176 20 1059 10.8641 0
1000 127456 22 1217 11.6806 0
1000 133736 24 1164 13.9057 0
1000 140016 24 1112 13.4001 0
1000 146376 24 1301 12.6475 0
1000 152736 25 1598 12.66 0
1000 159096 24 1132 13.4787 0
1000 165456 19 1104 9.94564 0
1000 171816 21 1193 11.1788 0
1000 178176 25 1182 14.2396 0
1000 184616 24 1239 13.6439 0
1000 191056 24 1007 14.6702 0
1000 197496 27 1177 15.7503 0
1000 203936 27 1030 16.356 0
1000 210376 24 1014 14.0218 0
1000 216816 26 1175 16.1247 0
1331 225196 32 1406 16.4583 0
1331 233576 33 1372 17.5045 0
1331 241956 51 2584 24.5927 0
1331 250336 39 1862 20.2952 0
1331 258716 48 2422 23.2819 0
1331 267096 39 1699 20.8463 0
1331 275556 35 1366 18.9086 0
1331 284016 41 1756 22.2296 0
1331 292476 44 2311 19.5779 0
1331 300936 34 1509 18.072 0
1331 309396 39 1731 20.8473 0
1331 317856 33 1601 16.8327 0
1331 326396 38 1776 20.086 0
1331 334936 50 2238 25.1422 0
1331 343476 36 1619 19.8983 0
1331 352016 38 1608 20.668 0
1331 360556 41 1558 23.4134 0
1331 369096 39 1512 21.632 0
1331 377716 37 1711 19.2112 0
1331 386336 44 1592 26.0819 0
1331 394956 35 1475 18.3113 0
1331 403576 40 1580 22.2527 0
1331 412196 40 1721 21.238 0
1331 420816 40 1510 22.6621 0
1728 431760 78 3087 37.2899 0
1728 442704 61 1742 34.6009 0
1728 453648 59 2365 30.5353 0
1728 464592 65 2070 35.7468 0
1728 475536 65 2425 33.4668 0
1728 486480 58 2192 30.5029 0
1728 497504 65 2366 34.6108 0
1728 508528 63 2057 34.376 0
1728 519552 52 1760 27.6984 0
1728 530576 64 1921 35.442 0
1728 541600 54 2040 26.5971 0
1728 552624 56 1939 29.7035 0
1728 563728 55 1991 28.187 0
1728 574832 61 2290 31.8397 0
1728 585936 72 2407 40.0042 0
1728 597040 58 1756 32.4685 0
1728 608144 64 1804 36.5158 0
1728 619248 66 2189 33.9856 0
1728 630432 55 1926 29.4266 0
1728 641616 58 1761 31.9924 0
1728 652800 61 2064 33.9022 0
1728 663984 53 2158 26.2259 0
1728 675168 65 2119 36.5687 0
1728 686352 69 1970 39.2831 0
2197 700280 117 3711 55.1161 0
2197 714208 121 3706 57.9835 0
2197 728136 85 2267 45.0419 0
2197 742064 90 2806 44.8875 0
2197 755992 85 2615 44.2402 0
2197 769920 80 2489 39.4848 0
2197 783928 98 2820 51.8667 0
2197 797936 90 2393 48.1723 0
2197 811944 75 2231 36.8805 0
2197 825952 85 2554 42.8408 0
2197 839960 93 2412 49.2191 0
2197 853968 78 2246 39.4059 0
2197 868056 109 2456 62.5082 0
2197 882144 121 3426 62.905 0
2197 896232 112 3277 58.7817 0
2197 910320 98 3085 48.513 0
2197 924408 96 2508 52.815 0
2197 938496 119 3439 62.3365 0
2197 952664 104 2793 57.6223 0
2197 966832 118 3236 62.5579 0
2197 981000 82 2210 42.0523 0
2197 995168 96 2485 52.4557 0
2197 1009336 82 2251 42.9139 0
2197 1023504 89 2367 48.3969 0
2197 1037752 95 2537 52.5 0
2197 1052000 92 2205 50.3791 0
2197 1066248 117 3816 58.5748 0
2197 1080496 97 2485 53.0845 0
2197 1094744 106 2551 57.6111 0
2197 1108992 102 2276 58.9665 0
2197 1123320 107 2713 59.7605 0
2197 1137648 107 2450 60.8072 0
2197 1151976 87 2512 46.2263 0
2197 1166304 119 3720 62.0209 0
2197 1180632 104 3058 55.2117 0
2197 1194960 97 2280 54.359 0
