1000 6600 24 1015 14.3096 0
1000 13200 23 1017 13.3683 0
1000 19800 24 1097 13.9682 0
1000 26400 24 1053 14.3163 0
1000 33000 26 1346 14.3574 0
1000 39600 24 1045 14.0895 0
216 40938 1 244 0.852383 0
216 42276 1 231 1.02049 0
216 43614 1 231 0.832493 0
216 44952 2 227 1.17094 0
216 46290 1 224 0.920714 0
216 47628 2 237 1.09908 0
343 49802 4 359 2.29729 0
343 51976 4 399 2.45641 0
343 54150 4 360 2.35921 0
343 56324 3 403 2.01659 0
343 58498 5 433 2.88405 0
343 60672 4 373 2.23538 0
512 63974 6 521 3.14198 0
512 67276 8 634 4.9571 0
512 70578 6 563 3.44129 0
512 73880 7 561 3.93373 0
512 77182 8 624 4.54583 0
512 80484 8 648 4.4098 0
729 85246 15 920 8.58285 0
729 90008 13 747 7.50655 0
729 94770 12 829 6.56819 0
729 99532 13 797 7.39362 0
729 104294 14 966 7.96915 0
729 109056 15 798 8.98418 0
1000 115776 26 1109 15.0169 0
1000 122496 26 1103 15.9707 0
1000 129216 26 1162 15.3548 0
1000 135936 26 1076 15.8729 0
1000 142656 29 1248 17.0756 0
1000 149376 25 1147 14.7077 0
1000 156216 29 1125 17.3701 0
1000 163056 25 1089 14.8905 0
1000 169896 26 1003 16.0057 0
1000 176736 31 1336 18.9718 0
1000 183576 27 1103 16.2809 0
1000 190416 25 1354 14.0189 0
1000 197376 27 1160 16.5504 0
1000 204336 29 1079 17.7332 0
1000 211296 30 1169 18.4586 0
1000 218256 29 1025 17.8086 0
1000 225216 26 1119 15.5787 0
1000 232176 29 1112 17.8163 0
1331 241116 46 1729 27.027 0
1331 250056 38 1339 22.1732 0
1331 258996 43 1529 24.55 0
1331 267936 46 1818 26.9679 0
1331 276876 47 1755 26.9683 0
1331 285816 43 1410 25.2619 0
1331 294876 49 1415 30.6662 0
1331 303936 48 1623 28.8023 0
1331 312996 43 1641 25.013 0
1331 322056 46 1514 27.8181 0
1331 331116 46 1353 28.5585 0
1331 340176 45 1552 26.4418 0
1331 349356 47 1811 26.6494 0
1331 358536 47 1740 26.8399 0
1331 367716 46 1340 28.3157 0
1331 376896 51 1748 29.6958 0
1331 386076 48 1477 29.1093 0
1331 395256 44 1405 26.1236 0
1331 404556 45 1389 26.9234 0
1331 413856 48 1709 28.3994 0
1331 423156 47 1496 27.8694 0
1331 432456 52 1713 30.5501 0
1331 441756 51 1780 29.8889 0
1331 451056 49 1532 29.5957 0
1728 462720 72 2401 40.9221 0
1728 474384 75 2386 42.127 0
1728 486048 70 1734 41.7854 0
1728 497712 69 1998 40.6343 0
1728 509376 80 2301 47.0171 0
1728 521040 73 1760 44.2033 0
1728 532824 67 1783 39.6157 0
1728 544608 79 2216 46.7688 0
1728 556392 78 2248 46.208 0
1728 568176 86 2682 49.0349 0
1728 579960 73 2337 40.8563 0
1728 591744 71 1981 41.4661 0
1728 603648 77 2226 45.3957 0
1728 615552 82 2230 49.5171 0
1728 627456 77 2468 42.7946 0
1728 639360 77 2267 44.8609 0
1728 651264 73 1743 43.8703 0
1728 663168 73 1753 44.0679 0
1728 675192 75 1925 45.5215 0
1728 687216 76 1907 46.5436 0
1728 699240 75 1809 45.4676 0
1728 711264 78 1853 47.6693 0
1728 723288 75 2195 43.2033 0
1728 735312 77 1935 46.7723 0
2197 750120 113 2488 65.9806 0
2197 764928 120 2593 70.7625 0
2197 779736 118 2606 70.7811 0
2197 794544 130 2924 75.8803 0
2197 809352 114 2984 63.2248 0
2197 824160 127 2978 74.1345 0
2197 839088 106 2201 62.4969 0
2197 854016 170 3604 93.7152 0
2197 868944 124 2581 73.8804 0
2197 883872 110 2440 64.7856 0
2197 898800 118 2385 71.339 0
2197 913728 121 3252 66.422 0
2197 928776 110 2422 65.893 0
2197 943824 114 2206 69.239 0
2197 958872 130 3177 73.8278 0
2197 973920 130 2766 77.3952 0
2197 988968 119 2968 68.581 0
2197 1004016 115 2591 66.7595 0
2197 1019184 122 2262 75.9381 0
2197 1034352 123 3131 69.3981 0
2197 1049520 119 2360 71.5206 0
2197 1064688 120 2682 70.2213 0
2197 1079856 118 2441 70.7365 0
2197 1095024 123 2252 75.5223 0
2197 1110312 132 3288 75.6753 0
2197 1125600 113 2282 67.6013 0
2197 1140888 127 2996 75.0373 0
2197 1156176 127 2462 79.0778 0
2197 1171464 119 2458 72.2809 0
2197 1186752 126 2504 77.1565 0
2197 1202160 132 2781 77.136 0
2197 1217568 125 2503 76.4928 0
2197 1232976 120 2356 73.0332 0
2197 1248384 128 2756 77.3281 0
2197 1263792 132 2814 78.988 0
2197 1279200 139 2857 82.7289 0
