1000 5800 16 1467 5.88134 0
1000 11600 41 3334 14.3548 0
1000 17400 14 1095 5.97694 0
1000 23200 34 2362 14.2165 0
1000 29000 13 1024 5.12392 0
1000 34800 15 1077 6.93551 0
216 35966 1 310 0.781164 0
216 37132 1 258 0.717323 0
216 38298 2 328 1.01086 0
216 39464 1 247 0.642575 0
216 40630 2 353 0.955041 0
216 41796 1 259 0.65252 0
343 43696 3 396 1.29028 0
343 45596 2 374 1.23029 0
343 47496 2 375 1.08176 0
343 49396 4 575 1.88185 0
343 51296 2 356 1.17319 0
343 53196 2 396 1.31659 0
512 56088 6 803 2.19817 0
512 58980 4 560 1.81865 0
512 61872 6 707 3.02745 0
512 64764 9 1143 3.93309 0
512 67656 5 625 2.56645 0
512 70548 4 563 1.98323 0
729 74726 12 1137 5.12969 0
729 78904 14 1318 6.34138 0
729 83082 10 1126 3.74221 0
729 87260 9 839 4.3604 0
729 91438 9 1002 3.73002 0
729 95616 10 1022 4.37163 0
1000 101456 12 1028 4.64752 0
1000 107296 14 1145 5.40142 0
1000 113136 14 1356 5.15375 0
1000 118976 13 1016 4.86086 0
1000 124816 14 1053 5.57241 0
1000 130656 18 1465 5.86081 0
1000 136536 18 1271 8.64028 0
1000 142416 13 1012 5.41714 0
1000 148296 14 1240 5.01581 0
1000 154176 14 1171 5.63336 0
1000 160056 22 1466 9.74481 0
1000 165936 19 1393 7.75453 0
1000 171856 23 1573 10.8051 0
1000 177776 20 1721 7.57135 0
1000 183696 16 1329 6.94482 0
1000 189616 12 1096 4.18973 0
1000 195536 12 1023 4.02195 0
1000 201456 27 1826 11.8952 0
1331 209276 24 1383 10.8186 0
1331 217096 26 1532 10.7412 0
1331 224916 24 1438 9.92543 0
1331 232736 22 1579 7.37341 0
1331 240556 41 2071 18.1756 0
1331 248376 41 2590 15.2832 0
1331 256236 23 1380 9.31878 0
1331 264096 29 1828 10.4159 0
1331 271956 42 2426 16.4728 0
1331 279816 35 1868 16.0272 0
1331 287676 24 1447 9.42208 0
1331 295536 25 1613 9.54142 0
1331 303436 29 1456 13.6641 0
1331 311336 76 3845 32.4383 0
1331 319236 21 1359 8.29349 0
1331 327136 23 1619 7.77635 0
1331 335036 47 3199 16.816 0
1331 342936 32 1631 16.4307 0
1331 350876 26 1441 11.1862 0
1331 358816 21 1780 7.56012 0
1331 366756 26 1384 11.7242 0
1331 374696 33 2095 13.5059 0
1331 382636 25 1704 9.10641 0
1331 390576 34 1575 16.8058 0
1728 400800 42 2643 11.8759 0
1728 411024 33 2064 9.03198 0
1728 421248 59 3108 21.4696 0
1728 431472 79 3279 32.1015 0
1728 441696 47 2088 20.0908 0
1728 451920 52 2750 18.3787 0
1728 462184 29 1738 8.9505 0
1728 472448 49 2736 16.9819 0
1728 482712 35 2067 11.6071 0
1728 492976 45 2333 16.074 0
1728 503240 36 2126 11.3889 0
1728 513504 43 1839 19.045 0
1728 523808 42 1743 18.8438 0
1728 534112 42 2530 12.6096 0
1728 544416 68 2407 33.1082 0
1728 554720 38 2413 14.0693 0
1728 565024 56 2782 21.9582 0
1728 575328 47 2445 17.2671 0
1728 585672 71 4308 22.5212 0
1728 596016 34 1974 10.968 0
1728 606360 54 2097 25.0633 0
1728 616704 42 2202 16.322 0
1728 627048 42 2652 16.5494 0
1728 637392 74 4262 24.4913 0
2197 650440 63 2294 26.4842 0
2197 663488 55 2412 19.1897 0
2197 676536 125 6280 33.1056 0
2197 689584 74 4087 20.086 0
2197 702632 72 2552 31.2552 0
2197 715680 161 5865 55.7866 0
2197 728768 100 4187 37.7608 0
2197 741856 50 3244 15.7493 0
2197 754944 73 2332 34.23 0
2197 768032 83 2368 41.9243 0
2197 781120 80 2654 38.097 0
2197 794208 125 6273 39.7088 0
2197 807336 70 3417 25.6315 0
2197 820464 67 3442 17.6408 0
2197 833592 64 2649 24.8968 0
2197 846720 69 3397 22.0108 0
2197 859848 64 3199 20.3199 0
2197 872976 67 2790 23.4564 0
2197 886144 62 2309 25.4419 0
2197 899312 65 2632 26.3838 0
2197 912480 80 2927 35.4693 0
2197 925648 95 4730 30.3095 0
2197 938816 59 2762 20.2185 0
2197 951984 70 2374 31.6543 0
2197 965192 62 2310 25.149 0
2197 978400 69 2930 26.3642 0
2197 991608 90 3622 35.9377 0
2197 1004816 106 3612 43.3499 0
2197 1018024 60 2236 24.2295 0
2197 1031232 107 4201 40.7196 0
2197 1044480 76 2910 30.6736 0
2197 1057728 58 2738 20.4049 0
2197 1070976 69 2340 30.6595 0
2197 1084224 69 2715 26.7286 0
2197 1097472 69 2778 27.4068 0
2197 1110720 68 2782 26.8679 0
