1296 7200 40 2743 11.6036 0
1296 14400 21 1543 5.40334 0
1296 21600 32 2253 7.72662 0
1296 28800 22 1651 5.73602 0
1296 36000 31 1996 7.61787 0
1296 43200 24 1811 6.35582 0
256 44544 1 303 0.753895 0
256 45888 1 269 0.730155 0
256 47232 2 328 1.14432 0
256 48576 1 289 0.787259 0
256 49920 2 299 0.820944 0
256 51264 2 309 1.01439 0
625 54664 7 826 2.67296 0
625 58064 6 706 2.34638 0
625 61464 7 790 2.43364 0
625 64864 6 709 2.32777 0
625 68264 6 699 2.1231 0
625 71664 7 792 2.45513 0
625 74664 6 796 2.06888 0
625 77664 6 763 2.02365 0
625 80664 6 780 1.85234 0
625 83664 7 848 2.24436 0
625 86664 5 696 1.73396 0
625 89664 7 878 2.38263 0
625 92664 7 796 2.11091 0
625 95664 6 763 1.97071 0
625 98664 6 780 1.80582 0
625 101664 7 848 2.24661 0
625 104664 6 696 1.79876 0
625 107664 7 878 2.43267 0
1296 114144 19 1536 4.31292 0
1296 120624 21 1681 4.69276 0
1296 127104 19 1457 4.23368 0
1296 133584 29 2204 6.78153 0
1296 140064 18 1437 4.0983 0
1296 146544 27 1987 5.88616 0
1296 153024 20 1536 4.4005 0
1296 159504 21 1681 4.85701 0
1296 165984 19 1457 4.10183 0
1296 172464 29 2204 6.70004 0
1296 178944 18 1437 4.06173 0
1296 185424 27 1987 6.01448 0
1296 191904 42 3030 10.4387 0
1296 198384 21 1681 4.65779 0
1296 204864 18 1457 4.106 0
1296 211344 30 2204 6.70036 0
1296 217824 18 1437 4.07135 0
1296 224304 27 1987 6.03565 0
1296 230784 43 3030 10.7101 0
1296 237264 21 1681 4.71874 0
1296 243744 19 1457 4.29431 0
1296 250224 30 2204 7.07571 0
1296 256704 18 1437 4.07841 0
1296 263184 27 1987 6.05009 0
1296 269664 42 3030 10.5035 0
1296 276144 21 1681 4.61512 0
1296 282624 19 1457 4.14418 0
1296 289104 30 2204 6.71095 0
1296 295584 19 1437 4.28822 0
1296 302064 33 2344 7.42089 0
1296 308544 42 3030 10.6585 0
1296 315024 21 1681 4.62346 0
1296 321504 19 1457 4.10921 0
1296 327984 29 2204 6.59418 0
1296 334464 19 1437 4.30747 0
1296 340944 33 2344 7.34679 0
1296 347424 42 3030 10.4583 0
1296 353904 21 1681 4.87016 0
1296 360384 18 1457 4.05243 0
1296 366864 29 2021 6.46264 0
1296 373344 18 1437 4.10343 0
1296 379824 32 2344 7.31214 0
1296 386304 42 3030 10.4503 0
1296 392784 21 1681 4.8198 0
1296 399264 19 1457 4.1445 0
1296 405744 30 2021 6.73854 0
1296 412224 18 1437 4.18749 0
1296 418704 32 2344 7.37213 0
1296 425184 42 3030 10.6591 0
1296 431664 40 2629 8.66209 0
1296 438144 19 1457 4.20641 0
1296 444624 29 2021 6.50724 0
1296 451104 19 1437 4.1153 0
1296 457584 32 2344 7.30893 0
1296 464064 42 3030 10.5427 0
1296 470544 40 2629 8.66113 0
1296 477024 19 1457 4.20738 0
1296 483504 29 2021 6.5868 0
1296 489984 18 1437 4.1445 0
1296 496464 33 2344 7.48858 0
1296 502944 42 3030 10.678 0
1296 509424 40 2629 8.72593 0
1296 515904 19 1457 4.19551 0
1296 522384 30 2021 6.74977 0
1296 528864 18 1437 4.23464 0
1296 535344 34 2344 7.74844 0
1296 541824 43 3030 10.8834 0
1296 548304 40 2629 8.90591 0
1296 554784 19 1457 4.22951 0
1296 561264 30 2021 6.81585 0
1296 567744 18 1437 4.24748 0
1296 574224 32 2344 7.36347 0
2401 586572 66 3112 10.0656 0
2401 598920 126 5220 16.6088 0
2401 611268 134 5354 21.4985 0
2401 623616 63 3008 9.57318 0
2401 635964 79 3690 12.3841 0
2401 648312 71 3345 10.9847 0
2401 660660 65 3112 10.03 0
2401 673008 126 5220 16.6171 0
2401 685356 245 9185 37.5 0
2401 697704 62 3008 9.62034 0
2401 710052 79 3690 12.5015 0
2401 722400 72 3345 11.1477 0
2401 734748 72 3402 10.6986 0
2401 747096 126 5220 16.654 0
2401 759444 243 9185 36.783 0
2401 771792 62 3008 9.69188 0
2401 784140 77 3690 12.0331 0
2401 796488 83 3863 12.4835 0
