1296 7718 29 2027 8.63162 0
1296 15436 23 1718 8.66979 0
1296 23154 22 1494 7.55659 0
1296 30872 21 1510 7.55403 0
1296 38590 21 1899 6.63331 0
1296 46308 25 1746 9.43973 0
256 47754 2 315 1.1055 0
256 49200 2 312 0.882538 0
256 50646 1 266 0.847891 0
256 52092 1 271 0.765444 0
256 53538 2 345 1.00797 0
256 54984 1 267 0.825114 0
625 58634 7 744 3.03355 0
625 62284 5 640 2.05829 0
625 65934 6 634 2.74642 0
625 69584 6 655 2.60046 0
625 73234 7 713 3.41498 0
625 76884 6 649 2.26938 0
625 80324 7 841 2.9928 0
625 83764 7 732 3.32901 0
625 87204 5 641 2.27099 0
625 90644 8 994 3.23052 0
625 94084 6 683 2.62516 0
625 97524 7 798 3.14102 0
625 101004 6 697 2.38776 0
625 104484 7 739 3.0406 0
625 107964 9 835 4.05531 0
625 111444 6 667 2.94885 0
625 114924 6 659 2.18116 0
625 118404 7 778 3.06049 0
1296 125404 20 1562 6.43121 0
1296 132404 20 1503 6.04463 0
1296 139404 23 1905 7.38015 0
1296 146404 23 1746 7.24509 0
1296 153404 18 1547 5.16627 0
1296 160404 28 2164 8.48661 0
1296 167444 25 1714 8.5713 0
1296 174484 18 1353 5.84253 0
1296 181524 38 3014 10.3826 0
1296 188564 25 1769 7.65925 0
1296 195604 33 2452 10.4865 0
1296 202644 21 1817 6.31283 0
1296 209724 23 1824 6.83093 0
1296 216804 22 1652 7.44752 0
1296 223884 27 2171 8.67589 0
1296 230964 21 1738 6.73501 0
1296 238044 22 1554 6.88579 0
1296 245124 18 1386 5.47937 0
1296 252244 25 2039 7.00577 0
1296 259364 21 1631 7.58932 0
1296 266484 26 1908 8.44042 0
1296 273604 22 1984 6.88194 0
1296 280724 22 1539 7.31086 0
1296 287844 27 1835 10.2844 0
1296 295004 20 1445 7.44078 0
1296 302164 18 1361 5.86242 0
1296 309324 18 1368 5.52942 0
1296 316484 19 1464 6.28171 0
1296 323644 19 1453 6.65834 0
1296 330804 20 1622 6.32406 0
1296 338004 19 1324 6.65128 0
1296 345204 36 2401 13.1335 0
1296 352404 18 1322 5.96924 0
1296 359604 17 1329 5.27791 0
1296 366804 19 1471 6.25605 0
1296 374004 34 2031 12.285 0
1296 381244 20 1409 6.67341 0
1296 388484 19 1751 6.3911 0
1296 395724 28 2077 9.24821 0
1296 402964 20 1482 6.51879 0
1296 410204 20 1589 7.18253 0
1296 417444 21 1653 6.6192 0
1296 424724 18 1313 6.12836 0
1296 432004 25 1890 7.54472 0
1296 439284 21 1643 7.25247 0
1296 446564 20 1327 7.27236 0
1296 453844 20 1554 6.71833 0
1296 461124 20 1586 6.30385 0
1296 468444 20 1517 6.85307 0
1296 475764 21 1671 6.69363 0
1296 483084 21 1676 7.63936 0
1296 490404 27 1924 10.2636 0
1296 497724 19 1389 6.4203 0
1296 505044 26 1955 9.36658 0
1296 512404 20 1416 7.4087 0
1296 519764 19 1369 6.37827 0
1296 527124 20 1608 6.33143 0
1296 534484 21 1690 7.22552 0
1296 541844 18 1299 5.71709 0
1296 549204 20 1473 6.94674 0
1296 556604 19 1319 6.79821 0
1296 564004 20 1336 6.99101 0
1296 571404 30 1892 13.1245 0
1296 578804 19 1345 6.68657 0
1296 586204 24 1629 8.31755 0
1296 593604 18 1304 6.06452 0
1296 601044 24 1649 9.84587 0
1296 608484 23 1665 7.88285 0
1296 615924 21 1620 8.3153 0
1296 623364 20 1334 7.83217 0
1296 630804 22 1692 7.34486 0
1296 638244 22 1682 7.25215 0
2401 651592 65 2974 16.5202 0
2401 664940 68 2829 21.076 0
2401 678288 89 4163 20.6317 0
2401 691636 120 4861 35.3397 0
2401 704984 66 3316 17.3142 0
2401 718332 154 6917 37.2745 0
2401 731720 64 3567 17.4567 0
2401 745108 77 3785 20.4068 0
2401 758496 87 4147 24.3579 0
2401 771884 77 3873 17.227 0
2401 785272 54 2526 14.5312 0
2401 798660 158 6136 43.3563 0
2401 812088 52 2587 12.2298 0
2401 825516 85 3515 21.3099 0
2401 838944 56 2643 14.5563 0
2401 852372 69 3687 15.8969 0
2401 865800 79 3272 24.1776 0
2401 879228 70 3108 20.9509 0
