1296 8754 40 1670 22.2794 0
1296 17508 35 1313 19.7196 0
1296 26262 37 1305 21.7247 0
1296 35016 37 1399 21.3333 0
1296 43770 39 1319 22.8514 0
1296 52524 36 1534 19.6064 0
256 54174 2 273 1.12924 0
256 55824 2 266 1.20238 0
256 57474 2 267 1.16709 0
256 59124 2 298 1.32621 0
256 60774 2 284 1.36503 0
256 62424 2 284 1.14303 0
625 66574 10 648 6.00389 0
625 70724 10 651 5.37671 0
625 74874 11 632 6.44051 0
625 79024 9 714 4.62924 0
625 83174 10 631 5.73089 0
625 87324 11 713 6.28973 0
625 91644 12 685 7.38368 0
625 95964 12 629 7.22424 0
625 100284 11 751 6.45847 0
625 104604 11 626 6.74688 0
625 108924 11 721 6.75009 0
625 113244 13 632 8.08143 0
625 117684 12 641 7.40132 0
625 122124 12 654 7.14019 0
625 126564 11 635 6.56402 0
625 131004 11 676 7.08308 0
625 135444 13 688 7.92616 0
625 139884 12 714 7.49532 0
1296 147924 31 1455 15.9993 0
1296 155964 32 1385 16.9626 0
1296 164004 30 1340 15.3378 0
1296 172044 33 1620 16.3653 0
1296 180084 33 1546 17.6155 0
1296 188124 30 1547 15.5466 0
1296 196284 31 1390 16.4718 0
1296 204444 36 1521 19.2397 0
1296 212604 37 1746 19.3379 0
1296 220764 30 1333 15.373 0
1296 228924 36 1653 19.5012 0
1296 237084 33 1506 16.9325 0
1296 245364 38 1526 21.8809 0
1296 253644 35 1575 18.7361 0
1296 261924 35 1462 19.1294 0
1296 270204 31 1301 16.8898 0
1296 278484 38 1351 22.4917 0
1296 286764 37 1546 20.2695 0
1296 295164 37 1585 20.4488 0
1296 303564 35 1301 19.7751 0
1296 311964 41 1552 23.2389 0
1296 320364 36 1638 18.7669 0
1296 328764 39 1637 22.3509 0
1296 337164 35 1522 19.1836 0
1296 345684 39 1434 22.2749 0
1296 354204 37 1511 21.1787 0
1296 362724 40 1459 23.2742 0
1296 371244 36 1461 20.0148 0
1296 379764 37 1312 21.7189 0
1296 388284 35 1329 19.6654 0
1296 396924 40 1574 22.9065 0
1296 405564 43 1500 25.6879 0
1296 414204 42 1652 23.4282 0
1296 422844 37 1377 21.9015 0
1296 431484 40 1623 24.0425 0
1296 440124 39 1436 23.1083 0
1296 448884 41 1296 25.2455 0
1296 457644 41 1385 24.5908 0
1296 466404 41 1337 24.3495 0
1296 475164 40 1323 23.8102 0
1296 483924 40 1369 23.4696 0
1296 492684 42 1298 25.2709 0
1296 501564 45 1661 26.2673 0
1296 510444 40 1451 23.6845 0
1296 519324 48 1648 28.8684 0
1296 528204 41 1498 23.3287 0
1296 537084 44 1579 26.1188 0
1296 545964 48 1704 29.1841 0
1296 554964 46 1330 29.2636 0
1296 563964 44 1394 27.2496 0
1296 572964 45 1332 28.3237 0
1296 581964 43 1411 25.8862 0
1296 590964 41 1346 24.5738 0
1296 599964 46 1305 28.5283 0
1296 609084 49 1577 30.0788 0
1296 618204 45 1495 27.6012 0
1296 627324 47 1518 28.5585 0
1296 636444 48 1362 29.6496 0
1296 645564 44 1373 26.9943 0
1296 654684 48 1392 29.8988 0
1296 663924 47 1369 29.4972 0
1296 673164 47 1353 29.6278 0
1296 682404 49 1487 30.2312 0
1296 691644 46 1301 28.8777 0
1296 700884 48 1408 30.1375 0
1296 710124 49 1530 30.6146 0
1296 719484 49 1377 30.9844 0
1296 728844 48 1438 30.2569 0
1296 738204 46 1387 28.2746 0
1296 747564 51 1399 32.054 0
1296 756924 50 1596 31.3761 0
1296 766284 48 1311 30.6479 0
2401 781632 119 3249 60.6603 0
2401 796980 115 2897 63.0256 0
2401 812328 111 2785 61.0764 0
2401 827676 110 2512 60.7687 0
2401 843024 104 2891 53.6375 0
2401 858372 105 2660 57.0211 0
2401 873840 140 3539 72.5032 0
2401 889308 126 3033 69.726 0
2401 904776 124 2935 67.4916 0
2401 920244 116 2920 63.1879 0
2401 935712 113 2549 62.7927 0
2401 951180 116 2567 65.3852 0
2401 966768 121 3109 66.2632 0
2401 982356 121 2514 68.496 0
2401 997944 114 2925 61.197 0
2401 1013532 123 2611 70.0471 0
2401 1029120 114 2719 62.6342 0
2401 1044708 118 2557 66.6825 0
