1296 8236 31 1374 16.4134 0
1296 16472 21 1328 8.46929 0
1296 24708 34 1663 17.1131 0
1296 32944 26 1351 11.9472 0
1296 41180 32 1460 16.2995 0
1296 49416 32 1613 16.22 0
256 50964 1 270 0.807149 0
256 52512 2 272 1.20719 0
256 54060 1 262 0.888313 0
256 55608 2 261 0.977818 0
256 57156 1 275 0.878047 0
256 58704 1 261 0.727589 0
625 62604 7 708 3.34601 0
625 66504 6 629 2.76952 0
625 70404 8 735 4.13167 0
625 74304 8 694 4.11178 0
625 78204 7 816 3.22282 0
625 82104 6 667 2.82278 0
625 85984 10 749 5.43382 0
625 89864 9 696 4.66132 0
625 93744 10 743 5.6016 0
625 97624 8 656 4.54198 0
625 101504 10 826 5.53231 0
625 105384 9 686 5.22497 0
625 109344 9 701 4.69211 0
625 113304 10 701 5.33501 0
625 117264 9 631 5.30646 0
625 121224 10 680 5.81237 0
625 125184 8 636 4.22021 0
625 129144 9 626 5.31223 0
1296 136664 29 1615 13.7215 0
1296 144184 22 1310 9.47085 0
1296 151704 25 1827 10.3037 0
1296 159224 22 1712 7.46228 0
1296 166744 24 1454 10.533 0
1296 174264 20 1588 7.58579 0
1296 181864 22 1431 9.30691 0
1296 189464 27 1594 11.4759 0
1296 197064 29 1498 13.4014 0
1296 204664 29 1880 11.9898 0
1296 212264 27 1472 12.9699 0
1296 219864 23 1306 9.72011 0
1296 227544 26 1546 11.4768 0
1296 235224 24 1373 11.0672 0
1296 242904 28 1435 13.4963 0
1296 250584 24 1397 10.5491 0
1296 258264 25 1392 11.2536 0
1296 265944 29 1482 14.1296 0
1296 273704 28 1362 14.0465 0
1296 281464 31 1703 15.8318 0
1296 289224 27 1323 12.6674 0
1296 296984 26 1337 12.8717 0
1296 304744 28 1338 14.2345 0
1296 312504 25 1398 11.8102 0
1296 320344 28 1663 12.5198 0
1296 328184 29 1465 14.8306 0
1296 336024 29 1748 13.0722 0
1296 343864 29 1411 14.8954 0
1296 351704 28 1548 13.9201 0
1296 359544 25 1325 12.0918 0
1296 367464 28 1315 14.1537 0
1296 375384 39 2079 19.6009 0
1296 383304 37 1763 19.0931 0
1296 391224 28 1486 13.581 0
1296 399144 28 1327 13.7873 0
1296 407064 35 1698 18.3934 0
1296 415064 33 1559 16.2639 0
1296 423064 31 1618 15.4863 0
1296 431064 33 1556 17.4849 0
1296 439064 30 1592 14.5701 0
1296 447064 32 1407 17.4368 0
1296 455064 32 1545 15.8119 0
1296 463144 32 1516 16.3557 0
1296 471224 33 1620 16.3316 0
1296 479304 31 1654 15.3817 0
1296 487384 34 1522 18.0771 0
1296 495464 39 1412 22.3448 0
1296 503544 35 1510 19.3158 0
1296 511704 32 1306 17.5115 0
1296 519864 33 1363 18.4724 0
1296 528024 34 1609 17.5507 0
1296 536184 32 1328 17.1522 0
1296 544344 32 1340 17.3117 0
1296 552504 38 1407 21.6207 0
1296 560744 37 1379 21.0427 0
1296 568984 35 1335 19.7222 0
1296 577224 33 1299 18.8625 0
1296 585464 34 1539 18.0004 0
1296 593704 32 1592 16.1892 0
1296 601944 39 1531 21.1909 0
1296 610264 35 1458 19.1018 0
1296 618584 38 1402 21.5242 0
1296 626904 40 1736 22.2168 0
1296 635224 32 1300 17.0878 0
1296 643544 36 1525 19.642 0
1296 651864 41 1470 24.5125 0
1296 660264 41 1643 23.9559 0
1296 668664 38 1360 22.1806 0
1296 677064 33 1400 18.107 0
1296 685464 40 1716 21.9088 0
1296 693864 36 1584 19.5259 0
1296 702264 36 1397 20.5284 0
2401 716612 86 3075 37.1975 0
2401 730960 93 3657 34.701 0
2401 745308 64 2414 23.0153 0
2401 759656 72 3067 25.2911 0
2401 774004 93 3154 40.8528 0
2401 788352 82 2476 37.7977 0
2401 802780 93 2956 43.587 0
2401 817208 102 3185 46.1531 0
2401 831636 94 3076 37.8892 0
2401 846064 78 2906 31.4852 0
2401 860492 85 2647 38.6902 0
2401 874920 81 2573 35.8931 0
2401 889428 93 3724 36.3243 0
2401 903936 100 3212 47.018 0
2401 918444 77 2978 27.9721 0
2401 932952 78 2438 34.5688 0
2401 947460 93 3144 43.1334 0
2401 961968 83 2456 38.6931 0
