1000 20094 77 1025 56.1822 0
1000 40170 87 1028 64.7589 0
1000 60264 72 1021 52.1506 0
1000 80354 78 1037 56.3355 0
1000 100442 78 1077 57.0474 0
1000 120518 74 1028 53.8156 0
200 121404 1 204 0.742988 0
200 122292 1 206 0.674656 0
200 123176 1 203 0.702887 0
200 124074 1 224 0.632309 0
200 124948 1 220 0.668881 0
200 125850 1 208 0.683959 0
400 129120 7 409 5.08863 0
400 132424 7 423 4.98437 0
400 135730 6 405 4.16792 0
400 139024 7 402 4.7829 0
400 142302 8 415 5.32571 0
400 145592 7 400 4.473 0
600 152870 22 610 15.331 0
600 160152 20 600 14.2101 0
600 167442 21 603 15.2319 0
600 174728 21 624 14.8963 0
600 182030 22 642 15.34 0
600 189324 21 617 14.8434 0
800 202184 43 832 31.2722 0
800 215062 43 860 31.3784 0
800 227940 41 806 29.1254 0
800 240818 44 826 31.6148 0
800 253692 44 804 31.2363 0
800 266564 43 803 30.5215 0
1100 290832 88 1109 64.9379 0
1100 315106 91 1159 67.3915 0
1100 339384 91 1117 66.9834 0
1100 363652 90 1173 65.9652 0
1100 387940 91 1132 67.062 0
1100 412202 91 1187 67.2497 0
1200 441064 112 1223 83.7876 0
1200 469924 108 1248 79.8971 0
1200 498782 112 1216 82.9333 0
1200 527654 112 1260 82.4912 0
1200 556540 111 1222 82.521 0
1200 585412 111 1231 81.5913 0
1300 619276 131 1318 97.7892 0
1300 653152 134 1340 99.5077 0
1300 687016 137 1325 102.074 0
1300 720876 133 1319 98.168 0
1300 754750 133 1319 98.8064 0
1300 788628 129 1308 95.8082 0
1400 827898 156 1419 115.618 0
1400 867174 159 1416 118.447 0
1400 906426 154 1400 114.427 0
1400 945686 158 1405 118.378 0
1400 984962 152 1402 113.068 0
1400 1024236 164 1482 123.247 0
1500 1069308 180 1525 134.005 0
1500 1114388 180 1539 134.518 0
1500 1159436 185 1512 138.152 0
1500 1204492 184 1501 138.025 0
1500 1249558 185 1582 138.306 0
1500 1294638 180 1534 134.373 0
1600 1345906 208 1613 154.777 0
1600 1397170 209 1606 156.128 0
1600 1448416 215 1615 162.023 0
1600 1499664 208 1611 155.497 0
1600 1550938 212 1651 159.393 0
1600 1602210 212 1685 159.257 0
1700 1660080 237 1710 178.368 0
1700 1717944 240 1760 179.711 0
1700 1775796 242 1737 182.468 0
1700 1833650 241 1712 181.342 0
1700 1891520 244 1720 183.271 0
1700 1949388 235 1713 176.005 0
1800 2014246 272 1838 204.319 0
1800 2079130 264 1812 198.473 0
1800 2143992 269 1807 201.421 0
1800 2208848 258 1801 192.788 0
1800 2273706 274 1836 206.376 0
1800 2338580 277 1846 210.017 0
1900 2410854 302 1939 227.473 0
1900 2483124 295 1915 221.218 0
1900 2555372 298 1901 223.389 0
1900 2627626 306 1900 231.715 0
1900 2699888 302 1951 227.64 0
1900 2772166 295 1901 221.532 0
2000 2852246 338 2012 254.117 0
2000 2932314 343 2068 259.931 0
2000 3012366 342 2006 258.962 0
2000 3092426 341 2010 257.605 0
2000 3172492 342 2024 258.301 0
2000 3252564 341 2022 257.356 0
2100 3340832 377 2109 284.511 0
2100 3429104 381 2110 287.687 0
2100 3517362 369 2100 278.027 0
2100 3605620 377 2119 284.956 0
2100 3693890 378 2101 285.703 0
2100 3782168 380 2225 287.767 0
2200 3879022 424 2205 321.697 0
2200 3975876 410 2216 310.83 0
2200 4072726 420 2269 318.027 0
2200 4169594 411 2233 310.558 0
2200 4266456 408 2206 308.544 0
2200 4363320 416 2310 314.977 0
2300 4469180 465 2323 353.027 0
2300 4575014 472 2324 359.169 0
2300 4680862 460 2330 348.783 0
2300 4786712 446 2301 336.414 0
2300 4892562 461 2317 349.597 0
2300 4998422 466 2367 352.843 0
2400 5113676 495 2400 374.364 0
2400 5228914 497 2401 375.943 0
2400 5344168 500 2470 378.904 0
2400 5459408 493 2402 370.925 0
2400 5574662 498 2405 377.651 0
2400 5689914 497 2432 376.255 0
2500 5814966 539 2506 409.856 0
2500 5940024 551 2521 419.444 0
2500 6065070 554 2517 420.861 0
2500 6190128 547 2568 413.978 0
2500 6315172 558 2564 425.075 0
2500 6440224 566 2618 432.745 0
2600 6575482 593 2604 451.33 0
2600 6710732 603 2638 459.934 0
2600 6845972 577 2608 437.682 0
2600 6981234 587 2602 444.179 0
2600 7116472 597 2617 453.435 0
2600 7251728 605 2609 461.021 0
2700 7397586 648 2751 492.428 0
2700 7543424 645 2767 491.216 0
2700 7689252 643 2756 489.065 0
2700 7835098 651 2800 496.683 0
2700 7980932 650 2726 495.979 0
2700 8126790 649 2706 496.724 0
