1000 99916 141 1012 102.289 0
1000 199830 151 1019 112.049 0
1000 299748 147 1012 108.102 0
1000 399660 137 1006 99.2411 0
1000 499580 146 1006 106.696 0
1000 599490 143 1011 103.905 0
200 603494 5 213 3.33959 0
200 607488 5 212 3.50353 0
200 611482 4 200 3.20935 0
200 615484 5 202 3.5016 0
200 619488 4 200 3.19427 0
200 623488 5 202 3.62351 0
400 639468 22 418 15.4526 0
400 655452 20 404 14.2403 0
400 671432 20 409 14.1752 0
400 687402 21 404 15.2713 0
400 703384 21 407 15.1129 0
400 719362 22 407 15.9098 0
600 755316 51 629 37.4272 0
600 791274 49 613 35.2377 0
600 827228 48 601 34.2563 0
600 863192 47 607 33.6779 0
600 899150 47 606 33.6673 0
600 935116 52 619 37.3598 0
800 999060 90 811 65.0114 0
800 1063004 91 838 65.6344 0
800 1126940 90 813 65.8301 0
800 1190876 93 809 68.5297 0
800 1254820 91 817 65.8189 0
800 1318758 91 812 65.704 0
1100 1439672 174 1133 126.964 0
1100 1560580 178 1133 130.383 0
1100 1681482 179 1143 132.261 0
1100 1802386 183 1140 135.641 0
1100 1923290 171 1111 124.848 0
1100 2044200 178 1106 130.293 0
1200 2188102 209 1229 153.37 0
1200 2331992 218 1217 161.369 0
1200 2475882 197 1200 142.086 0
1200 2619774 212 1234 155.891 0
1200 2763672 216 1245 159.748 0
1200 2907570 204 1200 147.774 0
1300 3076462 256 1322 189.473 0
1300 3245344 252 1317 186.098 0
1300 3414230 252 1346 185.142 0
1300 3583128 249 1318 183.046 0
1300 3752012 242 1305 175.873 0
1300 3920904 239 1309 174.014 0
1400 4116786 281 1408 205.552 0
1400 4312658 284 1416 207.319 0
1400 4508530 284 1421 207.686 0
1400 4704416 288 1419 210.909 0
1400 4900294 297 1446 220.174 0
1400 5096168 286 1420 209.617 0
1500 5321038 343 1525 254.179 0
1500 5545910 336 1530 247.083 0
1500 5770774 336 1507 248.699 0
1500 5995644 340 1549 252.299 0
1500 6220512 322 1503 234.268 0
1500 6445382 335 1528 246.699 0
1600 6701244 378 1611 278.577 0
1600 6957106 390 1638 289.581 0
1600 7212958 386 1608 285.791 0
1600 7468820 385 1616 283.06 0
1600 7724676 407 1636 299.584 0
1600 7980544 408 1634 304.73 0
1700 8269390 450 1702 329.345 0
1700 8558240 444 1743 329.604 0
1700 8847086 436 1708 322.238 0
1700 9135932 434 1724 320.074 0
1700 9424780 442 1749 329.132 0
1700 9713632 432 1711 318.969 0
1800 10037474 497 1848 370.443 0
1800 10361314 471 1804 345.273 0
1800 10685156 483 1819 357.922 0
1800 11008998 478 1824 352.707 0
1800 11332840 476 1817 350.517 0
1800 11656680 454 1804 329.897 0
1900 12017516 561 1947 418.406 0
1900 12378344 516 1900 376.327 0
1900 12739172 561 1926 419.555 0
1900 13100004 552 1941 410.059 0
1900 13460832 536 1921 395.472 0
1900 13821656 559 1908 418.646 0
2000 14221474 572 2000 417.684 0
2000 14621296 624 2033 466.676 0
2000 15021116 606 2007 449.917 0
2000 15420932 597 2027 441.039 0
2000 15820752 616 2042 459.29 0
2000 16220574 617 2004 461.817 0
2100 16661384 661 2120 488.318 0
2100 17102196 684 2125 510.977 0
2100 17543004 643 2100 472.473 0
2100 17983810 666 2120 494.74 0
2100 18424616 688 2162 515.45 0
2100 18865424 655 2105 483.175 0
2200 19349224 729 2237 539.712 0
2200 19833022 759 2254 568.679 0
2200 20316818 760 2261 568.871 0
2200 20800610 736 2223 548.387 0
2200 21284410 725 2221 536.774 0
2200 21768212 731 2224 542.539 0
2300 22296994 793 2310 587.318 0
2300 22825778 792 2320 585.87 0
2300 23354562 785 2318 578.52 0
2300 23883344 826 2346 617.887 0
2300 24412134 790 2315 584.431 0
2300 24940916 798 2314 591.499 0
2400 25516696 889 2436 662.924 0
2400 26092478 888 2432 662.784 0
2400 26668254 843 2406 620.382 0
2400 27244026 892 2429 668.059 0
2400 27819806 897 2450 670.888 0
2400 28395574 884 2412 659.363 0
2500 29020342 930 2509 686.363 0
2500 29645108 936 2509 691.896 0
2500 30269874 947 2533 703.349 0
2500 30894644 949 2541 702.817 0
2500 31519412 947 2524 703.857 0
2500 32144182 960 2515 716.159 0
2600 32819942 1016 2603 751.551 0
2600 33495704 1009 2620 746.154 0
2600 34171464 1023 2639 759.91 0
2600 34847228 1050 2647 786.78 0
2600 35522992 1056 2654 789.671 0
2600 36198754 1053 2654 788.421 0
2700 36927502 1135 2725 853.729 0
2700 37656260 1110 2733 827.138 0
2700 38385006 1140 2753 853.426 0
2700 39113758 1074 2703 791.533 0
2700 39842508 1137 2758 850.299 0
2700 40571252 1121 2705 838.031 0
