1000 199806 205 1000 144.198 0
1000 399616 223 1014 162.701 0
1000 599420 204 1001 144.573 0
1000 799226 218 1020 158.037 0
1000 999034 212 1009 152.173 0
1000 1198840 202 1001 141.973 0
200 1206806 7 204 5.21984 0
200 1214776 7 202 5.20765 0
200 1222742 7 208 5.18648 0
200 1230714 7 202 5.33405 0
200 1238676 8 203 5.48579 0
200 1246646 7 201 5.08125 0
400 1278572 31 408 22.2133 0
400 1310496 30 407 21.2172 0
400 1342426 35 409 25.0768 0
400 1374352 31 406 22.0256 0
400 1406280 32 406 22.407 0
400 1438206 30 407 20.7575 0
600 1510090 75 612 53.454 0
600 1581978 71 604 49.7596 0
600 1653864 71 604 49.8671 0
600 1725746 78 614 56.7911 0
600 1797636 72 606 50.8369 0
600 1869532 74 610 51.8535 0
800 1997382 143 819 103.713 0
800 2125230 135 809 96.6558 0
800 2253082 137 815 98.4144 0
800 2380934 132 815 93.159 0
800 2508782 133 803 95.1011 0
800 2636632 128 800 89.572 0
1100 2878416 261 1108 189.076 0
1100 3120208 266 1105 193.546 0
1100 3362006 246 1100 174.258 0
1100 3603794 245 1106 173.133 0
1100 3845584 263 1121 189.398 0
1100 4087378 267 1131 194.049 0
1200 4375144 324 1218 237.37 0
1200 4662914 322 1212 236.211 0
1200 4950678 326 1226 238.198 0
1200 5238444 299 1207 213.454 0
1200 5526212 304 1216 218.337 0
1200 5813986 315 1224 228.051 0
1300 6151734 355 1306 253.804 0
1300 6489484 377 1316 275.286 0
1300 6827226 378 1328 276.191 0
1300 7164976 344 1303 242.708 0
1300 7502722 363 1308 261.193 0
1300 7840468 357 1308 255.776 0
1400 8232196 436 1417 317.066 0
1400 8623926 445 1436 326.384 0
1400 9015648 438 1422 320.187 0
1400 9407376 439 1417 321.734 0
1400 9799100 416 1410 299.066 0
1400 10190828 408 1404 291.69 0
1500 10640538 466 1500 332.19 0
1500 11090246 468 1503 333.304 0
1500 11539950 486 1513 351.451 0
1500 11989658 498 1529 362.278 0
1500 12439360 475 1502 339.474 0
1500 12889066 485 1507 350.195 0
1600 13400752 535 1600 381.347 0
1600 13912442 582 1630 427.278 0
1600 14424130 560 1616 405.612 0
1600 14935818 567 1616 413.091 0
1600 15447502 581 1611 426.385 0
1600 15959192 548 1602 394.056 0
1700 16536856 612 1706 439.74 0
1700 17114528 656 1725 482.253 0
1700 17692196 633 1712 457.984 0
1700 18269866 637 1721 464.418 0
1700 18847534 661 1710 486.572 0
1700 19425204 609 1710 435.914 0
1800 20072854 745 1836 548.645 0
1800 20720506 737 1828 542.585 0
1800 21368154 706 1813 511.672 0
1800 22015800 696 1809 501.144 0
1800 22663446 723 1814 527.794 0
1800 23311096 709 1811 515.115 0
1900 24032726 820 1920 604.052 0
1900 24754350 811 1935 594.516 0
1900 25475982 780 1905 564.122 0
1900 26197612 766 1901 549.501 0
1900 26919238 786 1911 569.316 0
1900 27640870 760 1901 546.037 0
2000 28440480 907 2012 668.503 0
2000 29240090 891 2000 653.055 0
2000 30039698 908 2015 667.994 0
2000 30839306 893 2023 653.717 0
2000 31638912 836 2002 598.511 0
2000 32438526 910 2016 670.356 0
2100 33320112 990 2117 723.805 0
2100 34201702 1005 2101 743.051 0
2100 35083294 964 2114 699.452 0
2100 35964878 967 2116 702.854 0
2100 36846466 982 2101 718.246 0
2100 37728058 985 2111 720.122 0
2200 38695624 1114 2227 823.706 0
2200 39663198 1049 2207 761.567 0
2200 40630766 1038 2213 750.345 0
2200 41598328 1060 2208 770.595 0
2200 42565896 1103 2216 812.161 0
2200 43533466 1017 2200 729.649 0
2300 44591012 1131 2302 817.32 0
2300 45648560 1147 2306 832.156 0
2300 46706110 1216 2329 896.011 0
2300 47763658 1178 2320 861.555 0
2300 48821212 1161 2312 845.214 0
2300 49878764 1246 2307 928.839 0
2400 51030294 1308 2418 961.711 0
2400 52181822 1362 2400 1015.69 0
2400 53333356 1254 2404 908.971 0
2400 54484888 1311 2430 962.526 0
2400 55636414 1261 2404 918.61 0
2400 56787942 1348 2408 1003.55 0
2500 58037450 1423 2515 1049.17 0
2500 59286960 1348 2501 975.366 0
2500 60536466 1439 2523 1064.89 0
2500 61785972 1336 2500 964.159 0
2500 63035478 1476 2529 1102.23 0
2500 64284986 1486 2548 1106.66 0
2600 65636476 1465 2603 1061.07 0
2600 66987968 1507 2622 1101.45 0
2600 68339460 1501 2612 1096.41 0
2600 69690948 1497 2620 1092.57 0
2600 71042436 1466 2604 1064.23 0
2600 72393920 1470 2604 1066.79 0
2700 73851394 1671 2720 1234.43 0
2700 75308860 1692 2708 1253.63 0
2700 76766328 1589 2710 1156.83 0
2700 78223800 1601 2709 1166.27 0
2700 79681270 1689 2704 1254 0
2700 81138742 1586 2707 1149.67 0
