1024 3968 416 31315 108.446 0
1024 7936 428 34704 101.723 0
1024 11904 336 28852 69.0385 0
1024 15872 315 26345 73.8066 0
1024 19840 24 2109 5.12039 0
1024 23808 17 1637 3.64789 0
196 24536 1 255 0.459074 0
196 25264 1 211 0.435655 0
196 25992 9 1622 3.69794 0
196 26720 1 225 0.396196 0
196 27448 2 433 1.12282 0
196 28176 2 475 0.879972 0
400 29696 38 5573 11.0258 0
400 31216 61 7891 21.0924 0
400 32736 2 477 0.873877 0
400 34256 2 408 0.712832 0
400 35776 18 2543 6.36384 0
400 37296 4 615 1.58992 0
576 39504 173 18326 56.5023 0
576 41712 74 8631 20.4774 0
576 43920 106 13173 27.6744 0
576 46128 77 9631 20.1521 0
576 48336 8 1018 2.33098 0
576 50544 62 7731 17.2347 0
784 53568 90 9685 20.623 0
784 56592 31 2835 9.21292 0
784 59616 334 31493 91.3031 0
784 62640 65 7227 15.7638 0
784 65664 50 5392 11.7851 0
784 68688 7 843 1.86036 0
1089 72912 1589 127198 332.409 0
1089 77136 17 1559 3.65623 0
1089 81360 15 1381 3.3088 0
1089 85584 15 1439 3.33927 0
1089 89808 71 6487 13.3087 0
1089 94032 343 25954 82.4934 0
1225 98792 20 1776 3.86668 0
1225 103552 962 73737 190.16 0
1225 108312 1424 106162 296.073 0
1225 113072 360 29279 67.8464 0
1225 117832 87 5926 21.4818 0
1225 122592 144 11241 26.0918 0
1296 127632 330 21870 74.9837 0
1296 132672 154 12786 27.4331 0
1296 137712 368 27385 72.3486 0
1296 142752 104 9166 17.3065 0
1296 147792 16 1316 3.21993 0
1296 152832 1536 106207 308.229 0
1369 158160 208 15922 32.857 0
1369 163488 336 22388 67.5374 0
1369 168816 322 23553 55.188 0
1369 174144 822 51738 171.162 0
1369 179472 381 28737 60.2753 0
1369 184800 18 1476 3.72296 0
1521 190728 1251 80071 248.711 0
1521 196656 617 40918 95.6815 0
1521 202584 948 60246 170.099 0
1521 208512 209 15937 37.2645 0
1521 214440 21 1560 3.61645 0
1521 220368 2602 163663 468.062 0
1600 226608 1258 69040 277.023 0
1600 232848 40 2764 6.77928 0
1600 239088 1910 111554 367.645 0
1600 245328 2224 119254 513.603 0
1600 251568 7970 436241 1702.81 0
1600 257808 36 2571 6.27594 0
1681 264368 247 15234 44.817 0
1681 270928 850 48451 152.884 0
1681 277488 481 27528 91.4237 0
1681 284048 2560 158586 394.817 0
1681 290608 440 24649 90.4796 0
1681 297168 99 6970 15.562 0
1764 304056 938 56962 150.672 0
1764 310944 6738 367464 1224.21 0
1764 317832 1209 72501 171.236 0
1764 324720 2586 148732 425.422 0
1764 331608 801 49453 111.213 0
1764 338496 180 9914 33.1695 0
1936 346064 49 3037 7.4472 0
1936 353632 717 40930 94.2086 0
1936 361200 125 6862 20.5733 0
1936 368768 4801 258764 733.371 0
1936 376336 242 14794 34.0485 0
1936 383904 6488 333494 1126.92 0
2025 391824 7913 388518 1389.64 0
2025 399744 887 44673 149.425 0
2025 407664 45 2545 7.42923 0
2025 415584 12479 586648 2459.51 0
2025 423504 1909 92372 349.5 0
2025 431424 4077 200949 690.058 0
2116 439704 69 3909 9.54239 0
2116 447984 3768 177710 657.6 0
2116 456264 2215 104874 351.099 0
2116 464544 3915 191479 659.221 0
2116 472824 11085 511047 1850.52 0
2116 481104 1472 67899 269.717 0
2209 489752 14198 612990 2606.2 0
2209 498400 578 24163 110.271 0
2209 507048 247 10924 47.0873 0
2209 515696 496 26086 63.964 0
2209 524344 128 6254 20.3831 0
2209 532992 230 12631 30.9081 0
2304 542016 632 27286 107.87 0
2304 551040 1300 55145 236.146 0
2304 560064 2814 122291 487.687 0
2304 569088 2411 117575 305.636 0
2304 578112 1542 73916 193.729 0
2304 587136 226 11163 33.1521 0
2401 596544 1434 67418 192.854 0
2401 605952 1962 90531 261.188 0
2401 615360 9208 392599 1463.87 0
2401 624768 10686 471618 1566.38 0
2401 634176 59 2995 8.88602 0
2401 643584 17088 705281 2976.11 0
2500 653384 14186 584859 2353.83 0
2500 663184 463 23655 48.6461 0
2500 672984 2783 127932 287.119 0
2500 682784 1320 65946 159.749 0
2500 692584 103 5150 13.4992 0
2500 702384 2994 135088 366.183 0
2601 712584 436 20729 46.9173 0
2601 722784 635 27915 78.2565 0
2601 732984 16032 656260 2287.92 0
2601 743184 1555 64118 207.285 0
2601 753384 4935 198123 726.905 0
2601 763584 1631 75656 207.831 0
2704 774192 31736 1184814 4834.21 0
2704 784800 290 12875 37.0628 0
2704 795408 807 36142 89.367 0
2704 806016 5430 214200 782.597 0
2704 816624 351 15523 38.6498 0
2704 827232 4938 206512 645.876 0
