1024 4376 38 3288 11.1256 0
1024 8752 11 1128 3.55518 0
1024 13128 19 1776 5.93075 0
1024 17504 12 1146 3.82433 0
1024 21880 38 2734 12.889 0
1024 26256 27 2625 6.91498 0
196 27062 1 248 0.514573 0
196 27868 1 220 0.416727 0
196 28674 1 275 0.574564 0
196 29480 1 207 0.445921 0
196 30286 1 209 0.521631 0
196 31092 1 208 0.423464 0
400 32772 4 512 1.63451 0
400 34452 3 481 1.37273 0
400 36132 3 424 1.22612 0
400 37812 7 1094 2.48144 0
400 39492 2 475 0.931943 0
400 41172 3 574 1.36856 0
576 43610 10 1336 3.85417 0
576 46048 7 957 2.65724 0
576 48486 8 1001 2.83882 0
576 50924 5 629 1.93671 0
576 53362 6 772 2.54175 0
576 55800 12 1562 3.87598 0
784 59136 14 1722 4.61544 0
784 62472 9 975 3.22731 0
784 65808 18 2034 5.65646 0
784 69144 12 1301 3.88881 0
784 72480 17 1773 5.23139 0
784 75816 9 1002 3.27255 0
1089 80480 18 1486 6.59482 0
1089 85144 17 1391 4.90064 0
1089 89808 35 2909 11.3267 0
1089 94472 18 1533 6.46008 0
1089 99136 23 1849 7.50815 0
1089 103800 25 2177 7.5428 0
1225 109040 35 2368 11.2924 0
1225 114280 28 2186 8.98162 0
1225 119520 27 2136 9.11283 0
1225 124760 38 3239 9.28991 0
1225 130000 50 3479 15.7683 0
1225 135240 20 1633 5.7944 0
1296 140800 20 1740 5.04115 0
1296 146360 33 2704 8.9027 0
1296 151920 18 1401 6.12965 0
1296 157480 23 1957 6.87167 0
1296 163040 33 2193 11.8416 0
1296 168600 23 1885 6.22814 0
1369 174488 28 2183 8.17639 0
1369 180376 40 3267 10.5856 0
1369 186264 18 1389 5.61539 0
1369 192152 26 1721 8.79009 0
1369 198040 33 1991 11.3687 0
1369 203928 50 3899 12.01 0
1521 210456 22 1613 5.68758 0
1521 216984 40 2214 12.923 0
1521 223512 42 2711 11.6587 0
1521 230040 25 1850 6.29647 0
1521 236568 38 2162 12.574 0
1521 243096 33 2185 11.0037 0
1600 249976 50 3360 11.1406 0
1600 256856 69 4519 16.6361 0
1600 263736 61 3383 20.3587 0
1600 270616 73 5084 14.9444 0
1600 277496 34 2067 9.78235 0
1600 284376 96 6158 23.2338 0
1681 291616 84 5042 21.7763 0
1681 298856 59 3150 19.1541 0
1681 306096 67 3176 23.4195 0
1681 313336 29 1900 7.95504 0
1681 320576 40 2415 10.8843 0
1681 327816 57 2899 18.0242 0
1764 335424 51 2990 15.6788 0
1764 343032 67 2964 24.9578 0
1764 350640 50 2780 15.928 0
1764 358248 74 4308 20.7106 0
1764 365856 74 4709 14.3439 0
1764 373464 39 2410 11.1076 0
1936 381792 91 5327 16.6091 0
1936 390120 177 8062 49.7327 0
1936 398448 43 2665 11.7438 0
1936 406776 114 7004 21.0709 0
1936 415104 88 4130 28.6182 0
1936 423432 98 4666 27.8986 0
2025 432152 114 6096 25.9802 0
2025 440872 80 3365 28.0237 0
2025 449592 588 17565 238.464 0
2025 458312 52 2760 13.6256 0
2025 467032 76 3919 19.5378 0
2025 475752 69 3357 20.4761 0
2116 484872 120 4615 44.1285 0
2116 493992 126 6754 26.0232 0
2116 503112 146 6945 40.5531 0
2116 512232 95 3852 35.4773 0
2116 521352 125 5051 40.7463 0
2116 530472 62 3108 17.5956 0
2209 540000 167 5588 67.4146 0
2209 549528 163 5287 66.942 0
2209 559056 136 6954 35.6182 0
2209 568584 144 8034 25.8063 0
2209 578112 242 8230 81.1582 0
2209 587640 64 2746 19.6067 0
2304 597584 65 3167 14.7625 0
2304 607528 66 2855 19.4004 0
2304 617472 85 4560 20.2246 0
2304 627416 130 6126 32.6459 0
2304 637360 74 3207 23.8529 0
2304 647304 106 5469 19.9182 0
2401 657672 160 5245 56.2479 0
2401 668040 158 5782 51.4018 0
2401 678408 292 10401 81.9609 0
2401 688776 197 6013 79.4904 0
2401 699144 65 2817 19.2048 0
2401 709512 138 7069 22.3384 0
2500 720312 340 11073 102.019 0
2500 731112 84 3385 23.7326 0
2500 741912 85 3422 26.5631 0
2500 752712 256 10154 70.3397 0
2500 763512 187 6252 58.5555 0
2500 774312 158 7018 26.7123 0
2601 785552 62 2741 15.7208 0
2601 796792 100 4316 25.3058 0
2601 808032 117 5412 23.4384 0
2601 819272 118 4361 36.4481 0
2601 830512 368 10383 143.554 0
2601 841752 81 3418 20.9573 0
2704 853440 172 5883 56.1209 0
2704 865128 171 6996 38.3566 0
2704 876816 113 4956 25.9279 0
2704 888504 218 8919 48.3343 0
2704 900192 140 5870 35.8087 0
2704 911880 349 11119 106.145 0
