1024 4786 12 1038 3.90293 0
1024 9572 13 1171 4.66485 0
1024 14358 16 1373 5.38987 0
1024 19144 14 1227 4.52658 0
1024 23930 19 1480 6.56562 0
1024 28716 21 1820 6.68849 0
196 29600 1 272 0.698716 0
196 30484 1 256 0.727589 0
196 31368 1 206 0.580018 0
196 32252 1 274 0.635197 0
196 33136 1 279 0.619156 0
196 34020 2 428 1.39005 0
400 35860 3 536 1.61398 0
400 37700 3 441 1.27424 0
400 39540 2 411 0.877726 0
400 41380 5 730 2.14234 0
400 43220 4 671 1.85137 0
400 45060 3 567 1.44748 0
576 47728 5 722 1.95724 0
576 50396 9 1005 3.43199 0
576 53064 4 593 1.73139 0
576 55732 4 606 1.62136 0
576 58400 5 594 2.25527 0
576 61068 7 978 2.71113 0
784 64718 11 1032 4.58304 0
784 68368 12 1202 3.8994 0
784 72018 9 1057 3.37103 0
784 75668 7 838 2.58827 0
784 79318 11 1273 3.97896 0
784 82968 9 1063 2.81893 0
1089 88072 16 1537 5.53391 0
1089 93176 22 1712 8.86837 0
1089 98280 16 1342 5.69175 0
1089 103384 16 1396 5.71966 0
1089 108488 13 1156 4.27442 0
1089 113592 13 1092 4.42232 0
1225 119312 34 1946 14.3795 0
1225 125032 19 1435 6.79372 0
1225 130752 16 1248 5.01581 0
1225 136472 39 2626 14.4969 0
1225 142192 24 2055 7.65733 0
1225 147912 27 1968 9.10705 0
1296 153992 19 1537 5.89097 0
1296 160072 21 1772 7.02983 0
1296 166152 28 2229 7.93867 0
1296 172232 18 1380 5.79569 0
1296 178312 21 1720 6.51205 0
1296 184392 21 1634 7.91814 0
1369 190840 21 1661 6.23616 0
1369 197288 19 1475 5.61122 0
1369 203736 21 1597 7.20499 0
1369 210184 44 2318 18.8147 0
1369 216632 40 2234 16.1276 0
1369 223080 22 1710 7.35192 0
1521 230208 31 1887 10.7274 0
1521 237336 24 1575 7.90563 0
1521 244464 30 2016 9.78235 0
1521 251592 36 2071 12.5506 0
1521 258720 26 1910 7.34647 0
1521 265848 31 2132 9.42305 0
1600 273368 35 2017 11.8971 0
1600 280888 38 2519 11.0717 0
1600 288408 30 2075 9.76855 0
1600 295928 28 1838 8.72658 0
1600 303448 45 2617 17.1606 0
1600 310968 25 1612 8.11961 0
1681 318888 60 3731 18.3565 0
1681 326808 33 1920 10.9629 0
1681 334728 54 3502 14.3526 0
1681 342648 44 2697 11.6636 0
1681 350568 49 2281 19.7116 0
1681 358488 33 2012 10.1166 0
1764 366816 65 3328 21.4055 0
1764 375144 34 1964 11.4733 0
1764 383472 32 1896 9.67873 0
1764 391800 39 2029 13.2246 0
1764 400128 32 1839 10.3104 0
1764 408456 36 1974 11.6023 0
1936 417544 36 2676 9.67103 0
1936 426632 40 2298 11.6809 0
1936 435720 59 3571 15.8575 0
1936 444808 96 4218 34.5518 0
1936 453896 62 2795 22.5825 0
1936 462984 66 3183 23.6421 0
2025 472504 45 2308 14.0693 0
2025 482024 46 2375 13.872 0
2025 491544 38 2121 10.7736 0
2025 501064 44 2477 11.9834 0
2025 510584 163 6165 61.5509 0
2025 520104 49 2797 14.4071 0
2116 530064 72 2862 27.958 0
2116 540024 116 4734 42.8068 0
2116 549984 70 3984 17.1497 0
2116 559944 51 2887 14.2897 0
2116 569904 42 2535 11.3264 0
2116 579864 58 2935 16.9742 0
2209 590272 65 2811 22.8777 0
2209 600680 72 3081 21.6705 0
2209 611088 263 8509 105.35 0
2209 621496 70 3278 18.3472 0
2209 631904 56 2824 15.5052 0
2209 642312 60 3370 15.7032 0
2304 653176 55 2603 15.2819 0
2304 664040 85 3300 31.7393 0
2304 674904 49 2458 13.1704 0
2304 685768 81 3522 26.4139 0
2304 696632 58 2812 14.1229 0
2304 707496 96 3735 37.8834 0
2401 718824 85 3819 26.9676 0
2401 730152 65 2986 18.4377 0
2401 741480 71 3057 19.5621 0
2401 752808 67 2848 20.5489 0
2401 764136 71 2725 25.1977 0
2401 775464 67 3138 17.8606 0
2500 787264 55 2529 13.3863 0
2500 799064 138 4840 49.4286 0
2500 810864 80 3676 21.2983 0
2500 822664 166 4455 77.0019 0
2500 834464 104 3604 38.3591 0
2500 846264 137 4356 51.6659 0
2601 858544 61 2877 15.0112 0
2601 870824 94 4391 22.7468 0
2601 883104 71 2969 20.6343 0
2601 895384 79 3425 23.0365 0
2601 907664 324 7162 151.076 0
2601 919944 79 3511 22.3981 0
2704 932712 252 6407 107.627 0
2704 945480 183 6198 58.0971 0
2704 958248 141 4673 42.9095 0
2704 971016 72 2788 21.5598 0
2704 983784 142 4161 59.1086 0
2704 996552 71 2835 20.4504 0
