1024 5196 16 1215 6.59097 0
1024 10392 14 1212 5.4999 0
1024 15588 19 1560 7.53253 0
1024 20784 18 1408 7.31663 0
1024 25980 18 1387 6.5884 0
1024 31176 15 1087 6.76549 0
196 32138 1 290 0.869064 0
196 33100 1 232 0.750687 0
196 34062 1 234 0.627818 0
196 35024 1 200 0.569431 0
196 35986 1 205 0.550504 0
196 36948 1 199 0.496287 0
400 38948 3 418 1.57035 0
400 40948 4 545 1.84656 0
400 42948 4 544 1.78176 0
400 44948 3 433 1.54885 0
400 46948 3 444 1.60884 0
400 48948 3 447 1.33648 0
576 51846 6 633 2.4038 0
576 54744 5 587 1.86228 0
576 57642 5 588 2.32296 0
576 60540 7 813 3.07493 0
576 63438 6 609 2.76054 0
576 66336 5 601 2.08043 0
784 70300 11 954 4.96705 0
784 74264 13 1291 5.7357 0
784 78228 12 1059 5.06938 0
784 82192 17 1425 6.93904 0
784 86156 9 797 4.32992 0
784 90120 10 988 4.01265 0
1089 95664 16 1127 6.67438 0
1089 101208 20 1531 8.33519 0
1089 106752 18 1244 7.5675 0
1089 112296 17 1179 6.86494 0
1089 117840 19 1367 7.76672 0
1089 123384 16 1295 6.06164 0
1225 129584 19 1269 7.4812 0
1225 135784 27 1488 11.925 0
1225 141984 20 1480 6.55247 0
1225 148184 24 1571 10.5144 0
1225 154384 35 2110 13.6949 0
1225 160584 22 1555 8.62969 0
1296 167184 22 1526 8.73427 0
1296 173784 22 1329 8.93959 0
1296 180384 21 1306 8.83276 0
1296 186984 35 1968 14.2143 0
1296 193584 23 1569 8.88698 0
1296 200184 23 1456 9.23152 0
1369 207192 26 1614 10.0175 0
1369 214200 28 1519 12.1278 0
1369 221208 33 1850 13.4338 0
1369 228216 24 1620 9.46603 0
1369 235224 27 1546 11.0396 0
1369 242232 27 2018 10.1587 0
1521 249960 31 1808 12.3526 0
1521 257688 27 1601 9.80801 0
1521 265416 31 2000 11.7037 0
1521 273144 32 1878 12.8502 0
1521 280872 31 1600 13.386 0
1521 288600 35 1738 14.7327 0
1600 296760 33 1717 14.1174 0
1600 304920 36 1613 16.0811 0
1600 313080 46 2209 19.0755 0
1600 321240 43 2362 17.8416 0
1600 329400 42 2336 15.2486 0
1600 337560 35 1885 13.8999 0
1681 346160 36 1715 15.4292 0
1681 354760 50 2130 22.536 0
1681 363360 37 1846 15.1703 0
1681 371960 38 2213 13.2259 0
1681 380560 38 2017 15.1642 0
1681 389160 38 2230 12.8829 0
1764 398208 50 2710 19.2362 0
1764 407256 53 2909 20.3808 0
1764 416304 47 2444 16.884 0
1764 425352 43 2395 16.2928 0
1764 434400 49 2085 21.2351 0
1764 443448 36 1829 14.0228 0
1936 453296 49 2514 16.365 0
1936 463144 53 2380 20.1473 0
1936 472992 53 2366 21.3339 0
1936 482840 55 2680 18.6879 0
1936 492688 54 2600 19.4903 0
1936 502536 67 3335 24.2883 0
2025 512856 90 3472 37.9062 0
2025 523176 81 3044 36.4324 0
2025 533496 47 2246 16.9986 0
2025 543816 55 2141 23.4522 0
2025 554136 51 2164 20.0331 0
2025 564456 49 2272 17.4301 0
2116 575256 60 2389 25.3735 0
2116 586056 52 2339 19.652 0
2116 596856 58 2681 20.5114 0
2116 607656 88 3202 36.0198 0
2116 618456 62 2689 21.2169 0
2116 629256 63 2487 24.0913 0
2209 640544 62 2771 23.0163 0
2209 651832 79 3103 29.8093 0
2209 663120 64 2507 25.4278 0
2209 674408 79 3253 30.7316 0
2209 685696 81 3294 29.2684 0
2209 696984 64 2460 25.0097 0
2304 708768 85 2949 33.1839 0
2304 720552 73 2878 28.2146 0
2304 732336 67 2560 27.9211 0
2304 744120 125 3650 58.8109 0
2304 755904 69 2543 27.4196 0
2304 767688 105 3125 48.632 0
2401 779976 97 3921 36.7224 0
2401 792264 90 2924 38.4425 0
2401 804552 74 2795 29.1465 0
2401 816840 72 2690 28.674 0
2401 829128 106 3639 42.7494 0
2401 841416 72 3106 28.6714 0
2500 854216 114 4047 38.038 0
2500 867016 91 3912 32.7941 0
2500 879816 92 2927 38.2061 0
2500 892616 86 3243 31.2677 0
2500 905416 130 4207 53.7072 0
2500 918216 76 2673 29.7439 0
2601 931536 84 2835 32.736 0
2601 944856 86 3069 31.994 0
2601 958176 93 2932 39.0328 0
2601 971496 101 3412 40.1268 0
2601 984816 82 2669 32.5346 0
2601 998136 121 4218 42.835 0
2704 1011984 94 3090 36.9797 0
2704 1025832 92 3005 35.3153 0
2704 1039680 94 3209 34.6355 0
2704 1053528 182 4806 87.9103 0
2704 1067376 86 2822 33.5339 0
2704 1081224 121 4544 46.0954 0
