1000 5400 32 2479 9.66686 0
1000 10800 19 1534 5.86338 0
1000 16200 28 2178 8.18987 0
1000 21600 25 1963 7.80714 0
1000 27000 14 1242 3.96613 0
1000 32400 41 3238 11.9863 0
216 33480 2 315 1.07663 0
216 34560 1 264 0.705774 0
216 35640 1 224 0.518423 0
216 36720 7 981 3.42236 0
216 37800 1 222 0.574885 0
216 38880 1 286 0.793996 0
343 40644 3 443 1.25339 0
343 42408 2 351 1.07791 0
343 44172 15 1676 7.12992 0
343 45936 2 373 1.09587 0
343 47700 3 570 1.42181 0
343 49464 3 491 1.3291 0
512 52152 4 550 1.80903 0
512 54840 11 1297 3.76306 0
512 57528 13 1314 5.62791 0
512 60216 4 555 1.63643 0
512 62904 12 1353 4.82782 0
512 65592 4 547 1.76347 0
729 69480 37 3260 14.4873 0
729 73368 32 2947 11.8977 0
729 77256 10 956 3.61035 0
729 81144 11 1164 3.79739 0
729 85032 13 1261 4.44285 0
729 88920 14 1337 4.62346 0
1000 94320 12 1031 3.87085 0
1000 99720 21 1730 6.28684 0
1000 105120 49 3890 14.0834 0
1000 110520 390 27611 120.656 0
1000 115920 16 1320 4.82814 0
1000 121320 15 1253 4.72163 0
1000 126720 13 1031 3.98313 0
1000 132120 22 1730 6.1489 0
1000 137520 49 3890 14.3048 0
1000 142920 387 27611 119.576 0
1000 148320 15 1320 4.5269 0
1000 153720 15 1253 4.92598 0
1000 159120 13 1031 4.02452 0
1000 164520 21 1730 6.24899 0
1000 169920 49 3890 14.0779 0
1000 175320 389 27611 120.11 0
1000 180720 15 1320 4.54903 0
1000 186120 15 1253 4.95838 0
1331 193380 59 3990 16.8523 0
1331 200640 67 4426 18.1634 0
1331 207900 58 3904 15.1565 0
1331 215160 24 1623 6.68015 0
1331 222420 99 6419 25.2872 0
1331 229680 336 20740 85.4288 0
1331 236940 61 3990 17.4782 0
1331 244200 66 4426 17.6139 0
1331 251460 59 3904 15.3124 0
1331 258720 24 1623 6.67855 0
1331 265980 99 6419 24.7348 0
1331 273240 339 20740 86.3701 0
1331 280500 59 3990 16.834 0
1331 287760 66 4426 17.8237 0
1331 295020 58 3904 15.3121 0
1331 302280 24 1623 6.61439 0
1331 309540 98 6419 24.7983 0
1331 316800 338 20740 85.9091 0
1331 324060 60 3990 17.0961 0
1331 331320 67 4426 18.2616 0
1331 338580 264 14924 82.6128 0
1331 345840 24 1623 6.53451 0
1331 353100 99 6419 24.9847 0
1331 360360 336 20740 85.3916 0
1728 369864 31 1824 7.76833 0
1728 379368 37 2080 9.59789 0
1728 388872 31 1769 7.6214 0
1728 398376 85 4871 21.7828 0
1728 407880 85 4467 22.1937 0
1728 417384 246 12889 57.9309 0
1728 426888 31 1824 7.72277 0
1728 436392 219 12089 49.7811 0
1728 445896 31 1769 7.80009 0
1728 455400 85 4871 21.716 0
1728 464904 86 4467 22.0789 0
1728 474408 243 12889 57.0076 0
1728 483912 32 1824 7.98776 0
1728 493416 219 12089 49.6644 0
1728 502920 31 1769 7.64578 0
1728 512424 85 4871 21.6467 0
1728 521928 86 4467 22.3705 0
1728 531432 245 12889 57.7865 0
1728 540936 44 2512 10.2918 0
1728 550440 220 12089 50.0628 0
1728 559944 31 1769 7.60824 0
1728 569448 84 4871 21.5097 0
1728 578952 86 4467 22.1398 0
1728 588456 143 7858 30.5712 0
2197 600624 117 5486 25.0319 0
2197 612792 90 4139 21.2011 0
2197 624960 254 11328 58.3473 0
2197 637128 53 2583 12.6292 0
2197 649296 7602 302864 2051.98 0
2197 661464 828 36611 190.785 0
2197 673632 118 5486 25.3103 0
2197 685800 90 4139 21.2361 0
2197 697968 253 11328 58.1093 0
2197 710136 104 4857 22.6143 0
2197 722304 7612 302864 2056.08 0
2197 734472 827 36611 190.462 0
2197 746640 118 5486 25.497 0
2197 758808 89 4139 20.8665 0
2197 770976 2062 84083 511.418 0
2197 783144 104 4857 22.3923 0
2197 795312 7598 302864 2047.76 0
2197 807480 824 36611 190.053 0
2197 819648 118 5486 25.4326 0
2197 831816 53 2458 12.746 0
2197 843984 2060 84083 510.63 0
2197 856152 105 4857 23.1516 0
2197 868320 7600 302864 2050.04 0
2197 880488 827 36611 190.395 0
2197 892656 104 4903 22.5957 0
2197 904824 52 2458 12.2994 0
2197 916992 2064 84083 511.453 0
2197 929160 105 4857 22.8764 0
2197 941328 7607 302864 2053.16 0
2197 953496 102 5038 24.1388 0
2197 965664 106 4903 23.2607 0
2197 977832 53 2458 12.5872 0
2197 990000 2058 84083 509.625 0
2197 1002168 104 4857 22.5193 0
2197 1014336 206 10398 41.265 0
2197 1026504 101 5038 23.7387 0
