1000 6600 24 1015 14.2271 0
1000 13200 23 1017 13.232 0
1000 19800 24 1097 14.0876 0
1000 26400 26 1053 14.9239 0
1000 33000 26 1346 14.2502 0
1000 39600 24 1045 14.1604 0
216 40938 1 244 0.839871 0
216 42276 2 231 1.00733 0
216 43614 1 231 0.840192 0
216 44952 2 227 1.18634 0
216 46290 1 224 0.995783 0
216 47628 1 237 0.908524 0
343 49802 4 359 2.34381 0
343 51976 4 399 2.40894 0
343 54150 4 360 2.40284 0
343 56324 3 403 2.0214 0
343 58498 4 433 2.69991 0
343 60672 3 373 2.1478 0
512 63974 6 521 3.31553 0
512 67276 9 634 5.06938 0
512 70578 7 563 3.72841 0
512 73880 7 561 3.95683 0
512 77182 8 624 4.78515 0
512 80484 8 648 4.43258 0
729 85246 15 920 8.83148 0
729 90008 13 747 7.69518 0
729 94770 12 829 6.81297 0
729 99532 13 797 7.56012 0
729 104294 15 966 7.99321 0
729 109056 15 798 9.19495 0
1000 115776 25 1109 14.803 0
1000 122496 27 1103 16.0403 0
1000 129216 26 1162 15.373 0
1000 135936 26 1076 15.4908 0
1000 142656 29 1248 17.4076 0
1000 149376 26 1147 15.2341 0
1000 156216 28 1125 17.2831 0
1000 163056 26 1089 14.8556 0
1000 169896 27 1003 16.562 0
1000 176736 31 1336 18.9212 0
1000 183576 27 1103 16.3691 0
1000 190416 25 1354 13.9952 0
1000 197376 27 1160 16.6136 0
1000 204336 29 1079 17.9626 0
1000 211296 30 1169 18.5253 0
1000 218256 28 1025 17.5792 0
1000 225216 26 1119 15.545 0
1000 232176 30 1112 18.1403 0
1331 241116 47 1729 27.043 0
1331 250056 39 1339 22.1135 0
1331 258996 43 1529 24.704 0
1331 267936 47 1818 26.9878 0
1331 276876 48 1755 27.2076 0
1331 285816 43 1410 25.3758 0
1331 294876 49 1415 30.491 0
1331 303936 48 1623 28.9515 0
1331 312996 44 1641 24.9648 0
1331 322056 46 1514 28.0157 0
1331 331116 46 1353 28.3173 0
1331 340176 45 1552 26.3433 0
1331 349356 47 1811 27.0093 0
1331 358536 47 1740 27.2817 0
1331 367716 46 1340 28.3651 0
1331 376896 51 1748 29.6598 0
1331 386076 49 1477 29.5341 0
1331 395256 43 1405 25.5869 0
1331 404556 45 1389 27.522 0
1331 413856 48 1709 28.4228 0
1331 423156 46 1496 27.5881 0
1331 432456 51 1713 30.2055 0
1331 441756 51 1780 29.6355 0
1331 451056 48 1532 29.2213 0
1728 462720 72 2401 40.8691 0
1728 474384 76 2386 42.8286 0
1728 486048 70 1734 41.7783 0
1728 497712 71 1998 41.3324 0
1728 509376 79 2301 46.5487 0
1728 521040 73 1760 43.8016 0
1728 532824 68 1783 39.5734 0
1728 544608 81 2216 47.8345 0
1728 556392 79 2248 46.8336 0
1728 568176 86 2682 48.6718 0
1728 579960 73 2337 41.2727 0
1728 591744 71 1981 41.2865 0
1728 603648 77 2226 45.5006 0
1728 615552 82 2230 49.1883 0
1728 627456 77 2468 43.0018 0
1728 639360 77 2267 44.6004 0
1728 651264 72 1743 43.4083 0
1728 663168 74 1753 44.6408 0
1728 675192 76 1925 45.8028 0
1728 687216 77 1907 46.7226 0
1728 699240 75 1809 45.1926 0
1728 711264 78 1853 47.4434 0
1728 723288 75 2195 42.9034 0
1728 735312 78 1935 47.2856 0
2197 750120 113 2488 66.0996 0
2197 764928 121 2593 71.2813 0
2197 779736 119 2606 71.2845 0
2197 794544 131 2924 76.0856 0
2197 809352 116 2984 64.0801 0
2197 824160 127 2978 74.0986 0
2197 839088 108 2201 63.4138 0
2197 854016 169 3604 94.1413 0
2197 868944 124 2581 74.2888 0
2197 883872 110 2440 64.3589 0
2197 898800 117 2385 71.0461 0
2197 913728 121 3252 66.2346 0
2197 928776 111 2422 65.5831 0
2197 943824 115 2206 69.4129 0
2197 958872 130 3177 73.5972 0
2197 973920 129 2766 77.1254 0
2197 988968 119 2968 69.1643 0
2197 1004016 115 2591 66.4769 0
2197 1019184 123 2262 76.4985 0
2197 1034352 123 3131 69.0597 0
2197 1049520 119 2360 71.7753 0
2197 1064688 120 2682 70.7282 0
2197 1079856 118 2441 70.6291 0
2197 1095024 122 2252 75.0549 0
2197 1110312 133 3288 76.0635 0
2197 1125600 114 2282 67.9083 0
2197 1140888 127 2996 75.7895 0
2197 1156176 127 2462 78.5414 0
2197 1171464 121 2458 72.842 0
2197 1186752 128 2504 77.578 0
2197 1202160 134 2781 79.0768 0
2197 1217568 127 2503 77.4196 0
2197 1232976 120 2356 72.8089 0
2197 1248384 127 2756 76.7933 0
2197 1263792 133 2814 79.1904 0
2197 1279200 140 2857 83.2955 0
