1000 6200 17 1012 7.75389 0
1000 12400 22 1298 10.7932 0
1000 18600 20 1016 11.0633 0
1000 24800 20 1176 10.4888 0
1000 31000 21 1071 11.2571 0
1000 37200 14 1086 5.96764 0
216 38452 2 306 1.28387 0
216 39704 1 247 0.872273 0
216 40956 1 270 0.917827 0
216 42208 1 266 0.920714 0
216 43460 1 250 0.687809 0
216 44712 2 282 1.05674 0
343 46750 3 386 1.66563 0
343 48788 3 345 1.79619 0
343 50826 3 344 1.50169 0
343 52864 3 409 1.60916 0
343 54902 3 457 1.52094 0
343 56940 2 357 1.06732 0
512 60036 4 517 1.76315 0
512 63132 6 564 2.91549 0
512 66228 6 681 3.03836 0
512 69324 8 872 3.42493 0
512 72420 4 516 1.86902 0
512 75516 8 817 3.72745 0
729 79986 12 781 6.86975 0
729 84456 11 900 5.10243 0
729 88926 10 786 5.21792 0
729 93396 12 738 6.79564 0
729 97866 15 1070 8.03588 0
729 102336 12 894 6.42992 0
1000 108616 22 1118 12.7896 0
1000 114896 23 1522 11.6142 0
1000 121176 20 1059 10.7881 0
1000 127456 22 1217 11.6411 0
1000 133736 24 1164 13.5534 0
1000 140016 24 1112 13.463 0
1000 146376 24 1301 12.5676 0
1000 152736 26 1598 12.7928 0
1000 159096 23 1132 13.154 0
1000 165456 19 1104 9.69092 0
1000 171816 22 1193 11.4098 0
1000 178176 25 1182 13.9551 0
1000 184616 23 1239 13.0963 0
1000 191056 24 1007 14.562 0
1000 197496 26 1177 14.8537 0
1000 203936 26 1030 15.9874 0
1000 210376 24 1014 13.9592 0
1000 216816 27 1175 16.0676 0
1331 225196 32 1406 16.3624 0
1331 233576 33 1372 17.3114 0
1331 241956 51 2584 24.6726 0
1331 250336 40 1862 20.3568 0
1331 258716 48 2422 23.0881 0
1331 267096 39 1699 20.7048 0
1331 275556 35 1366 19.0597 0
1331 284016 42 1756 22.9008 0
1331 292476 43 2311 19.2157 0
1331 300936 34 1509 17.7075 0
1331 309396 39 1731 20.6657 0
1331 317856 33 1601 17.0274 0
1331 326396 39 1776 20.403 0
1331 334936 49 2238 24.4137 0
1331 343476 36 1619 19.9939 0
1331 352016 38 1608 20.6747 0
1331 360556 41 1558 23.3951 0
1331 369096 38 1512 21.2922 0
1331 377716 38 1711 19.7103 0
1331 386336 43 1592 25.8647 0
1331 394956 35 1475 18.2459 0
1331 403576 41 1580 22.6188 0
1331 412196 41 1721 21.8825 0
1331 420816 39 1510 22.1225 0
1728 431760 77 3087 36.5812 0
1728 442704 60 1742 33.9519 0
1728 453648 57 2365 29.8077 0
1728 464592 64 2070 35.306 0
1728 475536 65 2425 33.2814 0
1728 486480 58 2192 30.2928 0
1728 497504 66 2366 34.9438 0
1728 508528 64 2057 34.6217 0
1728 519552 53 1760 27.8935 0
1728 530576 65 1921 35.4308 0
1728 541600 53 2040 26.0812 0
1728 552624 56 1939 29.7474 0
1728 563728 55 1991 27.8726 0
1728 574832 62 2290 32.0566 0
1728 585936 73 2407 39.9773 0
1728 597040 59 1756 32.7033 0
1728 608144 64 1804 36.1937 0
1728 619248 66 2189 34.1046 0
1728 630432 55 1926 29.6332 0
1728 641616 58 1761 32.3893 0
1728 652800 61 2064 33.4678 0
1728 663984 53 2158 26.2737 0
1728 675168 66 2119 36.6964 0
1728 686352 67 1970 38.9343 0
2197 700280 119 3711 55.6253 0
2197 714208 121 3706 57.834 0
2197 728136 85 2267 44.8866 0
2197 742064 91 2806 45.2908 0
2197 755992 86 2615 44.9094 0
2197 769920 81 2489 39.8445 0
2197 783928 100 2820 52.7643 0
2197 797936 91 2393 48.742 0
2197 811944 75 2231 36.5947 0
2197 825952 89 2554 44.5225 0
2197 839960 97 2412 51.202 0
2197 853968 81 2246 40.8977 0
2197 868056 112 2456 63.3798 0
2197 882144 126 3426 65.6934 0
2197 896232 116 3277 60.2673 0
2197 910320 103 3085 50.6175 0
2197 924408 98 2508 53.7347 0
2197 938496 121 3439 63.0699 0
2197 952664 104 2793 57.0108 0
2197 966832 120 3236 63.0417 0
2197 981000 82 2210 42.2569 0
2197 995168 95 2485 52.1836 0
2197 1009336 83 2251 43.3461 0
2197 1023504 92 2367 49.7914 0
2197 1037752 98 2537 53.721 0
2197 1052000 91 2205 49.8052 0
2197 1066248 120 3816 59.6527 0
2197 1080496 98 2485 53.6032 0
2197 1094744 107 2551 58.1984 0
2197 1108992 105 2276 60.5355 0
2197 1123320 108 2713 60.5134 0
2197 1137648 107 2450 61.0065 0
2197 1151976 90 2512 47.6683 0
2197 1166304 118 3720 61.6587 0
2197 1180632 104 3058 55.2644 0
2197 1194960 98 2280 54.7989 0
