1000 5800 15 1467 5.8021 0
1000 11600 41 3334 14.3689 0
1000 17400 14 1095 5.88006 0
1000 23200 34 2362 14.0311 0
1000 29000 13 1024 5.08574 0
1000 34800 15 1077 6.64294 0
216 35966 1 310 0.817735 0
216 37132 1 258 0.75197 0
216 38298 2 328 1.0917 0
216 39464 1 247 0.649312 0
216 40630 2 353 0.924885 0
216 41796 2 259 0.957286 0
343 43696 2 396 1.13501 0
343 45596 2 374 1.1857 0
343 47496 2 375 1.00829 0
343 49396 4 575 1.9011 0
343 51296 2 356 1.17961 0
343 53196 2 396 1.33391 0
512 56088 6 803 2.41246 0
512 58980 4 560 1.79363 0
512 61872 6 707 3.00531 0
512 64764 10 1143 4.02612 0
512 67656 6 625 2.61553 0
512 70548 5 563 2.10866 0
729 74726 11 1137 4.87562 0
729 78904 14 1318 6.33336 0
729 83082 9 1126 3.53593 0
729 87260 9 839 4.23689 0
729 91438 9 1002 3.71943 0
729 95616 10 1022 4.09638 0
1000 101456 13 1028 4.63565 0
1000 107296 14 1145 5.41265 0
1000 113136 13 1356 4.92438 0
1000 118976 12 1016 4.78066 0
1000 124816 13 1053 5.19867 0
1000 130656 18 1465 6.01737 0
1000 136536 19 1271 8.6746 0
1000 142416 13 1012 5.47264 0
1000 148296 14 1240 5.05174 0
1000 154176 14 1171 5.65774 0
1000 160056 22 1466 9.71338 0
1000 165936 19 1393 7.86906 0
1000 171856 23 1573 10.712 0
1000 177776 20 1721 7.64674 0
1000 183696 17 1329 7.11035 0
1000 189616 13 1096 4.22277 0
1000 195536 11 1023 3.80958 0
1000 201456 27 1826 11.5641 0
1331 209276 24 1383 10.6219 0
1331 217096 26 1532 10.8073 0
1331 224916 24 1438 9.89431 0
1331 232736 22 1579 7.26819 0
1331 240556 41 2071 18.2998 0
1331 248376 41 2590 15.4863 0
1331 256236 23 1380 9.0878 0
1331 264096 28 1828 10.3229 0
1331 271956 42 2426 16.457 0
1331 279816 35 1868 15.8491 0
1331 287676 23 1447 9.46507 0
1331 295536 24 1613 9.46443 0
1331 303436 29 1456 13.3914 0
1331 311336 77 3845 32.3569 0
1331 319236 22 1359 8.63675 0
1331 327136 22 1619 7.44912 0
1331 335036 48 3199 16.7028 0
1331 342936 33 1631 16.7413 0
1331 350876 25 1441 11.1512 0
1331 358816 21 1780 7.61498 0
1331 366756 26 1384 11.6767 0
1331 374696 33 2095 13.5987 0
1331 382636 24 1704 8.82731 0
1331 390576 33 1575 16.613 0
1728 400800 42 2643 11.9423 0
1728 411024 32 2064 8.99124 0
1728 421248 59 3108 21.5242 0
1728 431472 79 3279 31.7836 0
1728 441696 48 2088 20.35 0
1728 451920 54 2750 18.66 0
1728 462184 30 1738 9.22158 0
1728 472448 48 2736 16.5876 0
1728 482712 35 2067 11.7165 0
1728 492976 44 2333 15.8539 0
1728 503240 37 2126 11.4043 0
1728 513504 43 1839 18.977 0
1728 523808 41 1743 18.422 0
1728 534112 41 2530 12.1053 0
1728 544416 65 2407 31.8849 0
1728 554720 37 2413 14.1203 0
1728 565024 57 2782 22.3753 0
1728 575328 46 2445 16.7548 0
1728 585672 71 4308 22.6008 0
1728 596016 35 1974 11.0588 0
1728 606360 54 2097 25.1647 0
1728 616704 43 2202 16.3775 0
1728 627048 42 2652 16.2148 0
1728 637392 74 4262 24.832 0
2197 650440 63 2294 26.165 0
2197 663488 56 2412 19.5454 0
2197 676536 126 6280 32.8897 0
2197 689584 73 4087 20.0979 0
2197 702632 71 2552 30.7252 0
2197 715680 163 5865 56.5585 0
2197 728768 101 4187 37.6659 0
2197 741856 51 3244 15.6297 0
2197 754944 72 2332 33.6446 0
2197 768032 82 2368 41.8765 0
2197 781120 80 2654 37.8362 0
2197 794208 124 6273 39.1968 0
2197 807336 70 3417 25.6738 0
2197 820464 67 3442 17.4268 0
2197 833592 64 2649 24.6075 0
2197 846720 69 3397 21.8235 0
2197 859848 64 3199 20.2329 0
2197 872976 66 2790 23.2995 0
2197 886144 63 2309 25.5798 0
2197 899312 66 2632 26.0238 0
2197 912480 79 2927 34.5781 0
2197 925648 98 4730 31.0217 0
2197 938816 60 2762 20.5188 0
2197 951984 70 2374 31.5657 0
2197 965192 62 2310 25.132 0
2197 978400 69 2930 26.1152 0
2197 991608 89 3622 35.3182 0
2197 1004816 107 3612 43.3531 0
2197 1018024 60 2236 24.4926 0
2197 1031232 107 4201 40.5211 0
2197 1044480 77 2910 30.8571 0
2197 1057728 59 2738 20.2894 0
2197 1070976 69 2340 30.918 0
2197 1084224 68 2715 26.2519 0
2197 1097472 69 2778 27.0459 0
2197 1110720 70 2782 27.3613 0
