1296 7200 40 2743 11.5141 0
1296 14400 20 1543 5.38794 0
1296 21600 32 2253 7.82543 0
1296 28800 23 1651 5.89161 0
1296 36000 30 1996 7.50655 0
1296 43200 24 1811 6.19638 0
256 44544 1 303 0.744271 0
256 45888 1 269 0.785976 0
256 47232 2 328 1.00862 0
256 48576 1 289 0.778276 0
256 49920 2 299 0.845646 0
256 51264 2 309 0.953116 0
625 54664 7 826 2.74578 0
625 58064 6 706 2.27259 0
625 61464 7 790 2.43075 0
625 64864 6 709 2.25495 0
625 68264 6 699 2.18341 0
625 71664 7 792 2.44005 0
625 74664 6 796 2.02878 0
625 77664 6 763 1.87832 0
625 80664 6 780 1.78785 0
625 83664 7 848 2.25014 0
625 86664 5 696 1.68199 0
625 89664 7 878 2.40156 0
625 92664 6 796 2.06407 0
625 95664 6 763 2.03423 0
625 98664 6 780 1.79138 0
625 101664 7 848 2.35536 0
625 104664 5 696 1.59152 0
625 107664 7 878 2.39386 0
1296 114144 19 1536 4.36842 0
1296 120624 21 1681 4.75082 0
1296 127104 19 1457 4.11081 0
1296 133584 29 2204 6.63524 0
1296 140064 18 1437 4.1137 0
1296 146544 27 1987 5.98304 0
1296 153024 20 1536 4.49706 0
1296 159504 21 1681 4.69981 0
1296 165984 19 1457 4.13263 0
1296 172464 30 2204 6.70293 0
1296 178944 19 1437 4.35206 0
1296 185424 27 1987 6.00261 0
1296 191904 42 3030 10.4695 0
1296 198384 21 1681 4.73157 0
1296 204864 20 1457 4.27988 0
1296 211344 29 2204 6.45687 0
1296 217824 18 1437 4.1137 0
1296 224304 28 1987 6.08762 0
1296 230784 43 3030 10.6184 0
1296 237264 21 1681 4.61255 0
1296 243744 19 1457 4.38382 0
1296 250224 29 2204 6.60059 0
1296 256704 18 1437 4.10889 0
1296 263184 28 1987 6.1983 0
1296 269664 42 3030 10.6235 0
1296 276144 21 1681 4.6148 0
1296 282624 19 1457 4.17914 0
1296 289104 29 2204 6.67309 0
1296 295584 18 1437 4.00398 0
1296 302064 33 2344 7.47062 0
1296 308544 43 3030 10.4859 0
1296 315024 21 1681 4.81306 0
1296 321504 19 1457 4.09092 0
1296 327984 29 2204 6.47676 0
1296 334464 18 1437 4.12589 0
1296 340944 33 2344 7.56558 0
1296 347424 42 3030 10.3367 0
1296 353904 21 1681 4.84931 0
1296 360384 19 1457 4.20481 0
1296 366864 29 2021 6.56017 0
1296 373344 18 1437 4.16182 0
1296 379824 33 2344 7.56109 0
1296 386304 43 3030 10.7435 0
1296 392784 21 1681 4.77873 0
1296 399264 20 1457 4.50284 0
1296 405744 29 2021 6.45238 0
1296 412224 18 1437 4.0428 0
1296 418704 33 2344 7.48602 0
1296 425184 43 3030 10.7088 0
1296 431664 40 2629 8.70123 0
1296 438144 19 1457 4.16182 0
1296 444624 31 2021 7.25022 0
1296 451104 18 1437 3.96645 0
1296 457584 33 2344 7.5582 0
1296 464064 43 3030 10.7768 0
1296 470544 40 2629 8.82442 0
1296 477024 19 1457 4.00013 0
1296 483504 29 2021 6.45719 0
1296 489984 18 1437 4.23176 0
1296 496464 33 2344 7.38464 0
1296 502944 42 3030 10.6203 0
1296 509424 40 2629 8.98097 0
1296 515904 19 1457 4.13455 0
1296 522384 29 2021 6.57589 0
1296 528864 18 1437 4.02484 0
1296 535344 33 2344 7.46549 0
1296 541824 42 3030 10.3932 0
1296 548304 40 2629 8.70765 0
1296 554784 19 1457 4.2093 0
1296 561264 30 2021 6.73982 0
1296 567744 18 1437 4.08579 0
1296 574224 33 2344 7.62461 0
2401 586572 65 3112 10.0826 0
2401 598920 126 5220 16.4545 0
2401 611268 134 5354 21.4244 0
2401 623616 63 3008 9.70503 0
2401 635964 79 3690 12.2773 0
2401 648312 72 3345 10.9401 0
2401 660660 65 3112 9.81026 0
2401 673008 126 5220 16.5652 0
2401 685356 245 9185 37.1446 0
2401 697704 63 3008 9.67103 0
2401 710052 79 3690 12.5669 0
2401 722400 72 3345 11.0858 0
2401 734748 72 3402 10.602 0
2401 747096 125 5220 16.4083 0
2401 759444 244 9185 37.0862 0
2401 771792 63 3008 9.72717 0
2401 784140 79 3690 12.3956 0
2401 796488 84 3863 12.7761 0
