1296 8236 32 1374 16.4019 0
1296 16472 21 1328 8.31017 0
1296 24708 35 1663 17.4127 0
1296 32944 26 1351 12.1663 0
1296 41180 32 1460 16.6242 0
1296 49416 32 1613 16.1844 0
256 50964 1 270 0.853345 0
256 52512 2 272 1.2566 0
256 54060 1 262 0.839871 0
256 55608 1 261 0.864573 0
256 57156 1 275 0.858157 0
256 58704 1 261 0.687488 0
625 62604 7 708 3.46278 0
625 66504 6 629 2.81604 0
625 70404 8 735 4.31517 0
625 74304 8 694 4.37804 0
625 78204 7 816 3.14134 0
625 82104 6 667 2.8494 0
625 85984 10 749 5.31961 0
625 89864 8 696 4.49353 0
625 93744 10 743 5.66544 0
625 97624 9 656 4.73895 0
625 101504 10 826 5.2099 0
625 105384 9 686 5.02351 0
625 109344 8 701 4.51214 0
625 113304 9 701 5.02832 0
625 117264 9 631 4.94683 0
625 121224 10 680 5.66833 0
625 125184 8 636 4.04088 0
625 129144 9 626 5.55444 0
1296 136664 29 1615 13.5945 0
1296 144184 22 1310 9.23345 0
1296 151704 26 1827 10.7416 0
1296 159224 22 1712 7.26434 0
1296 166744 24 1454 10.5638 0
1296 174264 22 1588 8.25884 0
1296 181864 22 1431 9.00985 0
1296 189464 28 1594 11.9183 0
1296 197064 28 1498 13.0767 0
1296 204664 29 1880 11.9866 0
1296 212264 27 1472 13.052 0
1296 219864 22 1306 9.5796 0
1296 227544 26 1546 11.3315 0
1296 235224 24 1373 11.037 0
1296 242904 28 1435 13.6426 0
1296 250584 24 1397 10.7284 0
1296 258264 25 1392 11.2038 0
1296 265944 29 1482 14.118 0
1296 273704 28 1362 13.8242 0
1296 281464 31 1703 16.1205 0
1296 289224 26 1323 12.5236 0
1296 296984 27 1337 12.9423 0
1296 304744 29 1338 14.6339 0
1296 312504 26 1398 11.8875 0
1296 320344 28 1663 12.292 0
1296 328184 30 1465 15.1684 0
1296 336024 29 1748 13.1004 0
1296 343864 30 1411 15.2447 0
1296 351704 28 1548 13.8515 0
1296 359544 26 1325 12.309 0
1296 367464 28 1315 14.2348 0
1296 375384 39 2079 19.591 0
1296 383304 38 1763 19.4117 0
1296 391224 29 1486 13.8245 0
1296 399144 28 1327 13.8486 0
1296 407064 35 1698 18.498 0
1296 415064 32 1559 15.7336 0
1296 423064 31 1618 15.6383 0
1296 431064 34 1556 17.3993 0
1296 439064 31 1592 14.9358 0
1296 447064 33 1407 17.3296 0
1296 455064 31 1545 15.6983 0
1296 463144 32 1516 16.3509 0
1296 471224 32 1620 16.0317 0
1296 479304 31 1654 15.0365 0
1296 487384 34 1522 18.3562 0
1296 495464 38 1412 22.0679 0
1296 503544 36 1510 19.6369 0
1296 511704 32 1306 17.4419 0
1296 519864 33 1363 18.4598 0
1296 528024 34 1609 17.6816 0
1296 536184 32 1328 17.234 0
1296 544344 32 1340 17.3499 0
1296 552504 37 1407 21.3019 0
1296 560744 37 1379 20.8563 0
1296 568984 36 1335 20.0215 0
1296 577224 34 1299 18.6087 0
1296 585464 35 1539 18.5073 0
1296 593704 32 1592 16.1828 0
1296 601944 39 1531 21.0718 0
1296 610264 35 1458 19.3732 0
1296 618584 37 1402 21.1097 0
1296 626904 40 1736 21.8787 0
1296 635224 32 1300 17.132 0
1296 643544 36 1525 19.7694 0
1296 651864 42 1470 24.8166 0
1296 660264 41 1643 23.6306 0
1296 668664 38 1360 22.0259 0
1296 677064 35 1400 19.097 0
1296 685464 39 1716 21.5572 0
1296 693864 35 1584 19.0604 0
1296 702264 37 1397 20.64 0
2401 716612 86 3075 37.1186 0
2401 730960 92 3657 33.9821 0
2401 745308 64 2414 23.3143 0
2401 759656 76 3067 27.4707 0
2401 774004 95 3154 41.0568 0
2401 788352 83 2476 37.9761 0
2401 802780 95 2956 44.7031 0
2401 817208 103 3185 46.4152 0
2401 831636 95 3076 37.9662 0
2401 846064 78 2906 31.5853 0
2401 860492 85 2647 38.7095 0
2401 874920 101 2573 43.2691 0
2401 889428 94 3724 36.7724 0
2401 903936 100 3212 46.9481 0
2401 918444 76 2978 28.1655 0
2401 932952 78 2438 34.8877 0
2401 947460 94 3144 43.3579 0
2401 961968 83 2456 38.6161 0
