1296 8754 40 1670 21.9653 0
1296 17508 35 1313 19.8823 0
1296 26262 38 1305 21.7985 0
1296 35016 38 1399 21.3349 0
1296 43770 39 1319 22.6101 0
1296 52524 36 1534 19.5313 0
256 54174 2 273 1.14015 0
256 55824 2 266 1.20495 0
256 57474 2 267 1.23992 0
256 59124 2 298 1.33488 0
256 60774 2 284 1.37722 0
256 62424 2 284 1.144 0
625 66574 10 648 5.97855 0
625 70724 9 651 5.27566 0
625 74874 10 632 6.30545 0
625 79024 8 714 4.33121 0
625 83174 10 631 5.73794 0
625 87324 11 713 6.37603 0
625 91644 12 685 7.18831 0
625 95964 12 629 7.23771 0
625 100284 11 751 6.76067 0
625 104604 11 626 6.52456 0
625 108924 11 721 6.79308 0
625 113244 13 632 8.06571 0
625 117684 12 641 7.37662 0
625 122124 11 654 6.96984 0
625 126564 11 635 6.42479 0
625 131004 12 676 7.35705 0
625 135444 13 688 7.79688 0
625 139884 12 714 7.56205 0
1296 147924 31 1455 16.1969 0
1296 155964 32 1385 16.9254 0
1296 164004 29 1340 15.0997 0
1296 172044 32 1620 16.2989 0
1296 180084 33 1546 17.6482 0
1296 188124 31 1547 15.6502 0
1296 196284 30 1390 15.7311 0
1296 204444 36 1521 19.1207 0
1296 212604 37 1746 19.14 0
1296 220764 30 1333 15.6053 0
1296 228924 37 1653 19.6548 0
1296 237084 33 1506 17.2029 0
1296 245364 38 1526 21.4738 0
1296 253644 36 1575 19.3167 0
1296 261924 36 1462 19.6289 0
1296 270204 32 1301 16.9748 0
1296 278484 38 1351 22.3698 0
1296 286764 37 1546 19.9028 0
1296 295164 36 1585 20.0007 0
1296 303564 35 1301 19.5086 0
1296 311964 40 1552 22.8966 0
1296 320364 35 1638 18.6947 0
1296 328764 39 1637 22.0965 0
1296 337164 35 1522 18.9911 0
1296 345684 38 1434 22.0615 0
1296 354204 37 1511 20.8832 0
1296 362724 39 1459 22.9425 0
1296 371244 36 1461 19.8306 0
1296 379764 37 1312 21.7455 0
1296 388284 35 1329 19.4024 0
1296 396924 40 1574 22.7991 0
1296 405564 44 1500 25.9478 0
1296 414204 42 1652 23.432 0
1296 422844 38 1377 22.0962 0
1296 431484 41 1623 23.7679 0
1296 440124 39 1436 23.1186 0
1296 448884 41 1296 25.1589 0
1296 457644 42 1385 25.1114 0
1296 466404 40 1337 23.9225 0
1296 475164 40 1323 24.1365 0
1296 483924 40 1369 23.6688 0
1296 492684 42 1298 25.781 0
1296 501564 45 1661 26.1759 0
1296 510444 41 1451 24.1067 0
1296 519324 47 1648 28.5213 0
1296 528204 40 1498 23.2517 0
1296 537084 44 1579 26.0508 0
1296 545964 49 1704 29.7163 0
1296 554964 48 1330 29.7282 0
1296 563964 44 1394 26.9914 0
1296 572964 44 1332 27.4572 0
1296 581964 45 1411 26.3485 0
1296 590964 41 1346 24.4984 0
1296 599964 46 1305 28.5258 0
1296 609084 49 1577 30.1269 0
1296 618204 46 1495 27.5438 0
1296 627324 47 1518 28.529 0
1296 636444 47 1362 29.6473 0
1296 645564 44 1373 27.2884 0
1296 654684 48 1392 30.338 0
1296 663924 47 1369 29.433 0
1296 673164 47 1353 29.7169 0
1296 682404 47 1487 29.501 0
1296 691644 47 1301 29.1218 0
1296 700884 48 1408 30.1135 0
1296 710124 50 1530 31.0184 0
1296 719484 50 1377 31.0075 0
1296 728844 48 1438 29.9938 0
1296 738204 45 1387 27.6362 0
1296 747564 51 1399 32.4579 0
1296 756924 50 1596 31.2709 0
1296 766284 49 1311 31.0759 0
2401 781632 118 3249 60.8794 0
2401 796980 114 2897 62.3494 0
2401 812328 112 2785 61.3257 0
2401 827676 111 2512 61.0308 0
2401 843024 105 2891 54.1332 0
2401 858372 106 2660 57.4513 0
2401 873840 140 3539 72.1654 0
2401 889308 126 3033 69.4774 0
2401 904776 124 2935 67.8566 0
2401 920244 115 2920 62.5511 0
2401 935712 113 2549 62.4783 0
2401 951180 116 2567 65.4272 0
2401 966768 121 3109 66.4765 0
2401 982356 120 2514 67.5987 0
2401 997944 115 2925 61.3709 0
2401 1013532 123 2611 70.2723 0
2401 1029120 116 2719 63.843 0
2401 1044708 118 2557 66.3546 0
