1296 7718 29 2027 8.95403 0
1296 15436 24 1718 8.65792 0
1296 23154 21 1494 7.43693 0
1296 30872 21 1510 7.6137 0
1296 38590 22 1899 6.8367 0
1296 46308 25 1746 9.32392 0
256 47754 2 315 1.0593 0
256 49200 2 312 0.894087 0
256 50646 1 266 0.840513 0
256 52092 1 271 0.774427 0
256 53538 2 345 1.01792 0
256 54984 1 267 0.806828 0
625 58634 7 744 3.17983 0
625 62284 6 640 2.27548 0
625 65934 6 634 2.67456 0
625 69584 6 655 2.42818 0
625 73234 7 713 3.30783 0
625 76884 6 649 2.32168 0
625 80324 7 841 3.1099 0
625 83764 7 732 3.23405 0
625 87204 6 641 2.3714 0
625 90644 8 994 3.18914 0
625 94084 6 683 2.7461 0
625 97524 7 798 3.24528 0
625 101004 6 697 2.42915 0
625 104484 6 739 2.85101 0
625 107964 9 835 4.12846 0
625 111444 6 667 2.97516 0
625 114924 6 659 2.1571 0
625 118404 7 778 2.95527 0
1296 125404 20 1562 6.42607 0
1296 132404 20 1503 5.88391 0
1296 139404 22 1905 7.21943 0
1296 146404 23 1746 7.27108 0
1296 153404 18 1547 5.27598 0
1296 160404 28 2164 8.61654 0
1296 167444 25 1714 8.54179 0
1296 174484 19 1353 5.88487 0
1296 181524 37 3014 10.0582 0
1296 188564 25 1769 7.65797 0
1296 195604 34 2452 10.7842 0
1296 202644 22 1817 6.57461 0
1296 209724 24 1824 6.89413 0
1296 216804 22 1652 7.57488 0
1296 223884 27 2171 8.67075 0
1296 230964 21 1738 6.41164 0
1296 238044 22 1554 7.04715 0
1296 245124 18 1386 5.43574 0
1296 252244 26 2039 7.33235 0
1296 259364 22 1631 7.95407 0
1296 266484 26 1908 8.42053 0
1296 273604 22 1984 6.85307 0
1296 280724 22 1539 7.27204 0
1296 287844 28 1835 10.3912 0
1296 295004 21 1445 7.48922 0
1296 302164 19 1361 5.89867 0
1296 309324 18 1368 5.5769 0
1296 316484 19 1464 6.26374 0
1296 323644 19 1453 6.53707 0
1296 330804 20 1622 6.07319 0
1296 338004 19 1324 6.67791 0
1296 345204 36 2401 12.9641 0
1296 352404 18 1322 5.92433 0
1296 359604 18 1329 5.40366 0
1296 366804 18 1471 6.20407 0
1296 374004 34 2031 12.0184 0
1296 381244 20 1409 6.94193 0
1296 388484 20 1751 6.45495 0
1296 395724 27 2077 9.13079 0
1296 402964 20 1482 6.65609 0
1296 410204 20 1589 6.93487 0
1296 417444 21 1653 6.55343 0
1296 424724 19 1313 6.23102 0
1296 432004 24 1890 7.23162 0
1296 439284 21 1643 6.97914 0
1296 446564 20 1327 7.25824 0
1296 453844 20 1554 6.63716 0
1296 461124 21 1586 6.56691 0
1296 468444 21 1517 7.02021 0
1296 475764 20 1671 6.62722 0
1296 483084 21 1676 7.64065 0
1296 490404 28 1924 10.5889 0
1296 497724 19 1389 6.28107 0
1296 505044 27 1955 9.54046 0
1296 512404 21 1416 7.50174 0
1296 519764 19 1369 6.58872 0
1296 527124 20 1608 6.35838 0
1296 534484 21 1690 7.07859 0
1296 541844 17 1299 5.55733 0
1296 549204 20 1473 7.16489 0
1296 556604 19 1319 6.71929 0
1296 564004 20 1336 7.05646 0
1296 571404 30 1892 13.0334 0
1296 578804 19 1345 6.74239 0
1296 586204 24 1629 8.45293 0
1296 593604 18 1304 6.03148 0
1296 601044 24 1649 9.851 0
1296 608484 24 1665 8.21489 0
1296 615924 21 1620 8.19724 0
1296 623364 20 1334 7.89376 0
1296 630804 21 1692 7.2467 0
1296 638244 23 1682 7.63968 0
2401 651592 65 2974 16.4214 0
2401 664940 68 2829 21.2027 0
2401 678288 90 4163 21.2659 0
2401 691636 121 4861 35.3894 0
2401 704984 67 3316 17.4971 0
2401 718332 156 6917 37.8997 0
2401 731720 65 3567 17.6434 0
2401 745108 78 3785 20.8543 0
2401 758496 88 4147 24.9526 0
2401 771884 78 3873 17.4682 0
2401 785272 55 2526 14.3644 0
2401 798660 160 6136 44.5331 0
2401 812088 52 2587 12.2673 0
2401 825516 86 3515 21.494 0
2401 838944 56 2643 14.5922 0
2401 852372 69 3687 15.8125 0
2401 865800 79 3272 24.4499 0
2401 879228 71 3108 20.9855 0
