1000 20094 75 1025 55.5322 0
1000 40170 69 1028 50.3172 0
1000 60264 69 1021 50.0047 0
1000 80354 72 1037 52.8612 0
1000 100442 75 1077 54.8935 0
1000 120518 72 1028 52.4461 0
200 121404 1 204 0.707057 0
200 122292 1 206 0.662144 0
200 123176 1 203 0.674977 0
200 124074 1 224 0.676581 0
200 124948 1 220 0.651879 0
200 125850 1 208 0.682997 0
400 129120 7 409 4.88813 0
400 132424 7 423 5.00137 0
400 135730 6 405 4.06173 0
400 139024 7 402 4.57983 0
400 142302 8 415 5.2346 0
400 145592 7 400 4.46915 0
600 152870 22 610 15.3791 0
600 160152 21 600 14.5476 0
600 167442 22 603 15.4359 0
600 174728 21 624 14.9768 0
600 182030 22 642 15.5735 0
600 189324 21 617 14.734 0
800 202184 42 832 30.6149 0
800 215062 42 860 30.151 0
800 227940 40 806 28.7545 0
800 240818 43 826 30.7682 0
800 253692 42 804 30.39 0
800 266564 42 803 30.2386 0
1100 290832 87 1109 64.0759 0
1100 315106 91 1159 67.2388 0
1100 339384 89 1117 65.6325 0
1100 363652 89 1173 65.534 0
1100 387940 90 1132 65.6867 0
1100 412202 90 1187 66.447 0
1200 441064 110 1223 81.9211 0
1200 469924 107 1248 79.2911 0
1200 498782 110 1216 81.4874 0
1200 527654 109 1260 81.0755 0
1200 556540 111 1222 82.4675 0
1200 585412 109 1231 80.6183 0
1300 619276 129 1318 95.6436 0
1300 653152 131 1340 97.512 0
1300 687016 136 1325 101.365 0
1300 720876 130 1319 95.788 0
1300 754750 135 1319 100.2 0
1300 788628 128 1308 94.6995 0
1400 827898 154 1419 114.794 0
1400 867174 157 1416 117.207 0
1400 906426 152 1400 112.616 0
1400 945686 156 1405 116.449 0
1400 984962 150 1402 110.464 0
1400 1024236 160 1482 119.252 0
1500 1069308 178 1525 132.985 0
1500 1114388 180 1539 134.336 0
1500 1159436 181 1512 134.776 0
1500 1204492 180 1501 134.416 0
1500 1249558 183 1582 137.219 0
1500 1294638 175 1534 130.414 0
1600 1345906 204 1613 152.111 0
1600 1397170 205 1606 152.845 0
1600 1448416 211 1615 159.035 0
1600 1499664 205 1611 153.289 0
1600 1550938 209 1651 156.351 0
1600 1602210 209 1685 156.53 0
1700 1660080 233 1710 173.759 0
1700 1717944 234 1760 175.749 0
1700 1775796 237 1737 178.986 0
1700 1833650 237 1712 178.725 0
1700 1891520 236 1720 176.994 0
1700 1949388 231 1713 173.325 0
1800 2014246 265 1838 198.896 0
1800 2079130 261 1812 195.202 0
1800 2143992 265 1807 199.257 0
1800 2208848 254 1801 190.085 0
1800 2273706 269 1836 202.279 0
1800 2338580 272 1846 204.709 0
1900 2410854 297 1939 223.191 0
1900 2483124 293 1915 219.116 0
1900 2555372 290 1901 217.914 0
1900 2627626 299 1900 225.887 0
1900 2699888 297 1951 223.344 0
1900 2772166 286 1901 213.718 0
2000 2852246 333 2012 249.726 0
2000 2932314 337 2068 254.318 0
2000 3012366 337 2006 255.814 0
2000 3092426 335 2010 251.92 0
2000 3172492 334 2024 252.216 0
2000 3252564 335 2022 252.106 0
2100 3340832 371 2109 279.653 0
2100 3429104 374 2110 281.461 0
2100 3517362 363 2100 272.869 0
2100 3605620 371 2119 278.721 0
2100 3693890 369 2101 278.928 0
2100 3782168 373 2225 280.975 0
2200 3879022 414 2205 312.546 0
2200 3975876 403 2216 304.287 0
2200 4072726 413 2269 312.93 0
2200 4169594 403 2233 303.245 0
2200 4266456 400 2206 301.113 0
2200 4363320 406 2310 305.654 0
2300 4469180 455 2323 344.593 0
2300 4575014 462 2324 350.768 0
2300 4680862 450 2330 339.75 0
2300 4786712 434 2301 326.991 0
2300 4892562 453 2317 343.375 0
2300 4998422 457 2367 346.563 0
2400 5113676 484 2400 365.195 0
2400 5228914 489 2401 369.432 0
2400 5344168 487 2470 368.448 0
2400 5459408 483 2402 365.164 0
2400 5574662 489 2405 369.805 0
2400 5689914 488 2432 368.526 0
2500 5814966 526 2506 398.361 0
2500 5940024 539 2521 409.074 0
2500 6065070 542 2517 411.231 0
2500 6190128 535 2568 404.38 0
2500 6315172 548 2564 416.851 0
2500 6440224 557 2618 424.099 0
2600 6575482 582 2604 441.263 0
2600 6710732 596 2638 454.265 0
2600 6845972 570 2608 431.458 0
2600 6981234 575 2602 434.313 0
2600 7116472 583 2617 442.273 0
2600 7251728 589 2609 448.618 0
2700 7397586 635 2751 481.999 0
2700 7543424 637 2767 484 0
2700 7689252 628 2756 475.915 0
2700 7835098 637 2800 485.01 0
2700 7980932 640 2726 486.939 0
2700 8126790 637 2706 485.553 0
