1000 99916 139 1012 101.009 0
1000 199830 147 1019 108.653 0
1000 299748 144 1012 105.258 0
1000 399660 133 1006 95.5682 0
1000 499580 145 1006 105.663 0
1000 599490 141 1011 102.529 0
200 603494 4 213 3.2626 0
200 607488 5 212 3.37905 0
200 611482 4 200 3.16155 0
200 615484 4 202 3.25554 0
200 619488 4 200 3.14775 0
200 623488 5 202 3.5818 0
400 639468 21 418 14.9313 0
400 655452 20 404 14.315 0
400 671432 21 409 14.8905 0
400 687402 21 404 15.0542 0
400 703384 21 407 15.3724 0
400 719362 21 407 15.5004 0
600 755316 51 629 37.2443 0
600 791274 48 613 34.6554 0
600 827228 46 601 33.2153 0
600 863192 47 607 33.3639 0
600 899150 48 606 34.3288 0
600 935116 50 619 36.4847 0
800 999060 88 811 63.3724 0
800 1063004 89 838 64.1757 0
800 1126940 90 813 65.3919 0
800 1190876 92 809 67.164 0
800 1254820 90 817 65.184 0
800 1318758 89 812 64.6553 0
1100 1439672 172 1133 125.401 0
1100 1560580 175 1133 128.221 0
1100 1681482 176 1143 129.307 0
1100 1802386 182 1140 134.154 0
1100 1923290 171 1111 124.685 0
1100 2044200 174 1106 127.512 0
1200 2188102 204 1229 148.982 0
1200 2331992 213 1217 157.275 0
1200 2475882 196 1200 140.529 0
1200 2619774 207 1234 150.936 0
1200 2763672 214 1245 157.441 0
1200 2907570 199 1200 144.145 0
1300 3076462 251 1322 185.852 0
1300 3245344 246 1317 181.368 0
1300 3414230 245 1346 180.351 0
1300 3583128 245 1318 178.524 0
1300 3752012 236 1305 170.178 0
1300 3920904 233 1309 168.277 0
1400 4116786 273 1408 198.972 0
1400 4312658 277 1416 201.952 0
1400 4508530 277 1421 201.957 0
1400 4704416 282 1419 205.106 0
1400 4900294 289 1446 212.724 0
1400 5096168 280 1420 204.628 0
1500 5321038 337 1525 250.015 0
1500 5545910 329 1530 241.509 0
1500 5770774 330 1507 243.598 0
1500 5995644 335 1549 247.931 0
1500 6220512 312 1503 226.337 0
1500 6445382 324 1528 238.308 0
1600 6701244 373 1611 273.634 0
1600 6957106 386 1638 285.516 0
1600 7212958 371 1608 272.077 0
1600 7468820 367 1616 268.689 0
1600 7724676 374 1636 274.047 0
1600 7980544 372 1634 274.572 0
1700 8269390 410 1702 299.222 0
1700 8558240 432 1743 320.364 0
1700 8847086 423 1708 312.269 0
1700 9135932 422 1724 310.841 0
1700 9424780 432 1749 319.669 0
1700 9713632 422 1711 310.532 0
1800 10037474 490 1848 363.915 0
1800 10361314 465 1804 339.875 0
1800 10685156 476 1819 350.484 0
1800 11008998 468 1824 344.461 0
1800 11332840 464 1817 340.413 0
1800 11656680 442 1804 319.614 0
1900 12017516 547 1947 406.416 0
1900 12378344 502 1900 365.344 0
1900 12739172 548 1926 409.121 0
1900 13100004 539 1941 399.314 0
1900 13460832 523 1921 384.122 0
1900 13821656 545 1908 406.758 0
2000 14221474 557 2000 405.128 0
2000 14621296 608 2033 452.044 0
2000 15021116 593 2007 438.431 0
2000 15420932 581 2027 427.232 0
2000 15820752 604 2042 448.688 0
2000 16220574 602 2004 449.395 0
2100 16661384 645 2120 477.438 0
2100 17102196 666 2125 495.195 0
2100 17543004 625 2100 457.272 0
2100 17983810 650 2120 480.147 0
2100 18424616 670 2162 498.61 0
2100 18865424 633 2105 463.165 0
2200 19349224 711 2237 524.284 0
2200 19833022 741 2254 552.884 0
2200 20316818 740 2261 551.795 0
2200 20800610 719 2223 532.028 0
2200 21284410 707 2221 521.719 0
2200 21768212 711 2224 524.883 0
2300 22296994 772 2310 569.416 0
2300 22825778 768 2320 564.08 0
2300 23354562 766 2318 563.117 0
2300 23883344 801 2346 596.843 0
2300 24412134 767 2315 563.693 0
2300 24940916 778 2314 573.641 0
2400 25516696 867 2436 643.764 0
2400 26092478 886 2432 661.628 0
2400 26668254 820 2406 599.343 0
2400 27244026 870 2429 648.651 0
2400 27819806 874 2450 650.454 0
2400 28395574 865 2412 641.854 0
2500 29020342 907 2509 666.061 0
2500 29645108 896 2509 657.498 0
2500 30269874 922 2533 681.387 0
2500 30894644 922 2541 680.022 0
2500 31519412 923 2524 682.674 0
2500 32144182 938 2515 697.124 0
2600 32819942 982 2603 720.761 0
2600 33495704 980 2620 721.465 0
2600 34171464 996 2639 735.748 0
2600 34847228 1023 2647 763.443 0
2600 35522992 1029 2654 765.731 0
2600 36198754 1036 2654 773.217 0
2700 36927502 1111 2725 831.341 0
2700 37656260 1086 2733 806.148 0
2700 38385006 1112 2753 829.273 0
2700 39113758 1042 2703 762.94 0
2700 39842508 1102 2758 819.752 0
2700 40571252 1083 2705 801.987 0
