1000 199806 199 1000 140.293 0
1000 399616 218 1014 158.731 0
1000 599420 202 1001 142.447 0
1000 799226 214 1020 154.258 0
1000 999034 205 1009 146.514 0
1000 1198840 198 1001 138.755 0
200 1206806 7 204 5.13932 0
200 1214776 7 202 4.9154 0
200 1222742 7 208 5.40238 0
200 1230714 7 202 5.46782 0
200 1238676 8 203 5.24615 0
200 1246646 7 201 5.35137 0
400 1278572 31 408 21.5976 0
400 1310496 29 407 20.3728 0
400 1342426 34 409 24.3004 0
400 1374352 31 406 21.777 0
400 1406280 32 406 22.2017 0
400 1438206 30 407 20.702 0
600 1510090 73 612 52.4525 0
600 1581978 70 604 48.7039 0
600 1653864 69 604 48.2589 0
600 1725746 77 614 56.093 0
600 1797636 70 606 49.7965 0
600 1869532 72 610 50.4718 0
800 1997382 137 819 99.2318 0
800 2125230 132 809 94.5121 0
800 2253082 133 815 95.6109 0
800 2380934 129 815 91.1998 0
800 2508782 130 803 92.4253 0
800 2636632 124 800 87.0001 0
1100 2878416 255 1108 183.282 0
1100 3120208 260 1105 188.341 0
1100 3362006 239 1100 167.598 0
1100 3603794 240 1106 168.377 0
1100 3845584 256 1121 183.512 0
1100 4087378 262 1131 190.021 0
1200 4375144 315 1218 229.865 0
1200 4662914 316 1212 230.253 0
1200 4950678 318 1226 230.92 0
1200 5238444 291 1207 206.829 0
1200 5526212 296 1216 210.638 0
1200 5813986 307 1224 221.993 0
1300 6151734 348 1306 248.159 0
1300 6489484 370 1316 268.66 0
1300 6827226 367 1328 266.773 0
1300 7164976 334 1303 234.802 0
1300 7502722 353 1308 252.478 0
1300 7840468 348 1308 247.929 0
1400 8232196 424 1417 307.377 0
1400 8623926 434 1436 316.89 0
1400 9015648 428 1422 311.083 0
1400 9407376 427 1417 310.602 0
1400 9799100 407 1410 290.083 0
1400 10190828 409 1404 292.463 0
1500 10640538 457 1500 324.148 0
1500 11090246 457 1503 324.504 0
1500 11539950 474 1513 340.499 0
1500 11989658 486 1529 352.33 0
1500 12439360 461 1502 328.974 0
1500 12889066 473 1507 339.13 0
1600 13400752 519 1600 368.268 0
1600 13912442 566 1630 412.772 0
1600 14424130 545 1616 393.397 0
1600 14935818 554 1616 401.451 0
1600 15447502 556 1611 403.079 0
1600 15959192 531 1602 380.367 0
1700 16536856 596 1706 425.369 0
1700 17114528 640 1725 467.668 0
1700 17692196 609 1712 437.977 0
1700 18269866 619 1721 448.525 0
1700 18847534 639 1710 466.608 0
1700 19425204 591 1710 419.94 0
1800 20072854 725 1836 530.649 0
1800 20720506 719 1828 526.625 0
1800 21368154 684 1813 493.058 0
1800 22015800 677 1809 485.061 0
1800 22663446 703 1814 510.419 0
1800 23311096 689 1811 499.441 0
1900 24032726 797 1920 582.975 0
1900 24754350 790 1935 575.609 0
1900 25475982 745 1905 532.867 0
1900 26197612 743 1901 529.369 0
1900 26919238 763 1911 548.983 0
1900 27640870 742 1901 530.256 0
2000 28440480 879 2012 643.479 0
2000 29240090 871 2000 635.092 0
2000 30039698 884 2015 646.934 0
2000 30839306 889 2023 646.157 0
2000 31638912 810 2002 577.138 0
2000 32438526 885 2016 649.264 0
2100 33320112 961 2117 699.277 0
2100 34201702 989 2101 728.984 0
2100 35083294 933 2114 672.939 0
2100 35964878 940 2116 678.585 0
2100 36846466 953 2101 691.109 0
2100 37728058 958 2111 696.406 0
2200 38695624 1085 2227 796.404 0
2200 39663198 1017 2207 733.45 0
2200 40630766 1007 2213 721.849 0
2200 41598328 1031 2208 745.457 0
2200 42565896 1071 2216 783.726 0
2200 43533466 988 2200 704.106 0
2300 44591012 1096 2302 785.121 0
2300 45648560 1113 2306 800.695 0
2300 46706110 1177 2329 861.753 0
2300 47763658 1140 2320 828.526 0
2300 48821212 1131 2312 818.27 0
2300 49878764 1216 2307 901.899 0
2400 51030294 1272 2418 929.934 0
2400 52181822 1303 2400 962.514 0
2400 53333356 1237 2404 892.582 0
2400 54484888 1278 2430 932.51 0
2400 55636414 1230 2404 889.664 0
2400 56787942 1314 2408 972.519 0
2500 58037450 1390 2515 1018.45 0
2500 59286960 1314 2501 944.028 0
2500 60536466 1400 2523 1028.14 0
2500 61785972 1309 2500 936.13 0
2500 63035478 1484 2529 1110.04 0
2500 64284986 1449 2548 1074.13 0
2600 65636476 1430 2603 1029.6 0
2600 66987968 1476 2622 1074.57 0
2600 68339460 1466 2612 1063.79 0
2600 69690948 1462 2620 1058.97 0
2600 71042436 1429 2604 1030.9 0
2600 72393920 1425 2604 1026.58 0
2700 73851394 1619 2720 1186.09 0
2700 75308860 1642 2708 1207.71 0
2700 76766328 1544 2710 1115.39 0
2700 78223800 1561 2709 1127.12 0
2700 79681270 1635 2704 1205.33 0
2700 81138742 1534 2707 1103.35 0
