1024 3968 437 31315 127.516 0
1024 7936 452 34704 119.09 0
1024 11904 348 28852 77.3419 0
1024 15872 328 26345 84.7189 0
1024 19840 24 2109 5.65453 0
1024 23808 17 1637 3.97351 0
196 24536 1 255 0.460036 0
196 25264 1 208 0.462924 0
196 25992 9 1622 4.05628 0
196 26720 1 216 0.383043 0
196 27448 2 433 1.05353 0
196 28176 2 475 0.730476 0
400 29696 39 5573 11.6135 0
400 31216 64 7891 24.0727 0
400 32736 2 466 0.935792 0
400 34256 2 408 0.79977 0
400 35776 19 2543 7.11677 0
400 37296 4 613 1.55912 0
576 39504 182 18326 65.2527 0
576 41712 78 8631 23.5488 0
576 43920 111 13173 31.0691 0
576 46128 80 9631 21.9852 0
576 48336 7 1018 2.35761 0
576 50544 62 7731 18.0341 0
784 53568 92 9685 22.4106 0
784 56592 31 2815 10.0621 0
784 59616 351 31493 105.714 0
784 62640 66 7227 16.8616 0
784 65664 53 5392 13.4758 0
784 68688 7 833 2.06888 0
1089 72912 1641 127198 382.123 0
1089 77136 16 1559 3.74156 0
1089 81360 16 1381 3.95041 0
1089 85584 16 1430 3.71494 0
1089 89808 72 6487 14.4786 0
1089 94032 361 25954 97.1068 0
1225 98792 20 1776 3.96741 0
1225 103552 998 73737 217.214 0
1225 108312 1481 106162 344.277 0
1225 113072 369 29279 73.1901 0
1225 117832 89 5906 24.1413 0
1225 122592 149 11241 29.0904 0
1296 127632 347 21870 88.4399 0
1296 132672 158 12786 30.534 0
1296 137712 379 27385 80.6167 0
1296 142752 107 9166 18.3899 0
1296 147792 16 1316 3.63602 0
1296 152832 1591 106207 357.761 0
1369 158160 211 15922 34.6843 0
1369 163488 350 22388 79.0047 0
1369 168816 327 23553 58.2649 0
1369 174144 856 51738 201.538 0
1369 179472 387 28737 65.3714 0
1369 184800 20 1460 4.31773 0
1521 190728 1302 80071 290.832 0
1521 196656 628 40918 105.932 0
1521 202584 978 60246 196.227 0
1521 208512 212 15937 38.5022 0
1521 214440 21 1559 4.29881 0
1521 220368 2703 163663 544.336 0
1600 226608 1324 69040 332.77 0
1600 232848 41 2764 7.7247 0
1600 239088 1994 111554 433.667 0
1600 245328 2338 119254 614.413 0
1600 251568 8342 436241 2028.62 0
1600 257808 38 2571 7.24734 0
1681 264368 255 15234 51.5876 0
1681 270928 884 48451 179.42 0
1681 277488 499 27528 106.943 0
1681 284048 2640 158586 454.066 0
1681 290608 459 24649 106.923 0
1681 297168 96 6970 12.5891 0
1764 304056 971 56962 174.646 0
1764 310944 6987 367464 1435.17 0
1764 317832 1234 72501 193.06 0
1764 324720 2673 148732 494.782 0
1764 331608 822 49453 123.81 0
1764 338496 185 9892 37.8045 0
1936 346064 50 2974 8.13757 0
1936 353632 730 40930 104.924 0
1936 361200 129 6862 23.9553 0
1936 368768 4942 258764 848.077 0
1936 376336 247 14794 36.7368 0
1936 383904 6707 333494 1317 0
2025 391824 8197 388518 1639.16 0
2025 399744 892 44673 167.876 0
2025 407664 46 2544 8.39839 0
2025 415584 12960 586648 2912.72 0
2025 423504 1979 92372 413.89 0
2025 431424 4215 200949 808.575 0
2116 439704 71 3909 10.7239 0
2116 447984 3894 177710 773.14 0
2116 456264 2283 104874 412.048 0
2116 464544 4043 191479 770.979 0
2116 472824 11454 511047 2175.67 0
2116 481104 1524 67899 318.685 0
2209 489752 14723 612990 3089.58 0
2209 498400 594 24126 126.453 0
2209 507048 257 10924 55.9676 0
2209 515696 507 26086 72.9764 0
2209 524344 133 6254 24.4339 0
2209 532992 233 12631 33.9776 0
2304 542016 651 27286 126.741 0
2304 551040 1351 55145 281.175 0
2304 560064 2922 122291 580.219 0
2304 569088 2467 117575 347.577 0
2304 578112 1582 73916 221.688 0
2304 587136 233 11163 38.6854 0
2401 596544 1473 67418 222.083 0
2401 605952 2005 90531 301.631 0
2401 615360 9506 392599 1725.78 0
2401 624768 11000 471618 1832.58 0
2401 634176 62 2995 10.5401 0
2401 643584 17790 705281 3573.63 0
2500 653384 14716 584859 2812.2 0
2500 663184 465 23655 48.2246 0
2500 672984 2831 127932 322.647 0
2500 682784 1344 65946 178.377 0
2500 692584 105 5150 14.6294 0
2500 702384 3066 135088 420.78 0
2601 712584 445 20729 51.365 0
2601 722784 651 27915 90.0898 0
2601 732984 16494 656260 2686.14 0
2601 743184 1592 64118 241.009 0
2601 753384 5122 198123 876.276 0
2601 763584 1664 75656 230.319 0
2704 774192 32785 1184814 5760.54 0
2704 784800 299 12875 43.0827 0
2704 795408 820 36142 99.3784 0
2704 806016 5589 214200 921.609 0
2704 816624 354 15523 42.5947 0
2704 827232 5050 206512 743.046 0
