1024 5196 14 1162 4.90032 0
1024 10392 13 1096 4.42071 0
1024 15588 16 1318 5.42227 0
1024 20784 15 1239 5.48322 0
1024 25980 15 1352 4.73286 0
1024 31176 13 1060 5.05398 0
196 32138 1 244 0.642896 0
196 33100 1 228 0.529651 0
196 34062 1 230 0.46549 0
196 35024 1 196 0.447204 0
196 35986 1 197 0.460357 0
196 36948 1 198 0.432447 0
400 38948 3 403 1.18153 0
400 40948 4 538 1.59858 0
400 42948 3 487 1.34257 0
400 44948 3 407 1.32268 0
400 46948 3 421 1.23446 0
400 48948 2 427 1.10037 0
576 51846 5 618 2.01787 0
576 54744 5 578 1.58382 0
576 57642 5 577 2.03359 0
576 60540 6 692 2.25014 0
576 63438 5 593 2.1863 0
576 66336 4 598 1.73524 0
784 70300 10 941 3.81824 0
784 74264 12 1165 4.46947 0
784 78228 11 1037 4.09477 0
784 82192 15 1364 5.36164 0
784 86156 8 791 3.54042 0
784 90120 9 895 3.27543 0
1089 95664 15 1109 5.33405 0
1089 101208 17 1295 6.11361 0
1089 106752 17 1234 6.27529 0
1089 112296 14 1128 4.86407 0
1089 117840 17 1318 5.97374 0
1089 123384 15 1269 4.93079 0
1225 129584 17 1249 6.02186 0
1225 135784 23 1478 8.63354 0
1225 141984 19 1456 5.22658 0
1225 148184 21 1416 7.95247 0
1225 154384 33 2088 10.5921 0
1225 160584 20 1465 6.57878 0
1296 167184 21 1417 6.8922 0
1296 173784 20 1310 7.40293 0
1296 180384 19 1301 6.90985 0
1296 186984 32 1885 11.6478 0
1296 193584 20 1416 6.69202 0
1296 200184 22 1449 7.50911 0
1369 207192 22 1481 7.80875 0
1369 214200 23 1453 8.65439 0
1369 221208 29 1764 9.79486 0
1369 228216 22 1473 7.36058 0
1369 235224 25 1498 9.24628 0
1369 242232 24 1663 7.67144 0
1521 249960 27 1598 9.10577 0
1521 257688 25 1541 8.09972 0
1521 265416 28 1725 8.85907 0
1521 273144 29 1711 9.89591 0
1521 280872 29 1587 10.4836 0
1521 288600 32 1714 11.78 0
1600 296760 31 1645 11.2818 0
1600 304920 32 1610 12.9843 0
1600 313080 40 2084 14.3054 0
1600 321240 38 2043 13.1492 0
1600 329400 38 2146 11.5673 0
1600 337560 31 1759 10.9571 0
1681 346160 34 1695 12.7809 0
1681 354760 45 2101 16.7814 0
1681 363360 34 1785 12.0001 0
1681 371960 36 2066 10.3964 0
1681 380560 34 1883 11.6549 0
1681 389160 35 2039 10.0191 0
1764 398208 45 2467 14.187 0
1764 407256 46 2425 14.7074 0
1764 416304 43 2300 12.7944 0
1764 425352 38 2045 12.4489 0
1764 434400 43 2000 16.451 0
1764 443448 35 1793 11.8503 0
1936 453296 45 2346 12.9818 0
1936 463144 48 2336 15.6618 0
1936 472992 47 2240 15.852 0
1936 482840 51 2473 14.7619 0
1936 492688 50 2564 15.1482 0
1936 502536 60 2949 17.8375 0
2025 512856 78 3255 26.284 0
2025 523176 69 2805 26.0623 0
2025 533496 43 2145 13.3035 0
2025 543816 49 2108 18.2754 0
2025 554136 46 2124 16.0304 0
2025 564456 45 2162 13.6388 0
2116 575256 54 2243 20.1306 0
2116 586056 49 2231 15.6839 0
2116 596856 52 2571 15.2845 0
2116 607656 79 3106 26.6058 0
2116 618456 56 2646 15.6983 0
2116 629256 57 2411 18.8859 0
2209 640544 56 2490 18.0986 0
2209 651832 72 2909 23.5783 0
2209 663120 58 2382 20.0943 0
2209 674408 69 2791 23.3332 0
2209 685696 74 3258 22.1757 0
2209 696984 56 2426 18.3235 0
2304 708768 78 2924 25.9475 0
2304 720552 66 2633 22.296 0
2304 732336 61 2366 21.8267 0
2304 744120 104 3610 38.721 0
2304 755904 62 2409 21.3112 0
2304 767688 91 3089 35.4183 0
2401 779976 85 3581 26.0334 0
2401 792264 81 2877 28.8145 0
2401 804552 68 2594 22.9678 0
2401 816840 65 2527 22.7615 0
2401 829128 92 3300 31.1028 0
2401 841416 64 2428 21.9611 0
2500 854216 106 3803 30.6319 0
2500 867016 82 3271 23.9954 0
2500 879816 83 2902 29.5639 0
2500 892616 78 3180 23.9145 0
2500 905416 114 4043 38.1285 0
2500 918216 70 2597 23.9363 0
2601 931536 75 2783 24.4923 0
2601 944856 79 2907 24.4323 0
2601 958176 85 2813 31.2366 0
2601 971496 89 3137 28.9983 0
2601 984816 75 2633 26.1993 0
2601 998136 109 3956 31.2161 0
2704 1011984 84 2948 27.4338 0
2704 1025832 85 2936 28.0734 0
2704 1039680 85 3190 26.2692 0
2704 1053528 153 4415 58.8006 0
2704 1067376 81 2768 27.9223 0
2704 1081224 107 3888 33.5002 0
