1024 4786 11 1031 3.28698 0
1024 9572 12 1149 3.66329 0
1024 14358 15 1305 3.93533 0
1024 19144 13 1187 3.45733 0
1024 23930 17 1454 5.1977 0
1024 28716 18 1652 4.75018 0
196 29600 1 265 0.500779 0
196 30484 1 224 0.526764 0
196 31368 0 200 0.373739 0
196 32252 1 237 0.465169 0
196 33136 1 267 0.476077 0
196 34020 2 408 1.16292 0
400 35860 3 492 1.22741 0
400 37700 3 412 1.11994 0
400 39540 2 410 0.893125 0
400 41380 5 654 1.74872 0
400 43220 3 598 1.16389 0
400 45060 3 486 1.31114 0
576 47728 5 677 1.53153 0
576 50396 7 912 2.11283 0
576 53064 4 581 1.40096 0
576 55732 4 586 1.39358 0
576 58400 4 581 1.69931 0
576 61068 7 944 2.0384 0
784 64718 10 1013 3.53753 0
784 68368 11 1183 3.26228 0
784 72018 7 791 2.36274 0
784 75668 7 816 2.14138 0
784 79318 10 1150 3.22667 0
784 82968 9 1042 2.42562 0
1089 88072 14 1305 3.96709 0
1089 93176 20 1570 6.78858 0
1089 98280 15 1233 4.69885 0
1089 103384 14 1231 4.24812 0
1089 108488 13 1119 3.67355 0
1089 113592 12 1090 3.81471 0
1225 119312 30 1915 10.4576 0
1225 125032 19 1402 5.711 0
1225 130752 15 1233 4.09028 0
1225 136472 35 2548 10.2174 0
1225 142192 22 1886 5.6401 0
1225 147912 24 1868 6.78281 0
1296 153992 17 1414 4.59042 0
1296 160072 20 1562 5.60513 0
1296 166152 26 2133 5.86979 0
1296 172232 16 1348 4.52177 0
1296 178312 19 1501 4.87465 0
1296 184392 20 1465 6.4126 0
1369 190840 21 1637 5.17236 0
1369 197288 18 1453 4.86118 0
1369 203736 19 1446 5.27213 0
1369 210184 40 2239 14.1418 0
1369 216632 35 2220 11.8746 0
1369 223080 21 1544 5.91278 0
1521 230208 29 1873 8.22676 0
1521 237336 23 1556 6.58936 0
1521 244464 29 1954 7.62172 0
1521 251592 33 2061 9.2466 0
1521 258720 24 1720 5.59679 0
1521 265848 29 2082 7.12318 0
1600 273368 32 1947 9.62034 0
1600 280888 35 2469 8.75224 0
1600 288408 27 1841 7.33556 0
1600 295928 26 1740 6.91402 0
1600 303448 40 2367 12.753 0
1600 310968 25 1607 7.03978 0
1681 318888 55 3644 13.463 0
1681 326808 30 1853 8.16901 0
1681 334728 48 3355 10.0765 0
1681 342648 41 2668 9.00985 0
1681 350568 44 2226 14.444 0
1681 358488 30 1982 8.10421 0
1764 366816 58 3238 15.2261 0
1764 375144 32 1864 9.13015 0
1764 383472 30 1847 7.66086 0
1764 391800 36 2002 10.0724 0
1764 400128 31 1819 8.42341 0
1764 408456 32 1940 8.59408 0
1936 417544 33 1955 7.67946 0
1936 426632 38 2156 9.52987 0
1936 435720 54 3284 11.2414 0
1936 444808 86 4172 24.5568 0
1936 453896 57 2782 17.2109 0
1936 462984 58 2931 16.5331 0
2025 472504 41 2185 10.8606 0
2025 482024 44 2316 11.2414 0
2025 491544 36 2059 8.43111 0
2025 501064 41 2301 9.58377 0
2025 510584 147 6016 44.329 0
2025 520104 45 2498 10.6456 0
2116 530064 65 2779 20.6891 0
2116 540024 102 4596 29.8295 0
2116 549984 66 3835 12.7367 0
2116 559944 45 2433 10.1776 0
2116 569904 39 2144 8.97745 0
2116 579864 53 2830 12.6844 0
2209 590272 58 2642 16.3361 0
2209 600680 66 3057 16.4144 0
2209 611088 230 8274 74.386 0
2209 621496 64 3167 13.7674 0
2209 631904 52 2755 11.3052 0
2209 642312 54 2913 11.1756 0
2304 653176 51 2570 11.6318 0
2304 664040 77 3132 22.699 0
2304 674904 46 2421 9.89527 0
2304 685768 74 3384 19.2336 0
2304 696632 53 2757 10.7387 0
2304 707496 84 3286 26.6959 0
2401 718824 75 3399 18.8339 0
2401 730152 59 2940 12.8881 0
2401 741480 64 3024 14.4389 0
2401 752808 63 2831 16.3938 0
2401 764136 63 2680 18.1198 0
2401 775464 61 2972 13.1848 0
2500 787264 52 2519 10.9764 0
2500 799064 121 4577 33.9445 0
2500 810864 73 3404 15.9691 0
2500 822664 142 4377 52.9918 0
2500 834464 93 3495 27.5563 0
2500 846264 122 4266 38.1708 0
2601 858544 57 2692 10.936 0
2601 870824 87 4252 16.6502 0
2601 883104 68 2842 16.8449 0
2601 895384 72 3096 16.5356 0
2601 907664 276 7101 104.302 0
2601 919944 73 3237 16.8257 0
2704 932712 220 6244 76.7491 0
2704 945480 164 5997 40.8213 0
2704 958248 131 4635 31.9504 0
2704 971016 67 2751 16.9963 0
2704 983784 123 4035 40.7065 0
2704 996552 67 2784 17.098 0
