1024 4376 36 3214 9.16127 0
1024 8752 11 1093 3.21769 0
1024 13128 17 1719 4.65265 0
1024 17504 12 1141 3.50288 0
1024 21880 36 2622 11.1814 0
1024 26256 26 2564 5.64234 0
196 27062 1 245 0.414803 0
196 27868 1 218 0.453299 0
196 28674 1 274 0.473831 0
196 29480 0 204 0.35 0
196 30286 1 205 0.410632 0
196 31092 1 203 0.38593 0
400 32772 3 472 1.07823 0
400 34452 2 433 0.902428 0
400 36132 2 421 0.963061 0
400 37812 6 1059 1.9165 0
400 39492 2 445 0.76384 0
400 41172 3 520 1.02594 0
576 43610 10 1287 3.12754 0
576 46048 7 897 2.04963 0
576 48486 7 971 2.37846 0
576 50924 5 617 1.68648 0
576 53362 6 732 2.211 0
576 55800 11 1490 3.06595 0
784 59136 13 1579 3.5417 0
784 62472 8 902 2.85293 0
784 65808 17 1945 4.56507 0
784 69144 11 1268 3.00692 0
784 72480 16 1712 4.20513 0
784 75816 9 983 2.73969 0
1089 80480 18 1474 5.64748 0
1089 85144 16 1388 4.57887 0
1089 89808 33 2725 8.74165 0
1089 94472 17 1455 5.15087 0
1089 99136 21 1678 6.02571 0
1089 103800 23 2149 6.04271 0
1225 109040 33 2292 9.61072 0
1225 114280 26 2051 7.09656 0
1225 119520 26 1970 7.38208 0
1225 124760 36 3180 7.43854 0
1225 130000 47 3428 12.6584 0
1225 135240 19 1608 5.01035 0
1296 140800 19 1653 4.23432 0
1296 146360 32 2518 7.36828 0
1296 151920 18 1353 5.23524 0
1296 157480 22 1846 5.61957 0
1296 163040 31 2151 9.73583 0
1296 168600 23 1878 5.79986 0
1369 174488 26 2039 6.4835 0
1369 180376 38 3135 8.08592 0
1369 186264 18 1380 5.10339 0
1369 192152 24 1702 7.51778 0
1369 198040 31 1987 9.77369 0
1369 203928 48 3861 9.64889 0
1521 210456 21 1611 5.24583 0
1521 216984 37 2171 10.6854 0
1521 223512 40 2695 9.5087 0
1521 230040 24 1762 5.43093 0
1521 236568 36 2149 10.8032 0
1521 243096 32 2091 9.21773 0
1600 249976 48 3344 9.50549 0
1600 256856 66 4369 13.3253 0
1600 263736 56 3141 16.1215 0
1600 270616 70 4922 12.1493 0
1600 277496 33 2057 8.46736 0
1600 284376 93 6126 19.472 0
1681 291616 80 4927 18.003 0
1681 298856 56 3019 16.3454 0
1681 306096 62 3173 19.189 0
1681 313336 28 1860 6.94706 0
1681 320576 39 2327 9.66301 0
1681 327816 53 2804 14.777 0
1764 335424 48 2817 12.3899 0
1764 343032 64 2952 20.9702 0
1764 350640 46 2541 12.5487 0
1764 358248 71 4073 16.9703 0
1764 365856 72 4654 12.2972 0
1764 373464 38 2256 9.4054 0
1936 381792 87 5025 12.7213 0
1936 390120 169 7984 41.6339 0
1936 398448 41 2445 9.43427 0
1936 406776 108 6775 16.3778 0
1936 415104 83 3961 23.6457 0
1936 423432 93 4568 22.0497 0
2025 432152 109 5957 21.3927 0
2025 440872 73 3312 22.6082 0
2025 449592 544 17534 194.239 0
2025 458312 51 2719 11.7001 0
2025 467032 71 3689 15.0227 0
2025 475752 67 3313 17.2629 0
2116 484872 113 4446 37.7964 0
2116 493992 119 6514 19.6285 0
2116 503112 139 6825 32.7447 0
2116 512232 88 3635 27.9381 0
2116 521352 116 4942 31.806 0
2116 530472 60 2928 14.7824 0
2209 540000 152 5162 53.2032 0
2209 549528 150 5269 53.6616 0
2209 559056 127 6678 26.873 0
2209 568584 140 7969 21.9223 0
2209 578112 230 7925 68.5704 0
2209 587640 62 2738 16.8901 0
2304 597584 63 3102 12.2901 0
2304 607528 61 2848 15.8478 0
2304 617472 82 4248 16.3015 0
2304 627416 122 6010 25.0591 0
2304 637360 70 3104 19.6337 0
2304 647304 104 5415 16.9424 0
2401 657672 152 5142 47.1018 0
2401 668040 151 5586 42.8941 0
2401 678408 278 10356 66.2911 0
2401 688776 184 5701 65.4474 0
2401 699144 62 2780 16.347 0
2401 709512 133 7026 18.079 0
2500 720312 326 10668 86.9023 0
2500 731112 81 3301 20.1123 0
2500 741912 82 3265 22.0692 0
2500 752712 243 9844 56.7385 0
2500 763512 177 6025 47.9811 0
2500 774312 153 6842 21.7151 0
2601 785552 61 2716 13.9121 0
2601 796792 96 4094 21.3551 0
2601 808032 113 5340 19.0825 0
2601 819272 111 4152 29.0217 0
2601 830512 337 9889 116.213 0
2601 841752 78 3366 16.9444 0
2704 853440 158 5492 42.4565 0
2704 865128 163 6756 30.2248 0
2704 876816 108 4675 20.7395 0
2704 888504 207 8549 38.2052 0
2704 900192 134 5755 28.8909 0
2704 911880 328 10949 84.879 0
