1000 5400 31 2479 9.64986 0
1000 10800 19 1534 5.49221 0
1000 16200 27 2178 7.35577 0
1000 21600 24 1963 7.46869 0
1000 27000 15 1232 4.37163 0
1000 32400 39 3238 10.3887 0
216 33480 1 315 0.804903 0
216 34560 1 264 0.628781 0
216 35640 1 221 0.505591 0
216 36720 7 981 3.16796 0
216 37800 1 218 0.488909 0
216 38880 1 286 0.751008 0
343 40644 2 429 1.0808 0
343 42408 2 350 1.04038 0
343 44172 14 1676 6.47227 0
343 45936 2 371 1.07663 0
343 47700 3 544 1.32814 0
343 49464 3 478 1.27136 0
512 52152 4 545 1.76572 0
512 54840 10 1265 3.43904 0
512 57528 12 1306 5.15921 0
512 60216 4 554 1.65536 0
512 62904 12 1353 4.43707 0
512 65592 4 541 1.61013 0
729 69480 39 3260 15.2312 0
729 73368 32 2947 11.781 0
729 77256 10 956 3.62319 0
729 81144 12 1164 3.85096 0
729 85032 13 1261 4.47172 0
729 88920 12 1337 3.69056 0
1000 94320 12 1031 4.03446 0
1000 99720 21 1721 6.08185 0
1000 105120 47 3890 12.5031 0
1000 110520 398 27611 127.504 0
1000 115920 16 1320 4.6934 0
1000 121320 15 1202 4.53428 0
1000 126720 13 1031 4.04986 0
1000 132120 22 1721 6.12195 0
1000 137520 47 3890 12.6077 0
1000 142920 397 27611 127.187 0
1000 148320 16 1320 4.6148 0
1000 153720 16 1202 4.83936 0
1000 159120 12 1031 3.92057 0
1000 164520 21 1721 6.02891 0
1000 169920 47 3890 12.6661 0
1000 175320 398 27611 127.72 0
1000 180720 15 1320 4.52594 0
1000 186120 15 1202 4.69468 0
1331 193380 59 3990 15.9197 0
1331 200640 65 4360 16.5071 0
1331 207900 56 3904 13.0273 0
1331 215160 24 1623 6.3494 0
1331 222420 96 6419 21.6653 0
1331 229680 339 20740 86.1009 0
1331 236940 60 3990 15.8639 0
1331 244200 65 4360 16.3541 0
1331 251460 57 3904 13.1669 0
1331 258720 24 1623 6.62529 0
1331 265980 96 6419 21.6608 0
1331 273240 338 20740 85.9257 0
1331 280500 59 3990 15.8985 0
1331 287760 66 4360 16.8311 0
1331 295020 56 3904 13.1181 0
1331 302280 24 1623 6.57236 0
1331 309540 96 6419 21.7106 0
1331 316800 338 20740 85.9097 0
1331 324060 59 3990 15.5508 0
1331 331320 65 4360 16.6662 0
1331 338580 267 14817 83.4504 0
1331 345840 24 1623 6.40907 0
1331 353100 95 6419 21.2727 0
1331 360360 338 20740 85.7827 0
1728 369864 32 1799 7.96113 0
1728 379368 37 2059 9.87987 0
1728 388872 31 1767 7.77571 0
1728 398376 83 4871 19.5047 0
1728 407880 87 4460 23.399 0
1728 417384 238 12889 49.2101 0
1728 426888 32 1799 8.04775 0
1728 436392 221 12089 50.7314 0
1728 445896 31 1767 7.81164 0
1728 455400 83 4871 19.3501 0
1728 464904 88 4460 23.5571 0
1728 474408 237 12889 48.6025 0
1728 483912 32 1799 8.13372 0
1728 493416 220 12089 50.638 0
1728 502920 32 1767 7.86713 0
1728 512424 84 4871 19.5884 0
1728 521928 89 4460 23.7984 0
1728 531432 238 12889 48.8726 0
1728 540936 45 2471 10.6142 0
1728 550440 221 12089 50.5479 0
1728 559944 31 1767 7.65989 0
1728 569448 83 4871 19.3334 0
1728 578952 87 4460 23.3489 0
1728 588456 144 7858 29.3528 0
2197 600624 116 5412 23.3031 0
2197 612792 91 4123 20.8466 0
2197 624960 260 11328 63.3179 0
2197 637128 53 2459 12.3193 0
2197 649296 7919 302864 2331.35 0
2197 661464 849 36611 207.753 0
2197 673632 116 5412 23.6441 0
2197 685800 90 4123 20.7081 0
2197 697968 263 11328 64.6203 0
2197 710136 103 4808 21.1658 0
2197 722304 7963 302864 2347.97 0
2197 734472 850 36611 208.858 0
2197 746640 116 5412 23.3509 0
2197 758808 90 4123 20.787 0
2197 770976 2139 84083 575.538 0
2197 783144 103 4808 20.9685 0
2197 795312 7914 302864 2329.89 0
2197 807480 850 36611 208.069 0
2197 819648 117 5412 23.4192 0
2197 831816 53 2435 13.0645 0
2197 843984 2133 84083 574.557 0
2197 856152 103 4808 20.9384 0
2197 868320 7905 302864 2325.94 0
2197 880488 847 36611 207.465 0
2197 892656 103 4816 21.358 0
2197 904824 55 2435 13.4039 0
2197 916992 2136 84083 575.713 0
2197 929160 103 4808 21.3166 0
2197 941328 7919 302864 2327.49 0
2197 953496 102 5038 23.3416 0
2197 965664 104 4816 21.1437 0
2197 977832 54 2435 13.2455 0
2197 990000 2134 84083 576.027 0
2197 1002168 104 4808 21.3686 0
2197 1014336 197 10398 33.1508 0
2197 1026504 101 5038 22.929 0
