1000 6600 21 1010 11.2257 0
1000 13200 20 1005 10.2809 0
1000 19800 21 1037 10.7974 0
1000 26400 21 1040 11.6247 0
1000 33000 23 1262 11.1596 0
1000 39600 21 1018 10.8574 0
216 40938 1 223 0.676901 0
216 42276 1 220 0.782126 0
216 43614 1 222 0.670165 0
216 44952 1 222 0.898899 0
216 46290 1 221 0.682676 0
216 47628 1 218 0.739459 0
343 49802 3 347 1.8209 0
343 51976 3 347 1.89468 0
343 54150 3 346 1.88345 0
343 56324 3 376 1.63579 0
343 58498 4 390 1.98707 0
343 60672 3 355 1.73107 0
512 63974 6 519 2.78556 0
512 67276 7 588 3.89299 0
512 70578 6 545 2.8741 0
512 73880 6 521 3.17245 0
512 77182 7 531 3.6126 0
512 80484 7 584 3.41274 0
729 85246 12 766 6.43409 0
729 90008 11 737 5.93235 0
729 94770 10 745 5.07869 0
729 99532 11 766 5.94101 0
729 104294 12 870 5.84317 0
729 109056 12 765 6.79885 0
1000 115776 22 1065 11.5144 0
1000 122496 23 1032 12.548 0
1000 129216 21 1047 11.5455 0
1000 135936 22 1028 12.019 0
1000 142656 24 1111 12.8056 0
1000 149376 22 1056 11.2131 0
1000 156216 24 1019 13.538 0
1000 163056 22 1061 11.9722 0
1000 169896 23 1000 12.9019 0
1000 176736 26 1133 14.2987 0
1000 183576 23 1054 12.6638 0
1000 190416 21 1164 10.4846 0
1000 197376 23 1010 12.7691 0
1000 204336 25 1040 13.7953 0
1000 211296 25 1071 13.7526 0
1000 218256 24 1015 13.813 0
1000 225216 23 1080 11.9491 0
1000 232176 25 1057 13.7889 0
1331 241116 39 1512 20.3439 0
1331 250056 34 1331 17.6601 0
1331 258996 37 1461 19.2558 0
1331 267936 40 1565 20.8232 0
1331 276876 40 1647 20.5303 0
1331 285816 38 1384 20.2461 0
1331 294876 42 1346 24.1259 0
1331 303936 41 1474 22.3952 0
1331 312996 38 1502 19.9484 0
1331 322056 40 1363 22.0651 0
1331 331116 39 1338 21.7943 0
1331 340176 38 1427 19.942 0
1331 349356 40 1621 20.0761 0
1331 358536 40 1537 21.0869 0
1331 367716 40 1334 22.0801 0
1331 376896 42 1643 21.9627 0
1331 386076 40 1411 22.3746 0
1331 395256 38 1377 20.556 0
1331 404556 39 1375 21.1517 0
1331 413856 40 1510 20.9625 0
1331 423156 40 1435 21.2804 0
1331 432456 43 1567 22.4994 0
1331 441756 43 1599 22.0936 0
1331 451056 41 1422 22.3705 0
1728 462720 60 1910 31.0406 0
1728 474384 64 2086 32.387 0
1728 486048 61 1732 33.3116 0
1728 497712 60 1782 31.6527 0
1728 509376 67 2066 35.2374 0
1728 521040 64 1734 34.9531 0
1728 532824 58 1739 30.8118 0
1728 544608 68 1966 36.3066 0
1728 556392 66 1950 35.41 0
1728 568176 72 2298 36.8189 0
1728 579960 63 2026 31.62 0
1728 591744 62 1894 32.3559 0
1728 603648 65 1999 34.7167 0
1728 615552 70 1959 38.4474 0
1728 627456 64 2236 31.6151 0
1728 639360 65 1999 34.0947 0
1728 651264 62 1736 34.1771 0
1728 663168 63 1743 34.6131 0
1728 675192 64 1797 35.1674 0
1728 687216 65 1803 36.014 0
1728 699240 65 1797 35.861 0
1728 711264 66 1821 36.3981 0
1728 723288 64 2065 32.7486 0
1728 735312 66 1836 36.0968 0
2197 750120 99 2389 52.4618 0
2197 764928 104 2384 55.8376 0
2197 779736 102 2330 55.4126 0
2197 794544 112 2738 58.1513 0
2197 809352 98 2794 48.6622 0
2197 824160 107 2677 55.9281 0
2197 839088 93 2199 49.4295 0
2197 854016 146 3500 72.389 0
2197 868944 105 2379 57.4583 0
2197 883872 96 2317 50.5087 0
2197 898800 100 2256 54.7033 0
2197 913728 106 3024 51.6197 0
2197 928776 96 2210 52.1724 0
2197 943824 100 2200 55.1816 0
2197 958872 110 2774 55.948 0
2197 973920 111 2551 59.6058 0
2197 988968 101 2536 52.1586 0
2197 1004016 100 2470 52.0204 0
2197 1019184 105 2217 58.9578 0
2197 1034352 105 2878 52.7868 0
2197 1049520 102 2299 56.0574 0
2197 1064688 102 2489 54.1332 0
2197 1079856 100 2306 54.693 0
2197 1095024 106 2229 58.7942 0
2197 1110312 111 2895 56.8591 0
2197 1125600 98 2258 53.2041 0
2197 1140888 108 2520 58.1048 0
2197 1156176 108 2310 60.5493 0
2197 1171464 102 2316 55.4248 0
2197 1186752 107 2406 59.0165 0
2197 1202160 113 2644 59.7832 0
2197 1217568 108 2356 59.6158 0
2197 1232976 103 2285 56.0811 0
2197 1248384 109 2397 59.6825 0
2197 1263792 112 2549 60.0383 0
2197 1279200 119 2649 63.8466 0
