1000 6200 16 1012 7.05068 0
1000 12400 19 1192 8.81544 0
1000 18600 19 1007 9.71113 0
1000 24800 18 1120 8.66338 0
1000 31000 19 1022 9.4747 0
1000 37200 14 1019 5.37543 0
216 38452 1 234 0.647387 0
216 39704 1 223 0.647387 0
216 40956 1 244 0.679789 0
216 42208 1 239 0.725985 0
216 43460 1 228 0.594133 0
216 44712 1 260 0.790788 0
343 46750 2 345 1.24858 0
343 48788 2 343 1.30761 0
343 50826 2 343 1.28355 0
343 52864 2 372 1.30215 0
343 54902 3 406 1.20912 0
343 56940 2 352 0.979422 0
512 60036 4 515 1.5665 0
512 63132 5 542 2.45706 0
512 66228 5 549 2.33451 0
512 69324 6 800 2.33226 0
512 72420 4 513 1.62103 0
512 75516 6 753 2.68419 0
729 79986 11 765 5.8544 0
729 84456 9 838 3.84326 0
729 88926 9 759 4.19903 0
729 93396 11 733 5.9192 0
729 97866 13 952 6.08666 0
729 102336 10 810 4.60838 0
1000 108616 20 1013 10.7865 0
1000 114896 20 1329 8.92836 0
1000 121176 19 1039 9.04 0
1000 127456 20 1099 9.39417 0
1000 133736 22 1105 11.5054 0
1000 140016 20 1053 10.526 0
1000 146376 20 1215 9.50742 0
1000 152736 24 1424 9.89046 0
1000 159096 21 1052 10.8859 0
1000 165456 17 1045 7.85944 0
1000 171816 19 1144 8.79138 0
1000 178176 21 1101 10.8388 0
1000 184616 20 1101 10.1192 0
1000 191056 21 1002 11.1281 0
1000 197496 23 1111 12.045 0
1000 203936 23 1007 12.9522 0
1000 210376 21 1005 11.1586 0
1000 216816 23 1006 12.6699 0
1331 225196 30 1378 13.4026 0
1331 233576 30 1351 14.7391 0
1331 241956 44 2310 18.3581 0
1331 250336 35 1744 15.5604 0
1331 258716 43 2228 18.1711 0
1331 267096 35 1501 17.0063 0
1331 275556 31 1365 15.434 0
1331 284016 36 1595 17.5257 0
1331 292476 39 2178 15.0628 0
1331 300936 31 1415 14.9675 0
1331 309396 34 1635 15.9755 0
1331 317856 29 1342 13.5858 0
1331 326396 34 1537 15.6993 0
1331 334936 43 2099 18.7482 0
1331 343476 31 1336 15.6319 0
1331 352016 34 1490 16.6778 0
1331 360556 35 1448 17.885 0
1331 369096 34 1409 17.3993 0
1331 377716 33 1494 15.0346 0
1331 386336 37 1344 20.546 0
1331 394956 31 1426 14.4741 0
1331 403576 36 1499 17.8744 0
1331 412196 36 1611 17.1834 0
1331 420816 35 1448 17.961 0
1728 431760 66 2818 27.6137 0
1728 442704 54 1734 27.7206 0
1728 453648 51 1839 24.0586 0
1728 464592 57 1914 29.0105 0
1728 475536 57 2255 26.0107 0
1728 486480 51 1923 24.5061 0
1728 497504 56 2039 26.9317 0
1728 508528 56 1979 27.1733 0
1728 519552 47 1736 21.8289 0
1728 530576 58 1903 29.1026 0
1728 541600 47 1902 20.7273 0
1728 552624 51 1825 24.4791 0
1728 563728 48 1857 22.3538 0
1728 574832 54 2100 25.3363 0
1728 585936 63 2077 31.2132 0
1728 597040 53 1752 27.2855 0
1728 608144 56 1766 29.0246 0
1728 619248 59 2131 27.6962 0
1728 630432 49 1742 23.9193 0
1728 641616 52 1746 26.3456 0
1728 652800 54 1790 27.2435 0
1728 663984 47 1914 21.1273 0
1728 675168 57 1919 28.7491 0
1728 686352 59 1869 31.072 0
2197 700280 108 3595 45.8047 0
2197 714208 109 3486 46.4056 0
2197 728136 78 2233 38.3242 0
2197 742064 81 2591 36.6707 0
2197 755992 78 2282 37.0942 0
2197 769920 74 2357 33.2747 0
2197 783928 89 2531 42.7821 0
2197 797936 82 2310 40.0424 0
2197 811944 68 2213 30.6745 0
2197 825952 78 2440 35.1177 0
2197 839960 84 2351 40.1698 0
2197 853968 70 2214 31.3149 0
2197 868056 96 2361 50.1606 0
2197 882144 106 3122 49.3426 0
2197 896232 99 2770 45.8897 0
2197 910320 88 2850 38.8731 0
2197 924408 86 2331 42.068 0
2197 938496 105 3123 49.1446 0
2197 952664 91 2461 45.4903 0
2197 966832 106 2917 50.4725 0
2197 981000 72 2204 33.8021 0
2197 995168 85 2358 42.1726 0
2197 1009336 75 2222 35.2188 0
2197 1023504 80 2200 39.5654 0
2197 1037752 86 2349 43.793 0
2197 1052000 82 2204 41.2076 0
2197 1066248 103 3306 44.8388 0
2197 1080496 86 2328 42.6117 0
2197 1094744 93 2525 46.0694 0
2197 1108992 93 2239 49.2566 0
2197 1123320 95 2511 48.5717 0
2197 1137648 95 2394 49.1004 0
2197 1151976 77 2232 37.6242 0
2197 1166304 103 3201 48.1588 0
2197 1180632 91 2655 43.3689 0
2197 1194960 86 2240 44.5308 0
