1000 5800 13 1116 4.5115 0
1000 11600 39 3235 11.797 0
1000 17400 13 1042 4.85252 0
1000 23200 32 2288 11.6626 0
1000 29000 12 1016 4.50701 0
1000 34800 13 1008 5.60577 0
216 35966 1 272 0.674335 0
216 37132 1 240 0.625893 0
216 38298 1 299 0.745875 0
216 39464 1 230 0.536067 0
216 40630 1 274 0.64033 0
216 41796 1 223 0.515857 0
343 43696 2 381 1.03588 0
343 45596 3 356 1.21971 0
343 47496 2 352 0.997066 0
343 49396 3 533 1.29542 0
343 51296 2 349 1.01439 0
343 53196 2 371 1.03845 0
512 56088 5 722 1.72594 0
512 58980 4 555 1.6467 0
512 61872 5 644 2.00279 0
512 64764 8 1090 2.93281 0
512 67656 5 617 2.06535 0
512 70548 4 539 1.60949 0
729 74726 10 1057 3.84519 0
729 78904 13 1244 4.82397 0
729 83082 8 883 2.8494 0
729 87260 8 793 3.4368 0
729 91438 8 918 2.86673 0
729 95616 10 932 3.56127 0
1000 101456 12 1020 4.13391 0
1000 107296 13 1136 4.56315 0
1000 113136 12 1065 4.09862 0
1000 118976 12 1016 4.20802 0
1000 124816 13 1028 4.68955 0
1000 130656 15 1375 4.23817 0
1000 136536 17 1171 7.23932 0
1000 142416 13 1004 4.87786 0
1000 148296 13 1130 4.02997 0
1000 154176 13 1092 4.60101 0
1000 160056 20 1347 8.20879 0
1000 165936 18 1364 6.42575 0
1000 171856 20 1369 8.38748 0
1000 177776 17 1515 5.40944 0
1000 183696 15 1171 5.68886 0
1000 189616 12 1072 3.94431 0
1000 195536 11 1012 3.39381 0
1000 201456 24 1702 8.87447 0
1331 209276 23 1352 8.96076 0
1331 217096 23 1455 8.87158 0
1331 224916 23 1416 8.75737 0
1331 232736 21 1541 5.98593 0
1331 240556 37 1951 15.0378 0
1331 248376 37 2322 11.4756 0
1331 256236 21 1377 7.92841 0
1331 264096 28 1780 9.03872 0
1331 271956 39 2365 13.5088 0
1331 279816 32 1797 12.3876 0
1331 287676 22 1405 8.10357 0
1331 295536 23 1538 8.27552 0
1331 303436 27 1439 11.9667 0
1331 311336 69 3705 24.8368 0
1331 319236 21 1346 7.31342 0
1331 327136 21 1600 6.06452 0
1331 335036 44 3069 13.2631 0
1331 342936 30 1468 14.0686 0
1331 350876 23 1397 8.91104 0
1331 358816 19 1360 6.21947 0
1331 366756 24 1368 10.0772 0
1331 374696 30 1882 10.6886 0
1331 382636 23 1575 7.22552 0
1331 390576 31 1530 14.2319 0
1728 400800 40 2487 9.01498 0
1728 411024 32 2001 7.72309 0
1728 421248 55 2964 17.3207 0
1728 431472 75 3216 27.6619 0
1728 441696 45 2075 17.0422 0
1728 451920 49 2581 15.1697 0
1728 462184 28 1733 7.92745 0
1728 472448 45 2470 13.3292 0
1728 482712 33 1943 9.85196 0
1728 492976 42 2201 13.2718 0
1728 503240 34 1999 9.59275 0
1728 513504 41 1823 16.6418 0
1728 523808 40 1733 16.8869 0
1728 534112 39 2376 9.35953 0
1728 544416 59 2331 25.6042 0
1728 554720 34 1809 11.8336 0
1728 565024 52 2616 17.9199 0
1728 575328 44 2358 14.4911 0
1728 585672 66 4031 16.8122 0
1728 596016 33 1913 9.68482 0
1728 606360 50 2097 21.4664 0
1728 616704 39 2027 13.436 0
1728 627048 37 1906 13.0575 0
1728 637392 66 3834 17.7881 0
2197 650440 60 2247 23.3496 0
2197 663488 54 2366 16.7567 0
2197 676536 114 5737 23.4692 0
2197 689584 68 3598 15.0493 0
2197 702632 67 2392 27.2214 0
2197 715680 148 5743 43.7387 0
2197 728768 92 3512 31.0396 0
2197 741856 45 2264 12.2641 0
2197 754944 69 2262 29.9973 0
2197 768032 77 2294 36.6053 0
2197 781120 74 2459 32.6453 0
2197 794208 112 6033 27.6558 0
2197 807336 64 2667 21.0215 0
2197 820464 63 3242 13.6471 0
2197 833592 61 2545 20.7613 0
2197 846720 64 3064 17.9084 0
2197 859848 59 2924 15.3419 0
2197 872976 64 2770 20.1983 0
2197 886144 58 2271 21.7943 0
2197 899312 63 2500 23.3098 0
2197 912480 74 2683 30.0884 0
2197 925648 88 4566 22.0208 0
2197 938816 56 2559 17.0076 0
2197 951984 65 2312 26.6824 0
2197 965192 60 2304 22.0965 0
2197 978400 65 2774 23.0499 0
2197 991608 81 3419 27.2567 0
2197 1004816 100 3574 36.0217 0
2197 1018024 58 2227 21.5235 0
2197 1031232 100 4102 33.8483 0
2197 1044480 71 2842 26.1592 0
2197 1057728 54 2476 16.6284 0
2197 1070976 64 2318 26.5432 0
2197 1084224 64 2635 21.5203 0
2197 1097472 65 2615 23.398 0
2197 1110720 63 2685 22.3894 0
