1296 7200 37 2538 8.8472 0
1296 14400 21 1483 5.00394 0
1296 21600 31 2177 6.57493 0
1296 28800 22 1616 5.11526 0
1296 36000 30 1972 6.6131 0
1296 43200 23 1704 5.24294 0
256 44544 1 282 0.674977 0
256 45888 1 261 0.670806 0
256 47232 1 265 0.716681 0
256 48576 1 281 0.678185 0
256 49920 1 276 0.644179 0
256 51264 1 297 0.741384 0
625 54664 7 778 2.36948 0
625 58064 6 676 2.11379 0
625 61464 6 748 1.96815 0
625 64864 5 673 1.8225 0
625 68264 6 677 1.86068 0
625 71664 7 771 2.10866 0
625 74664 6 766 1.84432 0
625 77664 6 747 1.75064 0
625 80664 6 739 1.71375 0
625 83664 6 797 1.93446 0
625 86664 5 675 1.54917 0
625 89664 7 852 2.08524 0
625 92664 6 766 1.94441 0
625 95664 6 747 1.73268 0
625 98664 6 739 1.6929 0
625 101664 7 797 1.85843 0
625 104664 5 675 1.53281 0
625 107664 7 852 2.04995 0
1296 114144 19 1505 4.03382 0
1296 120624 21 1607 4.23946 0
1296 127104 19 1442 4.11947 0
1296 133584 29 2169 6.25284 0
1296 140064 19 1403 4.01585 0
1296 146544 26 1926 5.38249 0
1296 153024 20 1505 4.23914 0
1296 159504 20 1607 4.19551 0
1296 165984 19 1442 4.11178 0
1296 172464 29 2169 6.34876 0
1296 178944 18 1403 3.84005 0
1296 185424 27 1926 5.53166 0
1296 191904 41 3024 9.09711 0
1296 198384 21 1607 4.37195 0
1296 204864 19 1442 4.0165 0
1296 211344 29 2169 6.31668 0
1296 217824 18 1403 3.89138 0
1296 224304 26 1926 5.42034 0
1296 230784 40 3024 8.7609 0
1296 237264 20 1607 4.23464 0
1296 243744 19 1442 4.01906 0
1296 250224 29 2169 6.37154 0
1296 256704 18 1403 4.01682 0
1296 263184 27 1926 5.60994 0
1296 269664 41 3024 9.11668 0
1296 276144 21 1607 4.2709 0
1296 282624 19 1442 3.88015 0
1296 289104 29 2169 6.25412 0
1296 295584 18 1403 3.87951 0
1296 302064 32 2338 6.25637 0
1296 308544 41 3024 8.87639 0
1296 315024 21 1607 4.29111 0
1296 321504 19 1442 4.05852 0
1296 327984 29 2169 6.21562 0
1296 334464 18 1403 3.84936 0
1296 340944 32 2338 6.23198 0
1296 347424 41 3024 8.94729 0
1296 353904 21 1607 4.34853 0
1296 360384 19 1442 3.88689 0
1296 366864 30 2014 6.52681 0
1296 373344 18 1403 3.90004 0
1296 379824 31 2338 6.0071 0
1296 386304 41 3024 8.92868 0
1296 392784 21 1607 4.31452 0
1296 399264 19 1442 3.9209 0
1296 405744 29 2014 6.3478 0
1296 412224 18 1403 3.97768 0
1296 418704 32 2338 6.31924 0
1296 425184 41 3024 9.08909 0
1296 431664 40 2611 8.2752 0
1296 438144 18 1442 3.78199 0
1296 444624 29 2014 6.32919 0
1296 451104 18 1403 3.8609 0
1296 457584 32 2338 6.10912 0
1296 464064 41 3024 9.01723 0
1296 470544 40 2611 8.24665 0
1296 477024 19 1442 4.08034 0
1296 483504 29 2014 6.30385 0
1296 489984 18 1403 3.81086 0
1296 496464 31 2338 6.13895 0
1296 502944 41 3024 9.04706 0
1296 509424 40 2611 8.38267 0
1296 515904 19 1442 3.99693 0
1296 522384 29 2014 6.31122 0
1296 528864 19 1403 4.00623 0
1296 535344 31 2338 6.17969 0
1296 541824 41 3024 8.98739 0
1296 548304 40 2611 8.33455 0
1296 554784 19 1442 3.98377 0
1296 561264 29 2014 6.25476 0
1296 567744 18 1403 3.9857 0
1296 574224 32 2338 6.27786 0
2401 586572 64 3032 9.21131 0
2401 598920 125 5106 14.5717 0
2401 611268 133 5343 20.3167 0
2401 623616 62 2941 8.96076 0
2401 635964 78 3679 11.8028 0
2401 648312 72 3306 10.6809 0
2401 660660 65 3032 9.50421 0
2401 673008 124 5106 14.4186 0
2401 685356 244 9181 36.1552 0
2401 697704 62 2941 8.98033 0
2401 710052 79 3679 12.0857 0
2401 722400 71 3306 10.4721 0
2401 734748 72 3338 10.4875 0
2401 747096 123 5106 14.4687 0
2401 759444 243 9181 35.8703 0
2401 771792 62 2941 8.92355 0
2401 784140 79 3679 12.0379 0
2401 796488 83 3839 11.4496 0
