1296 7718 26 1927 6.75201 0
1296 15436 21 1523 5.99715 0
1296 23154 20 1435 6.13382 0
1296 30872 20 1441 5.98721 0
1296 38590 20 1534 5.10692 0
1296 46308 23 1533 7.2791 0
256 47754 1 285 0.771219 0
256 49200 1 263 0.668881 0
256 50646 1 266 0.730155 0
256 52092 1 258 0.652199 0
256 53538 1 296 0.759028 0
256 54984 1 259 0.750045 0
625 58634 6 726 2.3868 0
625 62284 5 630 1.67493 0
625 65934 6 628 2.38905 0
625 69584 5 632 1.90687 0
625 73234 6 665 2.71915 0
625 76884 5 636 1.9582 0
625 80324 6 749 1.91265 0
625 83764 7 680 2.68643 0
625 87204 5 633 1.83469 0
625 90644 8 898 2.56549 0
625 94084 5 654 1.89244 0
625 97524 7 728 2.6752 0
625 101004 6 657 2.09551 0
625 104484 6 687 2.21709 0
625 107964 7 779 2.82342 0
625 111444 5 635 2.05444 0
625 114924 5 650 1.71984 0
625 118404 6 664 2.20201 0
1296 125404 19 1415 4.95838 0
1296 132404 19 1468 4.93721 0
1296 139404 20 1543 5.10628 0
1296 146404 21 1628 5.45435 0
1296 153404 17 1359 4.43547 0
1296 160404 26 1949 6.54798 0
1296 167444 23 1624 6.55472 0
1296 174484 17 1331 4.76782 0
1296 181524 34 2771 7.22296 0
1296 188564 25 1736 6.44275 0
1296 195604 28 2257 6.87681 0
1296 202644 19 1557 4.70719 0
1296 209724 21 1743 5.0373 0
1296 216804 20 1509 5.67699 0
1296 223884 24 1879 6.29101 0
1296 230964 19 1549 4.83487 0
1296 238044 21 1526 5.61155 0
1296 245124 17 1328 4.4653 0
1296 252244 23 1804 5.27598 0
1296 259364 19 1417 5.94069 0
1296 266484 23 1729 6.10398 0
1296 273604 19 1570 4.92342 0
1296 280724 20 1510 5.60032 0
1296 287844 25 1696 7.29482 0
1296 295004 18 1367 5.36388 0
1296 302164 17 1330 4.64592 0
1296 309324 17 1340 4.58881 0
1296 316484 18 1391 4.97507 0
1296 323644 18 1403 5.21375 0
1296 330804 18 1440 4.69147 0
1296 338004 17 1307 5.10467 0
1296 345204 31 2137 9.20939 0
1296 352404 16 1306 4.5763 0
1296 359604 17 1315 4.60999 0
1296 366804 17 1306 4.74248 0
1296 374004 31 2015 8.86163 0
1296 381244 17 1363 5.04853 0
1296 388484 18 1361 4.91058 0
1296 395724 25 1852 6.92493 0
1296 402964 18 1387 5.36902 0
1296 410204 17 1340 5.22369 0
1296 417444 19 1539 5.2099 0
1296 424724 17 1300 5.07387 0
1296 432004 22 1677 5.56054 0
1296 439284 19 1513 5.33886 0
1296 446564 19 1322 6.0472 0
1296 453844 19 1431 5.44376 0
1296 461124 19 1517 5.19803 0
1296 468444 19 1430 5.04981 0
1296 475764 18 1423 4.91155 0
1296 483084 19 1389 5.82616 0
1296 490404 25 1761 7.63391 0
1296 497724 17 1324 4.93015 0
1296 505044 24 1703 7.43533 0
1296 512404 19 1373 5.77451 0
1296 519764 17 1319 4.85765 0
1296 527124 18 1416 4.83199 0
1296 534484 19 1417 5.29395 0
1296 541844 17 1297 4.76205 0
1296 549204 19 1380 5.40206 0
1296 556604 17 1308 5.31929 0
1296 564004 18 1314 5.73858 0
1296 571404 26 1643 9.09069 0
1296 578804 18 1322 5.58877 0
1296 586204 21 1545 6.17231 0
1296 593604 17 1298 5.12039 0
1296 601044 21 1389 7.48409 0
1296 608484 22 1589 6.45623 0
1296 615924 19 1337 6.49537 0
1296 623364 19 1301 6.57717 0
1296 630804 20 1514 5.71966 0
1296 638244 20 1506 5.6093 0
2401 651592 61 2884 12.8945 0
2401 664940 63 2812 15.5976 0
2401 678288 84 4033 15.6576 0
2401 691636 112 4695 26.2644 0
2401 704984 60 2897 12.5047 0
2401 718332 145 6595 27.8428 0
2401 731720 59 2920 12.3982 0
2401 745108 72 3517 15.0391 0
2401 758496 80 3680 17.4448 0
2401 771884 73 3563 13.2098 0
2401 785272 51 2492 11.1631 0
2401 798660 148 6037 31.8699 0
2401 812088 49 2477 9.63927 0
2401 825516 80 3474 16.911 0
2401 838944 53 2610 11.4454 0
2401 852372 63 3277 11.3476 0
2401 865800 72 3167 17.3466 0
2401 879228 65 2930 15.6746 0
