1296 8236 28 1369 12.4162 0
1296 16472 19 1301 6.97465 0
1296 24708 29 1505 12.131 0
1296 32944 23 1326 9.55714 0
1296 41180 28 1404 12.7675 0
1296 49416 28 1447 12.1842 0
256 50964 1 264 0.701924 0
256 52512 2 265 1.02081 0
256 54060 2 257 0.997708 0
256 55608 1 258 0.748762 0
256 57156 1 256 0.729193 0
256 58704 1 259 0.610495 0
625 62604 6 667 2.53309 0
625 66504 6 626 2.3621 0
625 70404 7 700 3.34794 0
625 74304 8 651 3.41819 0
625 78204 6 730 2.22736 0
625 82104 5 634 2.15165 0
625 85984 8 684 4.05211 0
625 89864 8 638 3.61677 0
625 93744 8 673 4.1214 0
625 97624 7 635 3.49551 0
625 101504 9 723 4.01265 0
625 105384 8 660 4.06141 0
625 109344 8 655 3.82305 0
625 113304 8 654 3.86732 0
625 117264 8 626 3.89555 0
625 121224 8 647 4.40916 0
625 125184 7 631 3.0637 0
625 129144 8 625 4.20385 0
1296 136664 26 1518 10.8465 0
1296 144184 21 1306 7.56943 0
1296 151704 22 1496 7.88029 0
1296 159224 20 1520 5.50023 0
1296 166744 22 1354 8.45999 0
1296 174264 18 1318 5.75751 0
1296 181864 21 1354 7.20948 0
1296 189464 24 1539 8.45132 0
1296 197064 25 1459 9.96842 0
1296 204664 25 1627 8.49624 0
1296 212264 25 1398 10.0964 0
1296 219864 21 1300 7.83537 0
1296 227544 22 1409 8.65439 0
1296 235224 23 1315 9.24532 0
1296 242904 24 1368 10.0592 0
1296 250584 21 1335 8.03716 0
1296 258264 23 1341 9.21484 0
1296 265944 26 1431 11.4181 0
1296 273704 25 1322 11.1285 0
1296 281464 26 1352 11.781 0
1296 289224 23 1309 9.8587 0
1296 296984 24 1314 10.5289 0
1296 304744 25 1309 11.4563 0
1296 312504 23 1325 9.24628 0
1296 320344 24 1499 8.75352 0
1296 328184 25 1351 11.4396 0
1296 336024 26 1515 9.94404 0
1296 343864 26 1350 11.8169 0
1296 351704 24 1348 10.5292 0
1296 359544 23 1305 9.595 0
1296 367464 25 1309 11.422 0
1296 375384 33 1750 13.8235 0
1296 383304 31 1597 13.3032 0
1296 391224 25 1413 10.5 0
1296 399144 25 1315 10.9247 0
1296 407064 30 1488 13.539 0
1296 415064 28 1466 12.4216 0
1296 423064 27 1479 11.7024 0
1296 431064 29 1435 13.3305 0
1296 439064 26 1460 11.1888 0
1296 447064 28 1308 13.3702 0
1296 455064 27 1455 11.7213 0
1296 463144 29 1439 13.0501 0
1296 471224 29 1509 12.1999 0
1296 479304 27 1459 11.523 0
1296 487384 30 1428 14.2242 0
1296 495464 33 1376 16.8654 0
1296 503544 31 1449 15.1568 0
1296 511704 28 1298 13.5165 0
1296 519864 30 1312 14.7632 0
1296 528024 30 1525 13.2438 0
1296 536184 29 1306 13.8014 0
1296 544344 28 1301 13.9134 0
1296 552504 32 1371 16.5141 0
1296 560744 32 1341 16.1189 0
1296 568984 30 1317 14.7927 0
1296 577224 29 1298 14.0568 0
1296 585464 29 1402 13.2942 0
1296 593704 28 1458 12.2895 0
1296 601944 34 1518 16.0304 0
1296 610264 31 1355 14.9881 0
1296 618584 33 1344 16.9354 0
1296 626904 34 1560 16.2854 0
1296 635224 29 1297 13.7174 0
1296 643544 31 1383 15.4471 0
1296 651864 35 1347 18.0556 0
1296 660264 35 1418 18.0845 0
1296 668664 33 1331 16.7977 0
1296 677064 29 1334 14.05 0
1296 685464 33 1491 15.9935 0
1296 693864 31 1459 14.7869 0
1296 702264 32 1367 15.8998 0
2401 716612 76 2652 28.0959 0
2401 730960 83 3326 25.7826 0
2401 745308 59 2408 18.7062 0
2401 759656 65 2806 19.4284 0
2401 774004 85 2959 31.6225 0
2401 788352 74 2456 29.8488 0
2401 802780 84 2647 34.1822 0
2401 817208 90 3009 34.6885 0
2401 831636 85 3058 28.4947 0
2401 846064 71 2736 24.4766 0
2401 860492 77 2509 31.1266 0
2401 874920 72 2460 27.9323 0
2401 889428 83 3246 27.0241 0
2401 903936 88 2771 36.0869 0
2401 918444 70 2844 21.6329 0
2401 932952 71 2429 27.5284 0
2401 947460 82 2645 33.1861 0
2401 961968 75 2430 30.9091 0
