1296 8754 33 1509 16.1407 0
1296 17508 31 1299 15.4266 0
1296 26262 32 1301 16.2389 0
1296 35016 32 1359 15.6294 0
1296 43770 34 1304 17.5844 0
1296 52524 30 1363 14.3785 0
256 54174 1 258 0.812282 0
256 55824 2 256 0.96691 0
256 57474 2 256 0.973647 0
256 59124 2 279 1.01984 0
256 60774 2 259 1.02209 0
256 62424 2 265 0.948945 0
625 66574 9 632 4.79092 0
625 70724 8 641 4.2709 0
625 74874 9 627 4.9016 0
625 79024 7 625 3.30334 0
625 83174 8 628 4.42071 0
625 87324 9 645 4.86407 0
625 91644 10 644 5.53038 0
625 95964 10 625 5.3549 0
625 100284 9 689 4.7088 0
625 104604 9 625 5.03666 0
625 108924 10 655 5.54674 0
625 113244 10 627 5.79312 0
625 117684 10 631 5.52717 0
625 122124 10 629 5.77131 0
625 126564 9 626 4.9324 0
625 131004 10 632 5.41329 0
625 135444 10 650 5.63849 0
625 139884 11 655 5.99427 0
1296 147924 26 1341 12.0652 0
1296 155964 28 1346 13.1758 0
1296 164004 26 1311 11.7774 0
1296 172044 29 1467 12.4826 0
1296 180084 29 1374 13.5993 0
1296 188124 26 1322 11.9119 0
1296 196284 26 1313 12.1531 0
1296 204444 31 1459 14.9213 0
1296 212604 30 1529 13.8547 0
1296 220764 26 1318 11.7495 0
1296 228924 31 1465 15.0946 0
1296 237084 29 1440 13.0498 0
1296 245364 32 1385 16.1253 0
1296 253644 31 1444 14.878 0
1296 261924 30 1365 14.6089 0
1296 270204 28 1299 13.3205 0
1296 278484 33 1316 17.448 0
1296 286764 31 1431 14.7943 0
1296 295164 31 1424 14.7147 0
1296 303564 31 1300 15.5383 0
1296 311964 35 1423 17.3014 0
1296 320364 31 1482 14.3195 0
1296 328764 32 1375 16.5581 0
1296 337164 30 1396 14.6814 0
1296 345684 34 1349 17.2113 0
1296 354204 32 1392 16.0381 0
1296 362724 34 1349 17.2466 0
1296 371244 31 1350 15.1286 0
1296 379764 32 1307 16.6996 0
1296 388284 30 1305 14.8087 0
1296 396924 34 1424 17.3762 0
1296 405564 37 1382 19.6985 0
1296 414204 35 1475 17.4685 0
1296 422844 32 1297 16.5687 0
1296 431484 34 1359 18.0826 0
1296 440124 33 1340 17.1246 0
1296 448884 35 1296 18.5554 0
1296 457644 35 1301 18.8615 0
1296 466404 35 1307 18.5157 0
1296 475164 34 1301 18.3245 0
1296 483924 34 1326 17.5038 0
1296 492684 34 1296 18.5381 0
1296 501564 38 1490 19.3218 0
1296 510444 35 1353 18.4258 0
1296 519324 40 1443 21.1453 0
1296 528204 34 1411 17.3367 0
1296 537084 37 1416 19.6029 0
1296 545964 41 1463 22.0311 0
1296 554964 40 1308 22.4468 0
1296 563964 38 1328 20.7353 0
1296 572964 37 1305 20.2936 0
1296 581964 37 1368 20.0138 0
1296 590964 36 1319 18.9279 0
1296 599964 39 1297 21.5348 0
1296 609084 40 1413 21.8492 0
1296 618204 38 1401 20.0215 0
1296 627324 39 1389 21.5434 0
1296 636444 40 1315 22.1658 0
1296 645564 37 1304 20.6497 0
1296 654684 40 1332 22.3361 0
1296 663924 39 1302 21.5463 0
1296 673164 40 1312 21.9961 0
1296 682404 40 1357 21.9714 0
1296 691644 39 1298 21.8665 0
1296 700884 40 1351 22.4786 0
1296 710124 42 1364 23.1221 0
1296 719484 42 1338 23.6373 0
1296 728844 41 1367 22.4657 0
1296 738204 38 1308 20.8354 0
1296 747564 42 1334 23.9758 0
1296 756924 41 1385 22.6855 0
1296 766284 42 1301 23.3579 0
2401 781632 105 2952 46.8692 0
2401 796980 100 2485 48.6314 0
2401 812328 97 2470 47.3084 0
2401 827676 96 2461 46.241 0
2401 843024 92 2648 41.4206 0
2401 858372 92 2411 44.5417 0
2401 873840 122 3277 54.9554 0
2401 889308 109 2686 53.1438 0
2401 904776 108 2731 51.7249 0
2401 920244 100 2613 47.6988 0
2401 935712 97 2471 47.4322 0
2401 951180 101 2481 50.204 0
2401 966768 103 2673 49.6332 0
2401 982356 104 2497 52.4551 0
2401 997944 98 2708 46.1836 0
2401 1013532 105 2477 53.54 0
2401 1029120 99 2532 48.7356 0
2401 1044708 102 2479 51.047 0
