1000 20094 58 1005 38.9016 0
1000 40170 55 1003 35.8142 0
1000 60264 55 1002 35.8052 0
1000 80354 55 1003 35.9675 0
1000 100442 58 1011 37.9806 0
1000 120518 57 1002 37.7162 0
200 121404 1 201 0.486342 0
200 122292 1 203 0.497571 0
200 123176 1 203 0.525802 0
200 124074 1 202 0.450091 0
200 124948 1 214 0.531897 0
200 125850 1 207 0.500137 0
400 129120 5 402 3.27094 0
400 132424 6 412 3.83717 0
400 135730 6 402 3.27255 0
400 139024 5 401 3.07493 0
400 142302 7 400 4.11081 0
400 145592 6 400 3.37841 0
600 152870 17 602 10.6694 0
600 160152 17 600 10.5208 0
600 167442 17 601 10.6322 0
600 174728 17 603 10.7849 0
600 182030 17 609 10.7605 0
600 189324 17 607 10.7903 0
800 202184 33 805 21.5223 0
800 215062 33 817 21.1601 0
800 227940 33 800 20.9374 0
800 240818 33 805 21.6878 0
800 253692 34 800 22.0169 0
800 266564 35 800 22.1927 0
1100 290832 68 1102 44.8125 0
1100 315106 70 1102 45.9029 0
1100 339384 69 1102 45.6973 0
1100 363652 69 1107 45.5888 0
1100 387940 70 1103 45.8808 0
1100 412202 68 1116 44.7987 0
1200 441064 86 1201 56.9672 0
1200 469924 83 1211 54.8258 0
1200 498782 144 1202 89.9185 0
1200 527654 106 1208 69.2153 0
1200 556540 84 1202 55.8091 0
1200 585412 87 1205 57.9421 0
1300 619276 100 1306 65.884 0
1300 653152 102 1303 67.4181 0
1300 687016 102 1301 67.5111 0
1300 720876 100 1301 66.5843 0
1300 754750 99 1302 65.9013 0
1300 788628 100 1300 66.7755 0
1400 827898 117 1403 77.4318 0
1400 867174 121 1401 80.3229 0
1400 906426 118 1400 77.8081 0
1400 945686 118 1400 78.3836 0
1400 984962 117 1400 77.93 0
1400 1024236 121 1411 80.5718 0
1500 1069308 137 1501 90.9114 0
1500 1114388 135 1501 89.2952 0
1500 1159436 139 1500 93.065 0
1500 1204492 139 1500 93.1981 0
1500 1249558 138 1505 92.3204 0
1500 1294638 135 1501 89.7568 0
1600 1345906 156 1602 104.974 0
1600 1397170 161 1600 107.654 0
1600 1448416 157 1601 105.373 0
1600 1499664 155 1600 103.699 0
1600 1550938 159 1609 106.172 0
1600 1602210 157 1613 104.801 0
1700 1660080 177 1700 118.974 0
1700 1717944 176 1701 118.12 0
1700 1775796 177 1705 119.165 0
1700 1833650 179 1700 120.202 0
1700 1891520 180 1700 121.128 0
1700 1949388 177 1702 118.753 0
1800 2014246 201 1803 134.931 0
1800 2079130 199 1802 133.552 0
1800 2143992 201 1800 135.204 0
1800 2208848 197 1800 131.896 0
1800 2273706 202 1801 135.814 0
1800 2338580 204 1805 137.392 0
1900 2410854 225 1901 151.07 0
1900 2483124 222 1903 148.738 0
1900 2555372 221 1900 148.495 0
1900 2627626 224 1900 151.293 0
1900 2699888 222 1905 149.074 0
1900 2772166 220 1900 147.379 0
2000 2852246 253 2000 170.776 0
2000 2932314 252 2008 169.018 0
2000 3012366 251 2001 169.391 0
2000 3092426 254 2001 171.232 0
2000 3172492 252 2004 169.939 0
2000 3252564 252 2003 170.325 0
2100 3340832 284 2100 191.877 0
2100 3429104 284 2101 192.209 0
2100 3517362 278 2100 186.928 0
2100 3605620 281 2103 189.738 0
2100 3693890 281 2101 189.091 0
2100 3782168 278 2123 186.512 0
2200 3879022 312 2200 210.861 0
2200 3975876 302 2202 203.948 0
2200 4072726 306 2213 206.022 0
2200 4169594 305 2203 205.754 0
2200 4266456 300 2200 202.096 0
2200 4363320 305 2205 206.279 0
2300 4469180 339 2301 228.698 0
2300 4575014 345 2303 232.822 0
2300 4680862 340 2301 230.02 0
2300 4786712 333 2300 225.199 0
2300 4892562 340 2302 229.303 0
2300 4998422 345 2312 233.903 0
2400 5113676 371 2400 250.193 0
2400 5228914 372 2400 251.615 0
2400 5344168 365 2407 246.351 0
2400 5459408 368 2400 248.877 0
2400 5574662 367 2402 247.997 0
2400 5689914 368 2402 248.389 0
2500 5814966 393 2501 265.738 0
2500 5940024 404 2501 273.782 0
2500 6065070 410 2502 278.064 0
2500 6190128 404 2505 273.54 0
2500 6315172 407 2500 275.225 0
2500 6440224 408 2513 277.09 0
2600 6575482 432 2600 292.936 0
2600 6710732 437 2602 295.626 0
2600 6845972 432 2601 292.946 0
2600 6981234 439 2600 298.35 0
2600 7116472 440 2600 299.535 0
2600 7251728 439 2600 297.322 0
2700 7397586 474 2703 321.697 0
2700 7543424 472 2706 319.865 0
2700 7689252 474 2706 321.06 0
2700 7835098 475 2706 323.121 0
2700 7980932 475 2700 322.122 0
2700 8126790 473 2700 321.013 0
