1000 99916 108 1000 69.6272 0
1000 199830 109 1001 70.2935 0
1000 299748 107 1001 68.6664 0
1000 399660 105 1000 67.2664 0
1000 499580 109 1001 70.2396 0
1000 599490 108 1002 69.923 0
200 603494 3 202 2.36049 0
200 607488 3 202 2.32649 0
200 611482 3 200 2.32039 0
200 615484 3 200 2.22062 0
200 619488 3 200 2.28992 0
200 623488 4 200 2.64344 0
400 639468 16 404 10.2379 0
400 655452 15 401 9.70054 0
400 671432 16 403 9.55939 0
400 687402 16 402 10.6164 0
400 703384 16 402 10.0268 0
400 719362 16 403 10.5103 0
600 755316 37 601 23.8109 0
600 791274 38 601 23.6181 0
600 827228 36 600 23.0236 0
600 863192 37 600 24.0018 0
600 899150 37 600 23.5741 0
600 935116 39 601 25.045 0
800 999060 69 800 44.4442 0
800 1063004 66 801 41.7767 0
800 1126940 66 800 42.1155 0
800 1190876 70 801 44.9517 0
800 1254820 68 800 43.1991 0
800 1318758 68 801 43.8173 0
1100 1439672 129 1101 82.9175 0
1100 1560580 129 1102 82.6705 0
1100 1681482 130 1103 83.8819 0
1100 1802386 131 1102 84.2755 0
1100 1923290 130 1101 83.6779 0
1100 2044200 131 1100 83.8758 0
1200 2188102 154 1202 99.1343 0
1200 2331992 156 1201 100.721 0
1200 2475882 153 1200 97.9967 0
1200 2619774 156 1202 100.544 0
1200 2763672 156 1204 100.129 0
1200 2907570 155 1200 99.1962 0
1300 3076462 181 1303 117.229 0
1300 3245344 182 1302 117.2 0
1300 3414230 181 1300 116.886 0
1300 3583128 184 1302 118.699 0
1300 3752012 183 1300 118.618 0
1300 3920904 180 1301 116.013 0
1400 4116786 208 1400 134.521 0
1400 4312658 213 1400 137.388 0
1400 4508530 213 1400 137.28 0
1400 4704416 212 1403 136.896 0
1400 4900294 211 1407 136.66 0
1400 5096168 213 1402 137.876 0
1500 5321038 246 1502 159.157 0
1500 5545910 248 1502 161.444 0
1500 5770774 246 1500 160.09 0
1500 5995644 242 1503 155.795 0
1500 6220512 246 1501 159.023 0
1500 6445382 244 1501 157.954 0
1600 6701244 278 1600 179.731 0
1600 6957106 278 1600 179.738 0
1600 7212958 277 1601 178.86 0
1600 7468820 277 1601 178.802 0
1600 7724676 281 1603 181.623 0
1600 7980544 276 1602 178.699 0
1700 8269390 316 1700 204.529 0
1700 8558240 317 1701 206.477 0
1700 8847086 314 1700 203.802 0
1700 9135932 317 1700 205.903 0
1700 9424780 314 1702 203.27 0
1700 9713632 319 1701 207.275 0
1800 10037474 355 1803 230.891 0
1800 10361314 358 1800 231.967 0
1800 10685156 353 1800 228.56 0
1800 11008998 350 1802 227.135 0
1800 11332840 352 1801 228.319 0
1800 11656680 347 1800 224.257 0
1900 12017516 397 1900 258.001 0
1900 12378344 393 1900 255.448 0
1900 12739172 399 1901 259.588 0
1900 13100004 395 1901 256.418 0
1900 13460832 396 1901 257.485 0
1900 13821656 400 1900 259.827 0
2000 14221474 435 2000 282.61 0
2000 14621296 445 2001 290.237 0
2000 15021116 444 2000 290.133 0
2000 15420932 438 2000 284.058 0
2000 15820752 439 2001 285.685 0
2000 16220574 440 2000 285.933 0
2100 16661384 484 2101 315.201 0
2100 17102196 493 2102 321.081 0
2100 17543004 486 2100 316.151 0
2100 17983810 482 2101 313.419 0
2100 18424616 483 2105 314.383 0
2100 18865424 490 2100 319.093 0
2200 19349224 532 2202 345.545 0
2200 19833022 535 2200 348.922 0
2200 20316818 537 2203 349.368 0
2200 20800610 532 2200 347.019 0
2200 21284410 532 2202 346.292 0
2200 21768212 529 2202 344.338 0
2300 22296994 587 2300 382.877 0
2300 22825778 579 2301 377.229 0
2300 23354562 584 2304 380.115 0
2300 23883344 586 2301 382.028 0
2300 24412134 582 2300 379.068 0
2300 24940916 586 2300 381.893 0
2400 25516696 638 2400 416.381 0
2400 26092478 635 2400 413.007 0
2400 26668254 635 2400 413.865 0
2400 27244026 636 2401 415.436 0
2400 27819806 640 2402 416.87 0
2400 28395574 643 2400 419.612 0
2500 29020342 696 2500 454.709 0
2500 29645108 685 2500 446.991 0
2500 30269874 688 2500 449.02 0
2500 30894644 692 2503 451.8 0
2500 31519412 694 2502 453.295 0
2500 32144182 699 2500 457.842 0
2600 32819942 758 2600 496.932 0
2600 33495704 745 2600 486.632 0
2600 34171464 747 2602 487.048 0
2600 34847228 748 2600 488.488 0
2600 35522992 755 2602 493.544 0
2600 36198754 750 2605 489.57 0
2700 36927502 803 2701 525.322 0
2700 37656260 799 2700 520.326 0
2700 38385006 811 2703 530.36 0
2700 39113758 804 2700 524.649 0
2700 39842508 807 2702 527.379 0
2700 40571252 808 2701 528.993 0
