1000 199806 162 1000 102.472 0
1000 399616 165 1003 103.248 0
1000 599420 161 1000 101.522 0
1000 799226 157 1000 98.1138 0
1000 999034 158 1000 98.7792 0
1000 1198840 160 1000 101.121 0
200 1206806 6 200 3.6264 0
200 1214776 6 200 3.611 0
200 1222742 6 201 3.78038 0
200 1230714 6 200 3.62672 0
200 1238676 6 201 3.64821 0
200 1246646 6 200 3.60715 0
400 1278572 24 401 14.8752 0
400 1310496 23 401 14.3827 0
400 1342426 24 400 14.8251 0
400 1374352 25 401 15.3785 0
400 1406280 24 400 14.8992 0
400 1438206 24 400 14.8155 0
600 1510090 57 600 35.2842 0
600 1581978 56 600 34.3202 0
600 1653864 55 600 33.9731 0
600 1725746 56 600 34.9506 0
600 1797636 56 600 34.9326 0
600 1869532 56 600 34.6817 0
800 1997382 102 802 64.0461 0
800 2125230 101 802 62.7221 0
800 2253082 102 800 64.1982 0
800 2380934 101 800 63.0936 0
800 2508782 101 802 63.2021 0
800 2636632 100 800 62.998 0
1100 2878416 194 1100 122.461 0
1100 3120208 193 1100 121.41 0
1100 3362006 192 1100 120.744 0
1100 3603794 194 1100 122.416 0
1100 3845584 195 1100 123.182 0
1100 4087378 192 1103 120.44 0
1200 4375144 229 1200 144.627 0
1200 4662914 230 1201 145.226 0
1200 4950678 234 1201 148.009 0
1200 5238444 230 1200 144.757 0
1200 5526212 229 1201 142.94 0
1200 5813986 228 1201 143.959 0
1300 6151734 272 1300 171.425 0
1300 6489484 274 1300 173.097 0
1300 6827226 270 1300 169.711 0
1300 7164976 271 1300 171.525 0
1300 7502722 276 1300 174.933 0
1300 7840468 273 1300 172.288 0
1400 8232196 318 1400 201.971 0
1400 8623926 315 1400 199.399 0
1400 9015648 313 1401 198.263 0
1400 9407376 315 1400 199.477 0
1400 9799100 314 1401 198.952 0
1400 10190828 315 1400 199.507 0
1500 10640538 364 1500 230.638 0
1500 11090246 366 1500 231.64 0
1500 11539950 365 1501 231.698 0
1500 11989658 364 1500 231.196 0
1500 12439360 368 1500 232.748 0
1500 12889066 364 1500 231.079 0
1600 13400752 416 1600 263.844 0
1600 13912442 414 1600 262.867 0
1600 14424130 417 1600 265.381 0
1600 14935818 419 1600 266.862 0
1600 15447502 413 1600 262.303 0
1600 15959192 416 1600 264.409 0
1700 16536856 468 1700 296.592 0
1700 17114528 470 1700 298.189 0
1700 17692196 477 1700 304.051 0
1700 18269866 468 1700 297.576 0
1700 18847534 472 1700 301.141 0
1700 19425204 469 1700 298.335 0
1800 20072854 529 1801 336.785 0
1800 20720506 527 1802 334.524 0
1800 21368154 528 1800 335.244 0
1800 22015800 528 1800 336.292 0
1800 22663446 529 1800 337.137 0
1800 23311096 525 1802 333.175 0
1900 24032726 585 1900 371.967 0
1900 24754350 585 1901 371.806 0
1900 25475982 585 1900 372.494 0
1900 26197612 597 1900 381.707 0
1900 26919238 589 1900 375.747 0
1900 27640870 586 1900 372.502 0
2000 28440480 662 2000 423.378 0
2000 29240090 662 2000 423.566 0
2000 30039698 653 2000 417.097 0
2000 30839306 658 2000 420.701 0
2000 31638912 646 2000 411.893 0
2000 32438526 654 2000 416.953 0
2100 33320112 722 2100 461.376 0
2100 34201702 722 2100 460.74 0
2100 35083294 725 2100 464.248 0
2100 35964878 724 2101 462.58 0
2100 36846466 729 2100 467.939 0
2100 37728058 732 2100 470.155 0
2200 38695624 798 2200 511.242 0
2200 39663198 791 2200 505.197 0
2200 40630766 784 2200 498.77 0
2200 41598328 799 2200 511.937 0
2200 42565896 800 2200 511.883 0
2200 43533466 793 2200 507.503 0
2300 44591012 868 2301 555.281 0
2300 45648560 867 2300 555.089 0
2300 46706110 880 2303 563.85 0
2300 47763658 870 2300 557.084 0
2300 48821212 867 2301 554.07 0
2300 49878764 873 2300 558.815 0
2400 51030294 954 2401 611.103 0
2400 52181822 956 2400 614.596 0
2400 53333356 962 2400 618.429 0
2400 54484888 958 2401 615.062 0
2400 55636414 948 2400 607.803 0
2400 56787942 951 2400 609.044 0
2500 58037450 1033 2500 662.196 0
2500 59286960 1036 2500 664.911 0
2500 60536466 1033 2500 664.177 0
2500 61785972 1032 2500 662.364 0
2500 63035478 1031 2502 660.898 0
2500 64284986 1044 2500 670.204 0
2600 65636476 1119 2600 719.978 0
2600 66987968 1123 2603 721.964 0
2600 68339460 1120 2600 720.382 0
2600 69690948 1121 2600 721.102 0
2600 71042436 1117 2600 717.565 0
2600 72393920 1118 2600 719.081 0
2700 73851394 1210 2700 778.319 0
2700 75308860 1219 2700 786.631 0
2700 76766328 1197 2702 768.887 0
2700 78223800 1214 2701 781.768 0
2700 79681270 1209 2700 779.125 0
2700 81138742 1205 2700 774.412 0
