1024 3968 425 31315 114.001 0
1024 7936 444 34704 108.76 0
1024 11904 341 28852 71.9344 0
1024 15872 319 26345 76.0661 0
1024 19840 24 2109 5.24711 0
1024 23808 17 1637 3.83299 0
196 24536 1 255 0.496608 0
196 25264 1 211 0.483134 0
196 25992 9 1622 3.83075 0
196 26720 1 225 0.451375 0
196 27448 2 433 1.0978 0
196 28176 2 475 0.87516 0
400 29696 38 5573 10.7422 0
400 31216 61 7891 21.323 0
400 32736 3 477 1.01856 0
400 34256 2 408 0.823831 0
400 35776 19 2543 6.49793 0
400 37296 4 615 1.57195 0
576 39504 175 18326 57.8218 0
576 41712 75 8631 21.0372 0
576 43920 107 13173 28.3538 0
576 46128 80 9631 21.2169 0
576 48336 8 1018 2.75541 0
576 50544 63 7731 18.1471 0
784 53568 94 9685 22.0522 0
784 56592 31 2835 9.85485 0
784 59616 345 31493 96.6644 0
784 62640 66 7227 16.2665 0
784 65664 52 5392 12.5583 0
784 68688 7 843 2.01948 0
1089 72912 1619 127198 347.953 0
1089 77136 18 1559 4.12653 0
1089 81360 17 1381 4.04569 0
1089 85584 17 1439 3.8731 0
1089 89808 73 6487 14.1043 0
1089 94032 352 25954 86.3887 0
1225 98792 21 1776 4.23047 0
1225 103552 987 73737 201.712 0
1225 108312 1457 106162 311.709 0
1225 113072 369 29279 71.7753 0
1225 117832 88 5926 22.4994 0
1225 122592 147 11241 27.9775 0
1296 127632 346 21870 82.7777 0
1296 132672 158 12786 29.3807 0
1296 137712 376 27385 76.3625 0
1296 142752 108 9166 18.8987 0
1296 147792 17 1316 3.68863 0
1296 152832 1581 106207 329.511 0
1369 158160 211 15922 34.8232 0
1369 163488 344 22388 71.6662 0
1369 168816 327 23553 58.902 0
1369 174144 845 51738 183.17 0
1369 179472 383 28737 62.5165 0
1369 184800 20 1476 4.11755 0
1521 190728 1290 80071 267.967 0
1521 196656 621 40918 99.6441 0
1521 202584 960 60246 177.097 0
1521 208512 217 15937 40.992 0
1521 214440 21 1560 3.87502 0
1521 220368 2643 163663 488.578 0
1600 226608 1278 69040 288.473 0
1600 232848 41 2764 7.24862 0
1600 239088 1938 111554 381.738 0
1600 245328 2259 119254 535.48 0
1600 251568 8123 436241 1780.03 0
1600 257808 37 2571 6.41132 0
1681 264368 254 15234 48.3519 0
1681 270928 876 48451 165.299 0
1681 277488 487 27528 94.8573 0
1681 284048 2632 158586 422.801 0
1681 290608 456 24649 97.572 0
1681 297168 101 6970 16.6649 0
1764 304056 962 56962 161.021 0
1764 310944 6901 367464 1303.92 0
1764 317832 1222 72501 179.256 0
1764 324720 2637 148732 451.428 0
1764 331608 822 49453 121.179 0
1764 338496 184 9914 34.9535 0
1936 346064 50 3037 7.88318 0
1936 353632 731 40930 101.586 0
1936 361200 128 6862 21.9659 0
1936 368768 4899 258764 781.852 0
1936 376336 247 14794 36.5674 0
1936 383904 6613 333494 1193.09 0
2025 391824 8070 388518 1470.42 0
2025 399744 880 44673 150.792 0
2025 407664 47 2545 8.4879 0
2025 415584 12792 586648 2619.39 0
2025 423504 1940 92372 367.352 0
2025 431424 4134 200949 722.392 0
2116 439704 70 3909 10.202 0
2116 447984 3808 177710 683.396 0
2116 456264 2249 104874 372.358 0
2116 464544 3973 191479 691.445 0
2116 472824 11379 511047 1999.56 0
2116 481104 1508 67899 287.508 0
2209 489752 14520 612990 2763.79 0
2209 498400 588 24163 114.845 0
2209 507048 255 10924 51.1372 0
2209 515696 501 26086 67.4155 0
2209 524344 130 6254 21.443 0
2209 532992 234 12631 33.2237 0
2304 542016 642 27286 113.681 0
2304 551040 1335 55145 254.301 0
2304 560064 2875 122291 518.209 0
2304 569088 2445 117575 324.153 0
2304 578112 1570 73916 206.754 0
2304 587136 228 11163 34.4799 0
2401 596544 1471 67418 209.065 0
2401 605952 1999 90531 280.138 0
2401 615360 9445 392599 1585.62 0
2401 624768 10925 471618 1684.72 0
2401 634176 60 2995 9.40604 0
2401 643584 17393 705281 3149.07 0
2500 653384 14555 584859 2529.4 0
2500 663184 468 23655 51.7265 0
2500 672984 2819 127932 306.638 0
2500 682784 1335 65946 167.491 0
2500 692584 108 5150 15.3005 0
2500 702384 3051 135088 392.902 0
2601 712584 443 20729 49.7503 0
2601 722784 645 27915 83.2454 0
2601 732984 16321 656260 2441.83 0
2601 743184 1573 64118 220.081 0
2601 753384 5043 198123 780.048 0
2601 763584 1676 75656 227.086 0
2704 774192 32362 1184814 5170.97 0
2704 784800 295 12875 39.1775 0
2704 795408 824 36142 95.9468 0
2704 806016 5572 214200 847.669 0
2704 816624 355 15523 41.0671 0
2704 827232 4986 206512 677.7 0
