1024 4786 12 1038 4.09541 0
1024 9572 13 1171 4.79349 0
1024 14358 16 1373 5.50696 0
1024 19144 13 1227 4.61512 0
1024 23930 19 1480 6.69298 0
1024 28716 20 1820 6.82291 0
196 29600 1 272 0.789504 0
196 30484 1 256 0.629422 0
196 31368 1 206 0.491475 0
196 32252 1 274 0.66022 0
196 33136 1 279 0.714757 0
196 34020 2 428 1.37145 0
400 35860 4 536 1.76283 0
400 37700 3 441 1.35669 0
400 39540 2 411 0.993217 0
400 41380 5 730 2.34927 0
400 43220 4 671 1.86485 0
400 45060 3 567 1.58799 0
576 47728 5 722 2.07113 0
576 50396 8 1005 3.02777 0
576 53064 4 593 1.7253 0
576 55732 4 606 1.73235 0
576 58400 5 594 2.33355 0
576 61068 7 978 2.75476 0
784 64718 11 1032 4.59363 0
784 68368 12 1202 4.03863 0
784 72018 8 1057 3.27319 0
784 75668 8 838 2.64569 0
784 79318 11 1273 4.07745 0
784 82968 9 1063 2.91196 0
1089 88072 16 1537 5.48034 0
1089 93176 23 1712 9.31686 0
1089 98280 16 1342 5.76938 0
1089 103384 16 1396 5.89001 0
1089 108488 14 1156 4.72804 0
1089 113592 13 1092 4.56828 0
1225 119312 35 1946 14.7815 0
1225 125032 20 1435 7.34647 0
1225 130752 16 1248 5.49862 0
1225 136472 39 2626 14.6852 0
1225 142192 25 2055 7.9637 0
1225 147912 27 1968 9.42176 0
1296 153992 20 1537 6.16077 0
1296 160072 22 1772 7.28166 0
1296 166152 29 2229 8.35765 0
1296 172232 19 1380 6.01031 0
1296 178312 21 1720 6.31507 0
1296 184392 23 1634 8.53794 0
1369 190840 23 1661 6.6824 0
1369 197288 20 1475 6.14248 0
1369 203736 22 1597 7.61113 0
1369 210184 45 2318 19.4964 0
1369 216632 40 2234 16.2691 0
1369 223080 23 1710 7.62204 0
1521 230208 32 1887 11.1166 0
1521 237336 25 1575 8.20142 0
1521 244464 31 2016 10.0996 0
1521 251592 36 2071 12.659 0
1521 258720 25 1910 7.4241 0
1521 265848 32 2132 9.63414 0
1600 273368 35 2017 12.1422 0
1600 280888 38 2519 11.4056 0
1600 288408 31 2075 10.6081 0
1600 295928 28 1838 9.00119 0
1600 303448 46 2617 18.1172 0
1600 310968 26 1612 8.60018 0
1681 318888 60 3731 18.6228 0
1681 326808 33 1920 11.1249 0
1681 334728 56 3502 15.6717 0
1681 342648 44 2697 11.9362 0
1681 350568 49 2281 20.0664 0
1681 358488 33 2012 10.5741 0
1764 366816 65 3328 21.3311 0
1764 375144 34 1964 11.5824 0
1764 383472 33 1896 10.4028 0
1764 391800 39 2029 13.1364 0
1764 400128 34 1839 11.1406 0
1764 408456 36 1974 11.9882 0
1936 417544 37 2676 10.1125 0
1936 426632 41 2298 12.4524 0
1936 435720 60 3571 16.5183 0
1936 444808 96 4218 35.2454 0
1936 453896 62 2795 23.1333 0
1936 462984 67 3183 24.0996 0
2025 472504 46 2308 14.8626 0
2025 482024 47 2375 14.3882 0
2025 491544 39 2121 11.4403 0
2025 501064 45 2477 12.4357 0
2025 510584 168 6165 64.0204 0
2025 520104 49 2797 14.5851 0
2116 530064 74 2862 29.074 0
2116 540024 117 4734 43.4831 0
2116 549984 72 3984 18.5269 0
2116 559944 51 2887 14.5377 0
2116 569904 43 2535 12.0633 0
2116 579864 58 2935 17.218 0
2209 590272 67 2811 24.1856 0
2209 600680 72 3081 21.9781 0
2209 611088 262 8509 105.424 0
2209 621496 72 3278 19.336 0
2209 631904 57 2824 15.9794 0
2209 642312 59 3370 15.4837 0
2304 653176 55 2603 15.2332 0
2304 664040 88 3300 33.0091 0
2304 674904 51 2458 13.6699 0
2304 685768 81 3522 26.684 0
2304 696632 60 2812 15.0728 0
2304 707496 99 3735 39.3588 0
2401 718824 86 3819 27.6112 0
2401 730152 64 2986 17.8567 0
2401 741480 69 3057 19.0046 0
2401 752808 69 2848 21.1652 0
2401 764136 71 2725 25.6558 0
2401 775464 65 3138 17.577 0
2500 787264 54 2529 13.2682 0
2500 799064 139 4840 50.1186 0
2500 810864 82 3676 22.0763 0
2500 822664 170 4455 78.707 0
2500 834464 105 3604 39.0078 0
2500 846264 138 4356 52.5259 0
2601 858544 63 2877 15.8719 0
2601 870824 95 4391 23.7801 0
2601 883104 71 2969 21.3683 0
2601 895384 80 3425 23.4984 0
2601 907664 331 7162 155.873 0
2601 919944 80 3511 23.0657 0
2704 932712 254 6407 109.359 0
2704 945480 183 6198 59.2388 0
2704 958248 143 4673 44.0672 0
2704 971016 74 2788 23.0188 0
2704 983784 144 4161 60.5285 0
2704 996552 72 2835 21.4491 0
