1024 5196 16 1215 6.76837 0
1024 10392 15 1212 5.81911 0
1024 15588 19 1560 8.05737 0
1024 20784 17 1408 7.24637 0
1024 25980 18 1387 6.97176 0
1024 31176 15 1087 6.51237 0
196 32138 1 290 0.903712 0
196 33100 1 232 0.689734 0
196 34062 1 234 0.607607 0
196 35024 1 200 0.517781 0
196 35986 1 205 0.687488 0
196 36948 1 199 0.522273 0
400 38948 3 418 1.50971 0
400 40948 4 545 2.06663 0
400 42948 4 544 2.12085 0
400 44948 3 433 1.67365 0
400 46948 3 444 1.64959 0
400 48948 3 447 1.43336 0
576 51846 6 633 2.96265 0
576 54744 5 587 1.89372 0
576 57642 5 588 2.58762 0
576 60540 7 813 3.25009 0
576 63438 6 609 2.77722 0
576 66336 5 601 2.44551 0
784 70300 11 954 5.15857 0
784 74264 14 1291 5.967 0
784 78228 12 1059 5.46718 0
784 82192 17 1425 7.23033 0
784 86156 10 797 4.92662 0
784 90120 10 988 4.16824 0
1089 95664 16 1127 7.00481 0
1089 101208 20 1531 8.43721 0
1089 106752 19 1244 7.7186 0
1089 112296 17 1179 7.17387 0
1089 117840 19 1367 7.99963 0
1089 123384 17 1295 6.24931 0
1225 129584 19 1269 7.87419 0
1225 135784 26 1488 11.7152 0
1225 141984 20 1480 6.50114 0
1225 148184 24 1571 10.3521 0
1225 154384 37 2110 14.5919 0
1225 160584 23 1555 9.13015 0
1296 167184 23 1526 9.10705 0
1296 173784 23 1329 9.36017 0
1296 180384 22 1306 9.6043 0
1296 186984 36 1968 14.1909 0
1296 193584 23 1569 9.09486 0
1296 200184 23 1456 9.10545 0
1369 207192 26 1614 10.175 0
1369 214200 27 1519 11.6847 0
1369 221208 34 1850 13.9256 0
1369 228216 26 1620 10.1513 0
1369 235224 27 1546 11.3533 0
1369 242232 28 2018 10.7335 0
1521 249960 31 1808 12.5134 0
1521 257688 27 1601 10.5019 0
1521 265416 32 2000 12.2728 0
1521 273144 32 1878 13.0206 0
1521 280872 32 1600 13.7844 0
1521 288600 36 1738 15.7516 0
1600 296760 35 1717 14.8662 0
1600 304920 36 1613 16.7365 0
1600 313080 46 2209 19.3626 0
1600 321240 44 2362 18.2876 0
1600 329400 42 2336 15.5649 0
1600 337560 35 1885 14.6891 0
1681 346160 37 1715 16.041 0
1681 354760 53 2130 24.1529 0
1681 363360 38 1846 15.4751 0
1681 371960 38 2213 13.5153 0
1681 380560 38 2017 15.1482 0
1681 389160 39 2230 13.2445 0
1764 398208 50 2710 19.5862 0
1764 407256 55 2909 21.7061 0
1764 416304 49 2444 17.9186 0
1764 425352 43 2395 16.484 0
1764 434400 48 2085 21.3971 0
1764 443448 38 1829 14.709 0
1936 453296 50 2514 17.2369 0
1936 463144 56 2380 21.5043 0
1936 472992 54 2366 22.2287 0
1936 482840 56 2680 19.1974 0
1936 492688 58 2600 21.239 0
1936 502536 69 3335 25.7524 0
2025 512856 90 3472 37.8978 0
2025 523176 83 3044 37.8025 0
2025 533496 49 2246 17.8311 0
2025 543816 56 2141 23.8709 0
2025 554136 52 2164 20.8669 0
2025 564456 50 2272 18.1361 0
2116 575256 63 2389 26.5108 0
2116 586056 55 2339 20.7042 0
2116 596856 58 2681 20.8604 0
2116 607656 89 3202 36.8112 0
2116 618456 64 2689 22.339 0
2116 629256 63 2487 24.6719 0
2209 640544 62 2771 23.3746 0
2209 651832 81 3103 30.8481 0
2209 663120 66 2507 27.1861 0
2209 674408 79 3253 31.4037 0
2209 685696 81 3294 29.9316 0
2209 696984 65 2460 25.7341 0
2304 708768 86 2949 33.7155 0
2304 720552 73 2878 28.7244 0
2304 732336 68 2560 28.5149 0
2304 744120 129 3650 61.0196 0
2304 755904 69 2543 28.0998 0
2304 767688 106 3125 49.562 0
2401 779976 99 3921 38.337 0
2401 792264 92 2924 39.7271 0
2401 804552 75 2795 30.0698 0
2401 816840 75 2690 30.5042 0
2401 829128 106 3639 43.2017 0
2401 841416 72 3106 29.1016 0
2500 854216 117 4047 39.6427 0
2500 867016 94 3912 34.0568 0
2500 879816 93 2927 38.8224 0
2500 892616 86 3243 31.473 0
2500 905416 133 4207 54.8431 0
2500 918216 76 2673 29.9312 0
2601 931536 86 2835 34.0706 0
2601 944856 86 3069 32.2414 0
2601 958176 96 2932 41.2692 0
2601 971496 102 3412 41.3102 0
2601 984816 82 2669 32.3193 0
2601 998136 124 4218 44.0214 0
2704 1011984 95 3090 37.9697 0
2704 1025832 94 3005 36.1462 0
2704 1039680 95 3209 35.5136 0
2704 1053528 184 4806 89.1441 0
2704 1067376 90 2822 35.6259 0
2704 1081224 125 4544 47.8528 0
