1024 4376 39 3288 11.951 0
1024 8752 12 1128 3.94079 0
1024 13128 20 1776 6.37057 0
1024 17504 12 1146 3.98442 0
1024 21880 39 2734 13.3783 0
1024 26256 27 2625 7.21365 0
196 27062 1 248 0.624931 0
196 27868 1 220 0.458432 0
196 28674 1 275 0.642896 0
196 29480 1 207 0.417048 0
196 30286 1 209 0.489871 0
196 31092 1 208 0.436297 0
400 32772 3 512 1.48213 0
400 34452 3 481 1.23928 0
400 36132 3 424 1.23222 0
400 37812 7 1094 2.54367 0
400 39492 2 475 1.0362 0
400 41172 3 574 1.51292 0
576 43610 11 1336 3.99019 0
576 46048 7 957 2.595 0
576 48486 9 1001 3.29212 0
576 50924 5 629 2.0599 0
576 53362 6 772 2.58666 0
576 55800 12 1562 3.90806 0
784 59136 15 1722 5.07034 0
784 62472 9 975 3.23629 0
784 65808 18 2034 5.55669 0
784 69144 12 1301 4.10215 0
784 72480 17 1773 5.25705 0
784 75816 10 1002 3.49615 0
1089 80480 19 1486 7.04138 0
1089 85144 17 1391 5.37511 0
1089 89808 36 2909 11.7486 0
1089 94472 19 1533 6.88707 0
1089 99136 23 1849 7.7016 0
1089 103800 25 2177 7.7247 0
1225 109040 35 2368 11.6324 0
1225 114280 29 2186 9.42786 0
1225 119520 29 2136 9.86063 0
1225 124760 38 3239 9.37396 0
1225 130000 52 3479 16.5953 0
1225 135240 22 1633 6.18098 0
1296 140800 20 1740 5.28015 0
1296 146360 34 2704 9.46539 0
1296 151920 19 1401 6.28331 0
1296 157480 25 1957 7.56814 0
1296 163040 34 2193 12.6276 0
1296 168600 24 1885 6.76516 0
1369 174488 28 2183 8.46929 0
1369 180376 41 3267 11.0858 0
1369 186264 19 1389 5.97791 0
1369 192152 27 1721 9.44935 0
1369 198040 33 1991 11.1686 0
1369 203928 51 3899 12.9827 0
1521 210456 23 1613 6.18033 0
1521 216984 40 2214 13.0591 0
1521 223512 42 2711 11.5311 0
1521 230040 25 1850 6.58006 0
1521 236568 39 2162 12.8627 0
1521 243096 35 2185 11.2818 0
1600 249976 51 3360 11.7223 0
1600 256856 71 4519 17.5263 0
1600 263736 63 3383 20.9487 0
1600 270616 74 5084 15.5764 0
1600 277496 34 2067 10.3046 0
1600 284376 98 6158 24.4246 0
1681 291616 85 5042 22.3801 0
1681 298856 62 3150 21.024 0
1681 306096 70 3176 24.7505 0
1681 313336 30 1900 8.20334 0
1681 320576 41 2415 11.44 0
1681 327816 57 2899 18.3655 0
1764 335424 51 2990 15.7224 0
1764 343032 71 2964 26.8428 0
1764 350640 51 2780 16.7384 0
1764 358248 77 4308 21.9791 0
1764 365856 75 4709 14.9727 0
1764 373464 40 2410 11.3505 0
1936 381792 92 5327 17.2607 0
1936 390120 183 8062 53.0688 0
1936 398448 44 2665 12.1133 0
1936 406776 115 7004 22.161 0
1936 415104 89 4130 29.6037 0
1936 423432 102 4666 29.1016 0
2025 432152 116 6096 27.4527 0
2025 440872 81 3365 28.5065 0
2025 449592 593 17565 241.985 0
2025 458312 54 2760 14.1113 0
2025 467032 78 3919 20.8178 0
2025 475752 71 3357 21.5665 0
2116 484872 121 4615 44.6161 0
2116 493992 126 6754 26.848 0
2116 503112 152 6945 43.3862 0
2116 512232 96 3852 36.2075 0
2116 521352 126 5051 41.0363 0
2116 530472 63 3108 17.7624 0
2209 540000 171 5588 70.16 0
2209 549528 169 5287 69.9281 0
2209 559056 139 6954 37.1904 0
2209 568584 149 8034 28.2146 0
2209 578112 250 8230 84.9152 0
2209 587640 64 2746 19.5955 0
2304 597584 68 3167 15.4613 0
2304 607528 67 2855 20.1258 0
2304 617472 88 4560 21.6387 0
2304 627416 132 6126 34.4087 0
2304 637360 77 3207 25.533 0
2304 647304 109 5469 21.2335 0
2401 657672 165 5245 59.2221 0
2401 668040 165 5782 55.0879 0
2401 678408 298 10401 84.7609 0
2401 688776 199 6013 81.2372 0
2401 699144 66 2817 19.7241 0
2401 709512 139 7069 23.3817 0
2500 720312 345 11073 104.83 0
2500 731112 86 3385 23.9453 0
2500 741912 87 3422 27.4957 0
2500 752712 260 10154 72.5192 0
2500 763512 190 6252 59.7791 0
2500 774312 160 7018 28.4215 0
2601 785552 63 2741 16.2565 0
2601 796792 102 4316 26.0261 0
2601 808032 117 5412 24.09 0
2601 819272 118 4361 37.1057 0
2601 830512 369 10383 144.964 0
2601 841752 82 3418 21.5806 0
2704 853440 172 5883 56.5761 0
2704 865128 172 6996 38.9417 0
2704 876816 116 4956 27.1065 0
2704 888504 223 8919 50.8398 0
2704 900192 141 5870 36.4738 0
2704 911880 352 11119 107.203 0
