1000 5400 32 2479 9.69124 0
1000 10800 19 1534 5.61668 0
1000 16200 28 2178 8.34995 0
1000 21600 25 1963 7.81099 0
1000 27000 15 1242 4.31035 0
1000 32400 42 3238 12.5031 0
216 33480 2 315 1.10389 0
216 34560 1 264 0.815811 0
216 35640 1 224 0.544088 0
216 36720 7 981 3.60971 0
216 37800 1 222 0.530935 0
216 38880 1 286 0.857836 0
343 40644 3 443 1.55334 0
343 42408 2 351 1.12635 0
343 44172 16 1676 7.48794 0
343 45936 2 373 1.06732 0
343 47700 4 570 1.4648 0
343 49464 3 491 1.59858 0
512 52152 5 550 2.19432 0
512 54840 10 1297 3.63024 0
512 57528 14 1314 6.18483 0
512 60216 4 555 1.74968 0
512 62904 13 1353 5.38345 0
512 65592 4 547 1.8549 0
729 69480 39 3260 15.3823 0
729 73368 33 2947 12.4149 0
729 77256 10 956 3.73804 0
729 81144 12 1164 4.45023 0
729 85032 14 1261 4.89166 0
729 88920 14 1337 5.00554 0
1000 94320 14 1031 4.48006 0
1000 99720 21 1730 6.32759 0
1000 105120 49 3890 14.3885 0
1000 110520 398 27611 124.126 0
1000 115920 16 1320 4.76397 0
1000 121320 16 1253 5.21407 0
1000 126720 13 1031 4.10408 0
1000 132120 21 1730 6.48446 0
1000 137520 49 3890 14.4389 0
1000 142920 399 27611 125.358 0
1000 148320 16 1320 4.9879 0
1000 153720 15 1253 4.95518 0
1000 159120 14 1031 4.41013 0
1000 164520 21 1730 6.47516 0
1000 169920 49 3890 14.6798 0
1000 175320 395 27611 123.771 0
1000 180720 15 1320 4.61384 0
1000 186120 16 1253 5.28849 0
1331 193380 62 3990 18.0527 0
1331 200640 69 4426 18.6809 0
1331 207900 61 3904 16.4436 0
1331 215160 24 1623 6.61984 0
1331 222420 100 6419 25.9545 0
1331 229680 342 20740 87.8005 0
1331 236940 60 3990 17.2963 0
1331 244200 69 4426 18.8265 0
1331 251460 60 3904 16.3268 0
1331 258720 25 1623 7.09816 0
1331 265980 103 6419 26.6372 0
1331 273240 342 20740 87.935 0
1331 280500 62 3990 17.9562 0
1331 287760 68 4426 18.7659 0
1331 295020 60 3904 15.9438 0
1331 302280 25 1623 7.15206 0
1331 309540 99 6419 25.5878 0
1331 316800 347 20740 90.3622 0
1331 324060 61 3990 17.7515 0
1331 331320 68 4426 18.4194 0
1331 338580 267 14924 84.2409 0
1331 345840 24 1623 6.82387 0
1331 353100 99 6419 25.0351 0
1331 360360 338 20740 87.0114 0
1728 369864 32 1824 8.41828 0
1728 379368 38 2080 10.2097 0
1728 388872 31 1769 7.8065 0
1728 398376 86 4871 22.5601 0
1728 407880 88 4467 23.3101 0
1728 417384 253 12889 61.4687 0
1728 426888 33 1824 8.30728 0
1728 436392 221 12089 50.6861 0
1728 445896 31 1769 7.73785 0
1728 455400 86 4871 22.3567 0
1728 464904 88 4467 23.3217 0
1728 474408 248 12889 59.1955 0
1728 483912 33 1824 8.16613 0
1728 493416 223 12089 51.5401 0
1728 502920 32 1769 8.01599 0
1728 512424 85 4871 22.4414 0
1728 521928 88 4467 23.2723 0
1728 531432 247 12889 59.2741 0
1728 540936 45 2512 10.577 0
1728 550440 223 12089 51.3752 0
1728 559944 32 1769 7.8681 0
1728 569448 87 4871 23.1273 0
1728 578952 89 4467 23.2918 0
1728 588456 144 7858 31.6071 0
2197 600624 119 5486 26.0976 0
2197 612792 93 4139 22.7019 0
2197 624960 258 11328 60.2734 0
2197 637128 53 2583 12.7655 0
2197 649296 7716 302864 2111.85 0
2197 661464 846 36611 200.298 0
2197 673632 121 5486 26.5288 0
2197 685800 92 4139 21.9922 0
2197 697968 258 11328 60.2349 0
2197 710136 106 4857 23.7326 0
2197 722304 7749 302864 2123.51 0
2197 734472 837 36611 196.001 0
2197 746640 120 5486 26.395 0
2197 758808 91 4139 22.0218 0
2197 770976 2095 84083 527.219 0
2197 783144 107 4857 23.5549 0
2197 795312 7733 302864 2118.13 0
2197 807480 842 36611 197.902 0
2197 819648 120 5486 26.257 0
2197 831816 54 2458 12.9048 0
2197 843984 2090 84083 524.938 0
2197 856152 105 4857 22.9293 0
2197 868320 7731 302864 2117.01 0
2197 880488 838 36611 196.26 0
2197 892656 107 4903 24.2542 0
2197 904824 54 2458 13.138 0
2197 916992 2098 84083 528.085 0
2197 929160 106 4857 23.6611 0
2197 941328 7742 302864 2123.55 0
2197 953496 103 5038 25.038 0
2197 965664 108 4903 24.9263 0
2197 977832 53 2458 12.9628 0
2197 990000 2090 84083 525.427 0
2197 1002168 105 4857 22.8462 0
2197 1014336 208 10398 43.1777 0
2197 1026504 103 5038 24.9652 0
