1000 5800 16 1467 6.13253 0
1000 11600 41 3334 14.5806 0
1000 17400 14 1095 5.90701 0
1000 23200 34 2362 14.0879 0
1000 29000 13 1024 5.22401 0
1000 34800 15 1077 6.79211 0
216 35966 2 310 0.878047 0
216 37132 1 258 0.758065 0
216 38298 2 328 1.19276 0
216 39464 1 247 0.643858 0
216 40630 2 353 0.92296 0
216 41796 1 259 0.702887 0
343 43696 2 396 1.20784 0
343 45596 2 374 1.3445 0
343 47496 2 375 1.06091 0
343 49396 4 575 1.92195 0
343 51296 2 356 1.15779 0
343 53196 3 396 1.4016 0
512 56088 6 803 2.29858 0
512 58980 4 560 1.8395 0
512 61872 6 707 3.05151 0
512 64764 10 1143 4.17465 0
512 67656 6 625 2.65371 0
512 70548 5 563 2.43685 0
729 74726 12 1137 5.09954 0
729 78904 15 1318 6.46136 0
729 83082 10 1126 3.67516 0
729 87260 9 839 4.08964 0
729 91438 10 1002 4.05435 0
729 95616 10 1022 4.25389 0
1000 101456 13 1028 4.9263 0
1000 107296 14 1145 5.51562 0
1000 113136 14 1356 5.32571 0
1000 118976 12 1016 4.80055 0
1000 124816 14 1053 5.62213 0
1000 130656 17 1465 5.76104 0
1000 136536 19 1271 8.7269 0
1000 142416 13 1012 5.47873 0
1000 148296 14 1240 5.03217 0
1000 154176 14 1171 5.64138 0
1000 160056 22 1466 10.1179 0
1000 165936 20 1393 7.94317 0
1000 171856 23 1573 11.0219 0
1000 177776 20 1721 7.60247 0
1000 183696 17 1329 7.18927 0
1000 189616 13 1096 4.46883 0
1000 195536 12 1023 4.2401 0
1000 201456 28 1826 11.891 0
1331 209276 25 1383 11.2382 0
1331 217096 27 1532 11.3367 0
1331 224916 25 1438 10.1506 0
1331 232736 22 1579 7.35641 0
1331 240556 42 2071 18.7498 0
1331 248376 43 2590 16.0544 0
1331 256236 24 1380 9.44582 0
1331 264096 31 1828 11.3081 0
1331 271956 43 2426 16.9196 0
1331 279816 36 1868 16.4445 0
1331 287676 24 1447 9.87314 0
1331 295536 25 1613 9.84908 0
1331 303436 29 1456 13.7998 0
1331 311336 77 3845 32.9045 0
1331 319236 22 1359 8.4879 0
1331 327136 23 1619 7.71475 0
1331 335036 49 3199 17.2889 0
1331 342936 34 1631 17.0762 0
1331 350876 27 1441 11.5692 0
1331 358816 22 1780 7.63455 0
1331 366756 27 1384 12.4175 0
1331 374696 34 2095 13.9734 0
1331 382636 25 1704 9.32488 0
1331 390576 35 1575 17.1708 0
1728 400800 44 2643 12.5846 0
1728 411024 34 2064 9.97195 0
1728 421248 62 3108 22.9011 0
1728 431472 81 3279 33.3084 0
1728 441696 49 2088 20.7016 0
1728 451920 54 2750 19.4386 0
1728 462184 31 1738 9.48336 0
1728 472448 52 2736 17.9745 0
1728 482712 36 2067 12.1085 0
1728 492976 46 2333 16.7734 0
1728 503240 37 2126 11.858 0
1728 513504 44 1839 19.6876 0
1728 523808 42 1743 19.0302 0
1728 534112 43 2530 13.4812 0
1728 544416 67 2407 32.695 0
1728 554720 40 2413 15.2851 0
1728 565024 58 2782 23.03 0
1728 575328 49 2445 18.4034 0
1728 585672 74 4308 23.8032 0
1728 596016 36 1974 11.8525 0
1728 606360 57 2097 26.0758 0
1728 616704 44 2202 17.0403 0
1728 627048 45 2652 18.5195 0
1728 637392 78 4262 26.7119 0
2197 650440 65 2294 27.9406 0
2197 663488 57 2412 20.258 0
2197 676536 131 6280 36.0439 0
2197 689584 76 4087 21.547 0
2197 702632 73 2552 32.2013 0
2197 715680 166 5865 58.5074 0
2197 728768 106 4187 40.5284 0
2197 741856 53 3244 16.7079 0
2197 754944 74 2332 34.9666 0
2197 768032 85 2368 43.603 0
2197 781120 83 2654 39.1451 0
2197 794208 128 6273 41.4629 0
2197 807336 71 3417 26.6388 0
2197 820464 70 3442 19.0726 0
2197 833592 66 2649 25.5766 0
2197 846720 69 3397 22.5604 0
2197 859848 67 3199 21.7215 0
2197 872976 68 2790 23.8622 0
2197 886144 63 2309 26.1457 0
2197 899312 68 2632 27.4517 0
2197 912480 82 2927 36.6675 0
2197 925648 100 4730 32.6353 0
2197 938816 61 2762 20.9612 0
2197 951984 72 2374 32.8923 0
2197 965192 63 2310 26.0052 0
2197 978400 70 2930 26.9461 0
2197 991608 92 3622 36.9832 0
2197 1004816 112 3612 45.7864 0
2197 1018024 63 2236 25.976 0
2197 1031232 109 4201 41.8348 0
2197 1044480 77 2910 31.4721 0
2197 1057728 59 2738 20.8678 0
2197 1070976 70 2340 31.0836 0
2197 1084224 70 2715 27.1001 0
2197 1097472 72 2778 28.8026 0
2197 1110720 69 2782 27.8104 0
