1000 6200 16 1012 7.96562 0
1000 12400 22 1298 11.4794 0
1000 18600 21 1016 11.6674 0
1000 24800 21 1176 10.7098 0
1000 31000 21 1071 11.824 0
1000 37200 15 1086 6.25605 0
216 38452 2 306 0.92681 0
216 39704 2 247 0.971402 0
216 40956 2 270 1.05 0
216 42208 2 266 0.911732 0
216 43460 1 250 0.768331 0
216 44712 2 282 1.12154 0
343 46750 3 386 1.9736 0
343 48788 3 345 1.68423 0
343 50826 3 344 1.57388 0
343 52864 3 409 1.80646 0
343 54902 3 457 1.71407 0
343 56940 2 357 1.25884 0
512 60036 4 517 1.96237 0
512 63132 6 564 3.07397 0
512 66228 6 681 3.14198 0
512 69324 8 872 3.52277 0
512 72420 4 516 1.93542 0
512 75516 8 817 4.11595 0
729 79986 14 781 7.4302 0
729 84456 11 900 5.21054 0
729 88926 11 786 5.95802 0
729 93396 12 738 7.06255 0
729 97866 16 1070 8.60788 0
729 102336 13 894 7.23868 0
1000 108616 23 1118 13.0382 0
1000 114896 25 1522 12.5413 0
1000 121176 21 1059 10.9947 0
1000 127456 22 1217 11.9725 0
1000 133736 25 1164 14.1424 0
1000 140016 24 1112 13.6272 0
1000 146376 25 1301 13.1062 0
1000 152736 25 1598 12.6516 0
1000 159096 23 1132 13.181 0
1000 165456 19 1104 10.1449 0
1000 171816 22 1193 11.6414 0
1000 178176 25 1182 13.9827 0
1000 184616 25 1239 13.9859 0
1000 191056 25 1007 14.9258 0
1000 197496 27 1177 15.6541 0
1000 203936 28 1030 16.8988 0
1000 210376 25 1014 14.4597 0
1000 216816 28 1175 16.8593 0
1331 225196 33 1406 17.0762 0
1331 233576 34 1372 17.7733 0
1331 241956 53 2584 25.7011 0
1331 250336 42 1862 21.6862 0
1331 258716 49 2422 23.8321 0
1331 267096 41 1699 21.7661 0
1331 275556 36 1366 19.4312 0
1331 284016 43 1756 23.3563 0
1331 292476 46 2311 20.9291 0
1331 300936 37 1509 19.6539 0
1331 309396 41 1731 21.4764 0
1331 317856 34 1601 17.3729 0
1331 326396 40 1776 21.0625 0
1331 334936 52 2238 26.0033 0
1331 343476 38 1619 20.7225 0
1331 352016 40 1608 21.4578 0
1331 360556 43 1558 24.0509 0
1331 369096 41 1512 22.8931 0
1331 377716 39 1711 20.3664 0
1331 386336 45 1592 26.6783 0
1331 394956 36 1475 18.2892 0
1331 403576 42 1580 22.7869 0
1331 412196 42 1721 22.1427 0
1331 420816 42 1510 23.4782 0
1728 431760 79 3087 38.1201 0
1728 442704 63 1742 35.4709 0
1728 453648 59 2365 31.0932 0
1728 464592 66 2070 36.6005 0
1728 475536 66 2425 34.0478 0
1728 486480 61 2192 32.2789 0
1728 497504 68 2366 36.2566 0
1728 508528 66 2057 35.5964 0
1728 519552 54 1760 28.2996 0
1728 530576 67 1921 37.245 0
1728 541600 55 2040 27.419 0
1728 552624 59 1939 31.0525 0
1728 563728 57 1991 29.6881 0
1728 574832 64 2290 33.4887 0
1728 585936 76 2407 42.4068 0
1728 597040 60 1756 33.838 0
1728 608144 66 1804 37.5607 0
1728 619248 69 2189 35.5563 0
1728 630432 59 1926 31.6151 0
1728 641616 60 1761 33.6016 0
1728 652800 63 2064 34.3943 0
1728 663984 55 2158 27.5704 0
1728 675168 67 2119 36.9794 0
1728 686352 73 1970 42.4549 0
2197 700280 121 3711 56.8934 0
2197 714208 124 3706 59.3206 0
2197 728136 87 2267 46.4425 0
2197 742064 92 2806 46.3414 0
2197 755992 88 2615 45.7014 0
2197 769920 82 2489 40.4704 0
2197 783928 103 2820 54.9869 0
2197 797936 92 2393 49.5566 0
2197 811944 78 2231 38.3476 0
2197 825952 89 2554 44.3864 0
2197 839960 96 2412 51.2151 0
2197 853968 79 2246 39.9423 0
2197 868056 110 2456 63.1966 0
2197 882144 124 3426 65.3765 0
2197 896232 114 3277 59.7245 0
2197 910320 102 3085 50.2348 0
2197 924408 100 2508 54.9224 0
2197 938496 123 3439 64.0628 0
2197 952664 104 2793 57.1969 0
2197 966832 121 3236 64.749 0
2197 981000 82 2210 42.6127 0
2197 995168 97 2485 53.4864 0
2197 1009336 85 2251 44.2228 0
2197 1023504 93 2367 50.7458 0
2197 1037752 97 2537 53.704 0
2197 1052000 93 2205 51.0698 0
2197 1066248 120 3816 59.8108 0
2197 1080496 98 2485 53.9343 0
2197 1094744 106 2551 57.6701 0
2197 1108992 105 2276 61.2339 0
2197 1123320 112 2713 62.4514 0
2197 1137648 109 2450 62.2823 0
2197 1151976 91 2512 48.8139 0
2197 1166304 123 3720 64.5944 0
2197 1180632 107 3058 56.9499 0
2197 1194960 100 2280 56.0968 0
