1000 6600 24 1015 14.1257 0
1000 13200 23 1017 13.273 0
1000 19800 24 1097 14.1113 0
1000 26400 25 1053 14.5874 0
1000 33000 27 1346 14.4966 0
1000 39600 24 1045 14.1299 0
216 40938 1 244 0.829284 0
216 42276 1 231 1.01888 0
216 43614 1 231 0.871631 0
216 44952 2 227 1.2011 0
216 46290 2 224 0.945416 0
216 47628 1 237 0.948624 0
343 49802 4 359 2.36017 0
343 51976 4 399 2.45674 0
343 54150 4 360 2.32328 0
343 56324 3 403 2.01755 0
343 58498 4 433 2.62259 0
343 60672 4 373 2.25399 0
512 63974 6 521 3.1346 0
512 67276 8 634 5.06361 0
512 70578 6 563 3.45926 0
512 73880 7 561 3.93918 0
512 77182 8 624 4.78932 0
512 80484 8 648 4.67575 0
729 85246 15 920 8.58606 0
729 90008 13 747 7.55435 0
729 94770 12 829 6.8489 0
729 99532 14 797 7.6323 0
729 104294 14 966 7.99129 0
729 109056 15 798 9.10866 0
1000 115776 25 1109 14.707 0
1000 122496 27 1103 16.3412 0
1000 129216 26 1162 15.2726 0
1000 135936 26 1076 15.6826 0
1000 142656 29 1248 17.44 0
1000 149376 26 1147 15.0368 0
1000 156216 28 1125 17.3595 0
1000 163056 25 1089 14.8806 0
1000 169896 27 1003 16.1831 0
1000 176736 31 1336 18.8461 0
1000 183576 27 1103 16.2931 0
1000 190416 25 1354 13.7296 0
1000 197376 28 1160 17.046 0
1000 204336 29 1079 18.09 0
1000 211296 30 1169 18.2285 0
1000 218256 29 1025 17.731 0
1000 225216 26 1119 15.4433 0
1000 232176 29 1112 17.9578 0
1331 241116 47 1729 26.7674 0
1331 250056 38 1339 21.6137 0
1331 258996 43 1529 24.6235 0
1331 267936 47 1818 27.0658 0
1331 276876 47 1755 26.7536 0
1331 285816 43 1410 25.6449 0
1331 294876 49 1415 30.4683 0
1331 303936 49 1623 28.9547 0
1331 312996 44 1641 24.9642 0
1331 322056 46 1514 28.1267 0
1331 331116 46 1353 28.5627 0
1331 340176 45 1552 26.6827 0
1331 349356 49 1811 28.1155 0
1331 358536 47 1740 27.2374 0
1331 367716 47 1340 28.4834 0
1331 376896 51 1748 29.6685 0
1331 386076 48 1477 29.3573 0
1331 395256 43 1405 25.8855 0
1331 404556 45 1389 27.3083 0
1331 413856 49 1709 28.6512 0
1331 423156 46 1496 27.5723 0
1331 432456 51 1713 30.6922 0
1331 441756 51 1780 30.0965 0
1331 451056 49 1532 29.2486 0
1728 462720 72 2401 41.343 0
1728 474384 75 2386 42.3015 0
1728 486048 71 1734 43.1196 0
1728 497712 70 1998 40.7277 0
1728 509376 80 2301 47.2384 0
1728 521040 73 1760 44.4766 0
1728 532824 67 1783 38.849 0
1728 544608 80 2216 47.5628 0
1728 556392 79 2248 46.0299 0
1728 568176 86 2682 49.3006 0
1728 579960 73 2337 41.3205 0
1728 591744 72 1981 41.6814 0
1728 603648 78 2226 45.6905 0
1728 615552 83 2230 50.381 0
1728 627456 77 2468 42.9611 0
1728 639360 78 2267 45.4592 0
1728 651264 73 1743 44.0663 0
1728 663168 74 1753 44.3922 0
1728 675192 76 1925 45.764 0
1728 687216 77 1907 46.9375 0
1728 699240 76 1809 46.0402 0
1728 711264 77 1853 47.0222 0
1728 723288 75 2195 43.2867 0
1728 735312 78 1935 47.0886 0
2197 750120 114 2488 65.9979 0
2197 764928 121 2593 71.5549 0
2197 779736 120 2606 71.6165 0
2197 794544 132 2924 76.9566 0
2197 809352 115 2984 63.758 0
2197 824160 128 2978 73.9032 0
2197 839088 108 2201 63.4991 0
2197 854016 170 3604 93.6042 0
2197 868944 124 2581 74.4361 0
2197 883872 111 2440 64.9655 0
2197 898800 118 2385 71.4182 0
2197 913728 124 3252 67.4216 0
2197 928776 111 2422 66.1031 0
2197 943824 116 2206 70.6284 0
2197 958872 130 3177 73.8233 0
2197 973920 130 2766 77.3278 0
2197 988968 121 2968 69.4892 0
2197 1004016 116 2591 67.0373 0
2197 1019184 123 2262 76.4809 0
2197 1034352 124 3131 69.9072 0
2197 1049520 119 2360 71.7615 0
2197 1064688 121 2682 70.9784 0
2197 1079856 118 2441 70.3102 0
2197 1095024 123 2252 75.4623 0
2197 1110312 134 3288 77.1206 0
2197 1125600 114 2282 68.5663 0
2197 1140888 129 2996 76.0667 0
2197 1156176 129 2462 79.8057 0
2197 1171464 121 2458 72.935 0
2197 1186752 127 2504 77.1032 0
2197 1202160 132 2781 77.4937 0
2197 1217568 126 2503 77.3208 0
2197 1232976 121 2356 73.3979 0
2197 1248384 129 2756 77.8273 0
2197 1263792 133 2814 79.4121 0
2197 1279200 141 2857 84.0859 0
