1296 7200 40 2743 11.5564 0
1296 14400 21 1543 5.81365 0
1296 21600 33 2253 8.00572 0
1296 28800 24 1651 6.33593 0
1296 36000 31 1996 7.65155 0
1296 43200 25 1811 6.85242 0
256 44544 1 303 0.790467 0
256 45888 1 269 0.804582 0
256 47232 2 328 1.04936 0
256 48576 1 289 0.77186 0
256 49920 1 299 0.838267 0
256 51264 2 309 0.992896 0
625 54664 8 826 2.8895 0
625 58064 6 706 2.43652 0
625 61464 7 790 2.58313 0
625 64864 7 709 2.44134 0
625 68264 6 699 2.37365 0
625 71664 8 792 3.50962 0
625 74664 6 796 2.06054 0
625 77664 6 763 2.08332 0
625 80664 6 780 1.89051 0
625 83664 7 848 2.37878 0
625 86664 6 696 2.02461 0
625 89664 7 878 2.52507 0
625 92664 6 796 2.16063 0
625 95664 6 763 2.06279 0
625 98664 6 780 2.02012 0
625 101664 8 848 2.73872 0
625 104664 6 696 1.83565 0
625 107664 8 878 2.66141 0
1296 114144 21 1536 4.9632 0
1296 120624 22 1681 4.93272 0
1296 127104 20 1457 5.16819 0
1296 133584 30 2204 7.16585 0
1296 140064 18 1437 4.17369 0
1296 146544 28 1987 6.37057 0
1296 153024 21 1536 5.05783 0
1296 159504 21 1681 4.83519 0
1296 165984 19 1457 4.41782 0
1296 172464 29 2204 6.72442 0
1296 178944 20 1437 4.70174 0
1296 185424 28 1987 6.31443 0
1296 191904 43 3030 11.0476 0
1296 198384 23 1681 5.22465 0
1296 204864 19 1457 4.22117 0
1296 211344 30 2204 7.0895 0
1296 217824 20 1437 4.85123 0
1296 224304 28 1987 6.44564 0
1296 230784 43 3030 10.9206 0
1296 237264 22 1681 5.10692 0
1296 243744 19 1457 4.28501 0
1296 250224 30 2204 7.02053 0
1296 256704 20 1437 4.73254 0
1296 263184 28 1987 6.18996 0
1296 269664 43 3030 11.0633 0
1296 276144 22 1681 4.99816 0
1296 282624 20 1457 4.439 0
1296 289104 30 2204 7.2159 0
1296 295584 18 1437 4.16567 0
1296 302064 33 2344 7.80554 0
1296 308544 43 3030 10.9899 0
1296 315024 22 1681 4.86278 0
1296 321504 19 1457 4.25101 0
1296 327984 31 2204 7.08725 0
1296 334464 19 1437 4.34083 0
1296 340944 35 2344 8.29156 0
1296 347424 44 3030 11.2488 0
1296 353904 22 1681 5.18519 0
1296 360384 20 1457 4.36521 0
1296 366864 30 2021 6.95957 0
1296 373344 18 1437 4.19101 0
1296 379824 34 2344 7.83537 0
1296 386304 44 3030 11.3129 0
1296 392784 22 1681 5.02447 0
1296 399264 19 1457 4.27507 0
1296 405744 30 2021 6.94161 0
1296 412224 20 1437 5.24454 0
1296 418704 35 2344 8.11736 0
1296 425184 45 3030 11.3851 0
1296 431664 43 2629 9.80288 0
1296 438144 20 1457 4.56507 0
1296 444624 31 2021 7.09271 0
1296 451104 19 1437 4.27699 0
1296 457584 34 2344 8.00059 0
1296 464064 44 3030 11.4345 0
1296 470544 42 2629 9.25558 0
1296 477024 20 1457 4.85829 0
1296 483504 30 2021 7.00256 0
1296 489984 19 1437 4.66003 0
1296 496464 34 2344 7.8912 0
1296 502944 44 3030 11.3581 0
1296 509424 42 2629 9.42337 0
1296 515904 19 1457 4.41686 0
1296 522384 31 2021 7.2021 0
1296 528864 20 1437 5.22946 0
1296 535344 35 2344 8.10132 0
1296 541824 44 3030 11.2016 0
1296 548304 42 2629 9.43716 0
1296 554784 21 1457 4.81787 0
1296 561264 31 2021 7.38175 0
1296 567744 20 1437 4.47974 0
1296 574224 33 2344 7.84757 0
2401 586572 66 3112 10.5802 0
2401 598920 128 5220 17.3258 0
2401 611268 135 5354 22.5219 0
2401 623616 64 3008 10.5311 0
2401 635964 81 3690 13.1566 0
2401 648312 73 3345 11.8596 0
2401 660660 66 3112 10.7223 0
2401 673008 128 5220 17.6213 0
2401 685356 252 9185 39.5028 0
2401 697704 64 3008 10.3441 0
2401 710052 81 3690 13.2214 0
2401 722400 73 3345 11.8496 0
2401 734748 74 3402 11.5125 0
2401 747096 128 5220 17.4345 0
2401 759444 247 9185 38.7653 0
2401 771792 64 3008 10.1757 0
2401 784140 81 3690 13.3122 0
2401 796488 85 3863 13.4261 0
