1296 8236 32 1374 16.7605 0
1296 16472 22 1328 8.94408 0
1296 24708 35 1663 17.7582 0
1296 32944 27 1351 12.2128 0
1296 41180 32 1460 16.3223 0
1296 49416 34 1613 17.1125 0
256 50964 1 270 0.873235 0
256 52512 2 272 1.25307 0
256 54060 2 262 1.05609 0
256 55608 2 261 1.0346 0
256 57156 1 275 0.864894 0
256 58704 1 261 0.751008 0
625 62604 8 708 3.74734 0
625 66504 7 629 3.01686 0
625 70404 8 735 4.27346 0
625 74304 9 694 4.64528 0
625 78204 8 816 3.42429 0
625 82104 6 667 2.80064 0
625 85984 10 749 5.3087 0
625 89864 9 696 4.70206 0
625 93744 10 743 5.62085 0
625 97624 8 656 4.65586 0
625 101504 10 826 5.61347 0
625 105384 10 686 5.47681 0
625 109344 9 701 5.02768 0
625 113304 9 701 5.25513 0
625 117264 10 631 5.6263 0
625 121224 10 680 5.8945 0
625 125184 8 636 4.2 0
625 129144 9 626 5.40591 0
1296 136664 31 1615 14.5117 0
1296 144184 23 1310 10.0419 0
1296 151704 26 1827 10.9417 0
1296 159224 22 1712 7.79848 0
1296 166744 26 1454 11.2112 0
1296 174264 21 1588 7.98487 0
1296 181864 23 1431 9.48175 0
1296 189464 28 1594 12.1582 0
1296 197064 29 1498 13.4277 0
1296 204664 29 1880 11.9808 0
1296 212264 29 1472 13.657 0
1296 219864 23 1306 9.95302 0
1296 227544 27 1546 12.2153 0
1296 235224 25 1373 11.1965 0
1296 242904 29 1435 14.2175 0
1296 250584 25 1397 10.8801 0
1296 258264 25 1392 11.2754 0
1296 265944 30 1482 14.573 0
1296 273704 29 1362 14.0702 0
1296 281464 32 1703 16.5209 0
1296 289224 27 1323 13.0931 0
1296 296984 27 1337 12.9984 0
1296 304744 29 1338 14.9319 0
1296 312504 26 1398 12.3482 0
1296 320344 28 1663 12.3806 0
1296 328184 29 1465 15.0676 0
1296 336024 30 1748 13.5817 0
1296 343864 30 1411 15.1995 0
1296 351704 30 1548 14.6281 0
1296 359544 26 1325 12.5021 0
1296 367464 28 1315 14.0491 0
1296 375384 40 2079 20.0414 0
1296 383304 38 1763 19.4498 0
1296 391224 30 1486 14.4254 0
1296 399144 28 1327 13.9833 0
1296 407064 35 1698 18.499 0
1296 415064 32 1559 16.1757 0
1296 423064 33 1618 16.5286 0
1296 431064 34 1556 17.7018 0
1296 439064 31 1592 15.1911 0
1296 447064 33 1407 18.0928 0
1296 455064 31 1545 15.5213 0
1296 463144 33 1516 16.5818 0
1296 471224 33 1620 16.4397 0
1296 479304 31 1654 15.5023 0
1296 487384 35 1522 18.4695 0
1296 495464 40 1412 22.8488 0
1296 503544 36 1510 19.8108 0
1296 511704 32 1306 17.4795 0
1296 519864 34 1363 18.8438 0
1296 528024 36 1609 18.0043 0
1296 536184 32 1328 17.338 0
1296 544344 32 1340 17.6402 0
1296 552504 38 1407 21.7876 0
1296 560744 37 1379 21.3654 0
1296 568984 36 1335 20.452 0
1296 577224 34 1299 18.8387 0
1296 585464 34 1539 18.2885 0
1296 593704 33 1592 16.451 0
1296 601944 40 1531 21.5537 0
1296 610264 35 1458 19.302 0
1296 618584 38 1402 21.0956 0
1296 626904 41 1736 22.5822 0
1296 635224 34 1300 18.1278 0
1296 643544 37 1525 19.8829 0
1296 651864 42 1470 24.9786 0
1296 660264 42 1643 24.4137 0
1296 668664 39 1360 23.0073 0
1296 677064 35 1400 19.2243 0
1296 685464 40 1716 22.2486 0
1296 693864 37 1584 19.8553 0
1296 702264 37 1397 20.8585 0
2401 716612 87 3075 38.0162 0
2401 730960 95 3657 35.5457 0
2401 745308 65 2414 23.8289 0
2401 759656 73 3067 26.2493 0
2401 774004 96 3154 41.6474 0
2401 788352 84 2476 38.6145 0
2401 802780 95 2956 45.0011 0
2401 817208 102 3185 46.6295 0
2401 831636 96 3076 38.5754 0
2401 846064 78 2906 31.4102 0
2401 860492 86 2647 39.5006 0
2401 874920 81 2573 36.5912 0
2401 889428 94 3724 37.0063 0
2401 903936 102 3212 48.3465 0
2401 918444 78 2978 29.0099 0
2401 932952 79 2438 35.3028 0
2401 947460 94 3144 43.7631 0
2401 961968 83 2456 38.9154 0
