1296 7718 30 2027 8.89756 0
1296 15436 24 1718 8.89468 0
1296 23154 23 1494 7.956 0
1296 30872 21 1510 7.64963 0
1296 38590 22 1899 7.0247 0
1296 46308 26 1746 9.50902 0
256 47754 2 315 1.14592 0
256 49200 2 312 0.913657 0
256 50646 2 266 0.957286 0
256 52092 1 271 0.764482 0
256 53538 2 345 1.03685 0
256 54984 2 267 0.924885 0
625 58634 7 744 3.0884 0
625 62284 5 640 2.14619 0
625 65934 6 634 2.8093 0
625 69584 6 655 2.57447 0
625 73234 8 713 3.72681 0
625 76884 6 649 2.3807 0
625 80324 7 841 3.08006 0
625 83764 7 732 3.29147 0
625 87204 6 641 2.56517 0
625 90644 9 994 3.6774 0
625 94084 6 683 2.79743 0
625 97524 7 798 3.13267 0
625 101004 6 697 2.50261 0
625 104484 7 739 3.00981 0
625 107964 9 835 4.11113 0
625 111444 6 667 3.06402 0
625 114924 6 659 2.21421 0
625 118404 8 778 3.6049 0
1296 125404 20 1562 6.32502 0
1296 132404 21 1503 6.1999 0
1296 139404 23 1905 7.34935 0
1296 146404 24 1746 7.38785 0
1296 153404 19 1547 5.45018 0
1296 160404 29 2164 9.00536 0
1296 167444 27 1714 9.13111 0
1296 174484 19 1353 6.08121 0
1296 181524 38 3014 10.6521 0
1296 188564 25 1769 7.75421 0
1296 195604 33 2452 10.7829 0
1296 202644 22 1817 6.54573 0
1296 209724 24 1824 7.00096 0
1296 216804 24 1652 7.93065 0
1296 223884 27 2171 8.73203 0
1296 230964 22 1738 6.97946 0
1296 238044 23 1554 7.16681 0
1296 245124 18 1386 5.54129 0
1296 252244 26 2039 7.4642 0
1296 259364 22 1631 8.10261 0
1296 266484 25 1908 8.43785 0
1296 273604 23 1984 7.38208 0
1296 280724 22 1539 7.35898 0
1296 287844 28 1835 10.5292 0
1296 295004 21 1445 7.63551 0
1296 302164 18 1361 5.62117 0
1296 309324 18 1368 5.56022 0
1296 316484 20 1464 6.74046 0
1296 323644 19 1453 6.66219 0
1296 330804 20 1622 6.15788 0
1296 338004 19 1324 6.61535 0
1296 345204 36 2401 13.2121 0
1296 352404 18 1322 5.79858 0
1296 359604 17 1329 5.31993 0
1296 366804 19 1471 6.40073 0
1296 374004 34 2031 12.0934 0
1296 381244 19 1409 6.79308 0
1296 388484 21 1751 6.93615 0
1296 395724 28 2077 9.37557 0
1296 402964 20 1482 6.82227 0
1296 410204 21 1589 7.35673 0
1296 417444 22 1653 7.13602 0
1296 424724 18 1313 5.94165 0
1296 432004 25 1890 7.45939 0
1296 439284 22 1643 7.31086 0
1296 446564 20 1327 7.11741 0
1296 453844 20 1554 6.71961 0
1296 461124 21 1586 6.84184 0
1296 468444 21 1517 7.30252 0
1296 475764 21 1671 6.6192 0
1296 483084 22 1676 7.91814 0
1296 490404 28 1924 10.4544 0
1296 497724 19 1389 6.43506 0
1296 505044 27 1955 9.93922 0
1296 512404 21 1416 7.59702 0
1296 519764 19 1369 6.60444 0
1296 527124 20 1608 6.64294 0
1296 534484 21 1690 7.24862 0
1296 541844 17 1299 5.68661 0
1296 549204 21 1473 7.33331 0
1296 556604 20 1319 7.2961 0
1296 564004 19 1336 6.98171 0
1296 571404 31 1892 13.6202 0
1296 578804 19 1345 6.76452 0
1296 586204 24 1629 8.68712 0
1296 593604 19 1304 6.31154 0
1296 601044 25 1649 10.0631 0
1296 608484 24 1665 8.2351 0
1296 615924 22 1620 8.77598 0
1296 623364 21 1334 8.16805 0
1296 630804 22 1692 7.50206 0
1296 638244 23 1682 7.95439 0
2401 651592 66 2974 17.1692 0
2401 664940 68 2829 21.5364 0
2401 678288 90 4163 21.3737 0
2401 691636 123 4861 36.5751 0
2401 704984 69 3316 18.8108 0
2401 718332 159 6917 39.7197 0
2401 731720 66 3567 18.5452 0
2401 745108 80 3785 21.4966 0
2401 758496 90 4147 25.7739 0
2401 771884 78 3873 18.1018 0
2401 785272 55 2526 14.9669 0
2401 798660 162 6136 45.8859 0
2401 812088 53 2587 13.1393 0
2401 825516 88 3515 22.7978 0
2401 838944 57 2643 15.1321 0
2401 852372 70 3687 16.5498 0
2401 865800 80 3272 24.9052 0
2401 879228 71 3108 21.7818 0
