1296 8754 41 1670 22.4757 0
1296 17508 36 1313 20.3946 0
1296 26262 37 1305 21.5797 0
1296 35016 37 1399 21.2075 0
1296 43770 40 1319 23.9536 0
1296 52524 36 1534 19.8335 0
256 54174 2 273 1.12571 0
256 55824 2 266 1.39134 0
256 57474 2 267 1.23671 0
256 59124 2 298 1.40706 0
256 60774 2 284 1.48373 0
256 62424 2 284 1.2242 0
625 66574 11 648 6.42479 0
625 70724 10 651 5.44312 0
625 74874 11 632 6.81649 0
625 79024 8 714 4.42007 0
625 83174 10 631 5.77291 0
625 87324 11 713 6.32341 0
625 91644 12 685 7.42474 0
625 95964 13 629 7.95279 0
625 100284 12 751 6.98299 0
625 104604 11 626 6.65128 0
625 108924 12 721 7.07988 0
625 113244 12 632 7.85623 0
625 117684 12 641 7.1867 0
625 122124 12 654 7.22039 0
625 126564 11 635 6.5807 0
625 131004 12 676 7.51746 0
625 135444 12 688 7.64097 0
625 139884 13 714 7.78533 0
1296 147924 30 1455 15.8591 0
1296 155964 33 1385 17.354 0
1296 164004 30 1340 15.4552 0
1296 172044 32 1620 16.3849 0
1296 180084 33 1546 17.7576 0
1296 188124 31 1547 15.9559 0
1296 196284 32 1390 16.8346 0
1296 204444 36 1521 19.3305 0
1296 212604 37 1746 19.505 0
1296 220764 30 1333 15.7009 0
1296 228924 37 1653 20.1495 0
1296 237084 33 1506 17.3816 0
1296 245364 38 1526 21.5765 0
1296 253644 36 1575 19.5291 0
1296 261924 36 1462 19.7687 0
1296 270204 32 1301 17.1994 0
1296 278484 38 1351 22.1873 0
1296 286764 37 1546 20.1415 0
1296 295164 38 1585 20.7619 0
1296 303564 35 1301 19.8239 0
1296 311964 41 1552 23.4051 0
1296 320364 36 1638 19.3068 0
1296 328764 40 1637 22.3531 0
1296 337164 36 1522 19.3113 0
1296 345684 40 1434 23.2046 0
1296 354204 38 1511 21.4023 0
1296 362724 41 1459 23.6826 0
1296 371244 37 1461 20.41 0
1296 379764 38 1312 21.914 0
1296 388284 35 1329 19.9599 0
1296 396924 42 1574 23.9277 0
1296 405564 44 1500 26.3003 0
1296 414204 41 1652 23.2989 0
1296 422844 38 1377 22.5662 0
1296 431484 41 1623 24.1955 0
1296 440124 39 1436 23.1532 0
1296 448884 42 1296 25.6244 0
1296 457644 42 1385 25.2606 0
1296 466404 41 1337 24.3277 0
1296 475164 41 1323 24.3235 0
1296 483924 41 1369 23.978 0
1296 492684 43 1298 26.5037 0
1296 501564 45 1661 25.967 0
1296 510444 42 1451 24.4146 0
1296 519324 49 1648 29.5395 0
1296 528204 41 1498 23.4991 0
1296 537084 44 1579 26.3129 0
1296 545964 49 1704 29.6669 0
1296 554964 48 1330 29.7015 0
1296 563964 45 1394 27.3305 0
1296 572964 45 1332 28.3327 0
1296 581964 44 1411 26.6497 0
1296 590964 41 1346 24.9825 0
1296 599964 46 1305 28.5726 0
1296 609084 50 1577 30.4814 0
1296 618204 46 1495 27.6968 0
1296 627324 48 1518 29.1138 0
1296 636444 48 1362 29.8247 0
1296 645564 46 1373 28.0661 0
1296 654684 49 1392 30.4487 0
1296 663924 47 1369 29.6486 0
1296 673164 47 1353 29.8039 0
1296 682404 49 1487 30.227 0
1296 691644 47 1301 29.0622 0
1296 700884 48 1408 30.3727 0
1296 710124 49 1530 30.7069 0
1296 719484 50 1377 31.3543 0
1296 728844 50 1438 30.9742 0
1296 738204 46 1387 28.2387 0
1296 747564 52 1399 33.2481 0
1296 756924 50 1596 31.2972 0
1296 766284 50 1311 31.731 0
2401 781632 120 3249 62.1562 0
2401 796980 116 2897 64.1096 0
2401 812328 115 2785 63.3285 0
2401 827676 112 2512 61.5024 0
2401 843024 107 2891 55.495 0
2401 858372 107 2660 58.5687 0
2401 873840 142 3539 73.4756 0
2401 889308 126 3033 70.1033 0
2401 904776 128 2935 70.0192 0
2401 920244 120 2920 65.3797 0
2401 935712 115 2549 63.5072 0
2401 951180 117 2567 65.6559 0
2401 966768 123 3109 67.8425 0
2401 982356 123 2514 69.7513 0
2401 997944 117 2925 62.6301 0
2401 1013532 124 2611 70.9245 0
2401 1029120 116 2719 64.2697 0
2401 1044708 120 2557 67.8996 0
