1000 20094 77 1025 56.5261 0
1000 40170 72 1028 52.5362 0
1000 60264 71 1021 52.1759 0
1000 80354 74 1037 54.7257 0
1000 100442 77 1077 56.2402 0
1000 120518 75 1028 54.9968 0
200 121404 1 204 0.705774 0
200 122292 1 206 0.66824 0
200 123176 1 203 0.715398 0
200 124074 1 224 0.694867 0
200 124948 1 220 0.677222 0
200 125850 1 208 0.761274 0
400 129120 7 409 5.01677 0
400 132424 8 423 5.14285 0
400 135730 7 405 4.48295 0
400 139024 7 402 4.69083 0
400 142302 9 415 5.72383 0
400 145592 7 400 4.45857 0
600 152870 21 610 15.0757 0
600 160152 21 600 14.4376 0
600 167442 22 603 15.3515 0
600 174728 21 624 14.4751 0
600 182030 22 642 15.3368 0
600 189324 21 617 15.1841 0
800 202184 43 832 31.1795 0
800 215062 43 860 30.8921 0
800 227940 40 806 28.7805 0
800 240818 43 826 31.3617 0
800 253692 43 804 30.9578 0
800 266564 43 803 31.0685 0
1100 290832 88 1109 64.0041 0
1100 315106 91 1159 67.3944 0
1100 339384 90 1117 66.1949 0
1100 363652 89 1173 65.9578 0
1100 387940 90 1132 66.072 0
1100 412202 92 1187 67.7062 0
1200 441064 113 1223 83.1671 0
1200 469924 109 1248 80.1054 0
1200 498782 113 1216 84.0503 0
1200 527654 112 1260 82.8396 0
1200 556540 111 1222 83.0658 0
1200 585412 110 1231 81.5968 0
1300 619276 131 1318 97.4469 0
1300 653152 133 1340 99.2087 0
1300 687016 135 1325 101.078 0
1300 720876 131 1319 97.3054 0
1300 754750 135 1319 100.567 0
1300 788628 130 1308 96.3754 0
1400 827898 155 1419 115.716 0
1400 867174 158 1416 117.784 0
1400 906426 155 1400 115.172 0
1400 945686 157 1405 117.101 0
1400 984962 153 1402 113.142 0
1400 1024236 163 1482 122.099 0
1500 1069308 181 1525 135.246 0
1500 1114388 181 1539 135.182 0
1500 1159436 183 1512 137.108 0
1500 1204492 184 1501 137.538 0
1500 1249558 187 1582 139.573 0
1500 1294638 179 1534 132.899 0
1600 1345906 207 1613 154.213 0
1600 1397170 207 1606 154.854 0
1600 1448416 215 1615 162.093 0
1600 1499664 206 1611 154.315 0
1600 1550938 209 1651 156.963 0
1600 1602210 211 1685 158.56 0
1700 1660080 234 1710 176.137 0
1700 1717944 238 1760 178.203 0
1700 1775796 240 1737 180.85 0
1700 1833650 245 1712 184.775 0
1700 1891520 240 1720 180.709 0
1700 1949388 237 1713 177.067 0
1800 2014246 267 1838 199.95 0
1800 2079130 263 1812 196.79 0
1800 2143992 268 1807 201.124 0
1800 2208848 259 1801 193.483 0
1800 2273706 274 1836 207.059 0
1800 2338580 274 1846 207.594 0
1900 2410854 299 1939 224.583 0
1900 2483124 296 1915 221.883 0
1900 2555372 295 1901 221.647 0
1900 2627626 303 1900 228.476 0
1900 2699888 300 1951 226.104 0
1900 2772166 288 1901 215.287 0
2000 2852246 336 2012 252.375 0
2000 2932314 342 2068 258.208 0
2000 3012366 342 2006 259.865 0
2000 3092426 340 2010 256.087 0
2000 3172492 341 2024 256.836 0
2000 3252564 339 2022 256.147 0
2100 3340832 379 2109 286.415 0
2100 3429104 381 2110 288.22 0
2100 3517362 368 2100 276.728 0
2100 3605620 375 2119 282.987 0
2100 3693890 376 2101 284.016 0
2100 3782168 379 2225 286.548 0
2200 3879022 422 2205 318.986 0
2200 3975876 412 2216 312.991 0
2200 4072726 420 2269 318.694 0
2200 4169594 411 2233 310.134 0
2200 4266456 406 2206 306.457 0
2200 4363320 416 2310 313.949 0
2300 4469180 462 2323 351.688 0
2300 4575014 473 2324 359.998 0
2300 4680862 456 2330 344.496 0
2300 4786712 442 2301 332.79 0
2300 4892562 457 2317 346.43 0
2300 4998422 461 2367 350.306 0
2400 5113676 490 2400 370.357 0
2400 5228914 496 2401 374.985 0
2400 5344168 494 2470 374.209 0
2400 5459408 489 2402 369.696 0
2400 5574662 494 2405 374.59 0
2400 5689914 494 2432 373.305 0
2500 5814966 533 2506 405.546 0
2500 5940024 550 2521 418.58 0
2500 6065070 555 2517 421.449 0
2500 6190128 544 2568 412.505 0
2500 6315172 555 2564 423.066 0
2500 6440224 562 2618 428.16 0
2600 6575482 587 2604 445.895 0
2600 6710732 599 2638 456.353 0
2600 6845972 575 2608 434.812 0
2600 6981234 582 2602 441.609 0
2600 7116472 593 2617 451.499 0
2600 7251728 597 2609 455.388 0
2700 7397586 645 2751 490.176 0
2700 7543424 640 2767 487.073 0
2700 7689252 637 2756 482.952 0
2700 7835098 659 2800 502.019 0
2700 7980932 664 2726 506.955 0
2700 8126790 668 2706 509.816 0
