1000 99916 145 1012 105.147 0
1000 199830 152 1019 112.116 0
1000 299748 152 1012 110.758 0
1000 399660 140 1006 100.802 0
1000 499580 148 1006 108.835 0
1000 599490 149 1011 108.422 0
200 603494 5 213 3.51572 0
200 607488 5 212 3.91095 0
200 611482 5 200 3.32291 0
200 615484 5 202 3.34761 0
200 619488 4 200 3.21031 0
200 623488 5 202 3.74734 0
400 639468 23 418 16.4015 0
400 655452 21 404 14.6782 0
400 671432 20 409 14.5171 0
400 687402 21 404 15.2967 0
400 703384 22 407 15.9556 0
400 719362 21 407 15.2957 0
600 755316 53 629 38.3681 0
600 791274 50 613 36.298 0
600 827228 49 601 35.2855 0
600 863192 48 607 34.0635 0
600 899150 48 606 34.4963 0
600 935116 53 619 38.5295 0
800 999060 90 811 64.6508 0
800 1063004 91 838 65.8484 0
800 1126940 92 813 67.582 0
800 1190876 96 809 70.0846 0
800 1254820 94 817 68.0674 0
800 1318758 96 812 69.3965 0
1100 1439672 188 1133 138.962 0
1100 1560580 207 1133 156.152 0
1100 1681482 185 1143 136.149 0
1100 1802386 190 1140 140.596 0
1100 1923290 176 1111 128.001 0
1100 2044200 180 1106 132.492 0
1200 2188102 215 1229 158.115 0
1200 2331992 229 1217 171.037 0
1200 2475882 202 1200 145.436 0
1200 2619774 221 1234 162.241 0
1200 2763672 222 1245 164.093 0
1200 2907570 209 1200 152.577 0
1300 3076462 261 1322 193.957 0
1300 3245344 264 1317 194.996 0
1300 3414230 258 1346 190.573 0
1300 3583128 266 1318 197.166 0
1300 3752012 250 1305 181.995 0
1300 3920904 251 1309 183.448 0
1400 4116786 289 1408 212.073 0
1400 4312658 290 1416 211.97 0
1400 4508530 296 1421 216.409 0
1400 4704416 307 1419 227.79 0
1400 4900294 307 1446 228.599 0
1400 5096168 296 1420 216.728 0
1500 5321038 350 1525 259.954 0
1500 5545910 345 1530 253.586 0
1500 5770774 353 1507 261.49 0
1500 5995644 349 1549 258.532 0
1500 6220512 326 1503 238.299 0
1500 6445382 339 1528 250.883 0
1600 6701244 381 1611 280.188 0
1600 6957106 399 1638 297.087 0
1600 7212958 378 1608 279.202 0
1600 7468820 374 1616 275.219 0
1600 7724676 384 1636 283.155 0
1600 7980544 383 1634 282.654 0
1700 8269390 426 1702 312.906 0
1700 8558240 446 1743 331.284 0
1700 8847086 445 1708 330.72 0
1700 9135932 436 1724 321.819 0
1700 9424780 442 1749 328.29 0
1700 9713632 443 1711 327.981 0
1800 10037474 501 1848 371.856 0
1800 10361314 484 1804 356.596 0
1800 10685156 495 1819 367.412 0
1800 11008998 488 1824 361.423 0
1800 11332840 482 1817 355.037 0
1800 11656680 460 1804 334.75 0
1900 12017516 575 1947 431.565 0
1900 12378344 524 1900 383.101 0
1900 12739172 577 1926 433.305 0
1900 13100004 556 1941 413.548 0
1900 13460832 546 1921 404.016 0
1900 13821656 568 1908 426.877 0
2000 14221474 571 2000 416.634 0
2000 14621296 638 2033 479.755 0
2000 15021116 615 2007 457.724 0
2000 15420932 593 2027 438.382 0
2000 15820752 624 2042 467.321 0
2000 16220574 624 2004 467.315 0
2100 16661384 661 2120 489.543 0
2100 17102196 687 2125 513.48 0
2100 17543004 650 2100 478.511 0
2100 17983810 678 2120 505.714 0
2100 18424616 693 2162 519.216 0
2100 18865424 669 2105 496.022 0
2200 19349224 741 2237 550.773 0
2200 19833022 794 2254 595.825 0
2200 20316818 782 2261 588.339 0
2200 20800610 759 2223 566.701 0
2200 21284410 735 2221 545.613 0
2200 21768212 743 2224 553.114 0
2300 22296994 817 2310 608.9 0
2300 22825778 803 2320 596.406 0
2300 23354562 796 2318 587.799 0
2300 23883344 828 2346 619.475 0
2300 24412134 795 2315 587.679 0
2300 24940916 824 2314 613.72 0
2400 25516696 903 2436 677.014 0
2400 26092478 902 2432 675.497 0
2400 26668254 854 2406 630.122 0
2400 27244026 902 2429 677.091 0
2400 27819806 915 2450 686.586 0
2400 28395574 903 2412 674.625 0
2500 29020342 949 2509 702.894 0
2500 29645108 933 2509 689.796 0
2500 30269874 970 2533 724.761 0
2500 30894644 970 2541 722.43 0
2500 31519412 955 2524 710.564 0
2500 32144182 969 2515 723.061 0
2600 32819942 1024 2603 759.044 0
2600 33495704 1010 2620 748.928 0
2600 34171464 1022 2639 758.03 0
2600 34847228 1066 2647 800.626 0
2600 35522992 1064 2654 797.414 0
2600 36198754 1075 2654 808.133 0
2700 36927502 1136 2725 853.686 0
2700 37656260 1126 2733 839.969 0
2700 38385006 1161 2753 871.511 0
2700 39113758 1080 2703 796.208 0
2700 39842508 1137 2758 851.744 0
2700 40571252 1115 2705 831.435 0
