1000 199806 203 1000 142.76 0
1000 399616 220 1014 160.418 0
1000 599420 204 1001 144.185 0
1000 799226 218 1020 158.03 0
1000 999034 212 1009 151.988 0
1000 1198840 206 1001 145.52 0
200 1206806 7 204 5.29812 0
200 1214776 7 202 5.14766 0
200 1222742 8 208 5.48451 0
200 1230714 8 202 5.50055 0
200 1238676 7 203 5.27181 0
200 1246646 7 201 5.05302 0
400 1278572 32 408 22.4657 0
400 1310496 31 407 21.5829 0
400 1342426 34 409 24.7072 0
400 1374352 32 406 22.8369 0
400 1406280 32 406 22.7744 0
400 1438206 31 407 21.0372 0
600 1510090 77 612 54.9496 0
600 1581978 71 604 50.118 0
600 1653864 70 604 48.9124 0
600 1725746 80 614 57.8776 0
600 1797636 74 606 52.1018 0
600 1869532 74 610 52.8583 0
800 1997382 142 819 103.346 0
800 2125230 138 809 98.9941 0
800 2253082 136 815 98.0657 0
800 2380934 132 815 93.1497 0
800 2508782 133 803 95.1739 0
800 2636632 129 800 90.1992 0
1100 2878416 263 1108 190.229 0
1100 3120208 265 1105 192.275 0
1100 3362006 247 1100 174.928 0
1100 3603794 251 1106 178.048 0
1100 3845584 265 1121 191.565 0
1100 4087378 271 1131 197.404 0
1200 4375144 330 1218 241.75 0
1200 4662914 326 1212 238.212 0
1200 4950678 329 1226 240.686 0
1200 5238444 301 1207 214.772 0
1200 5526212 304 1216 218.073 0
1200 5813986 317 1224 229.677 0
1300 6151734 360 1306 257.805 0
1300 6489484 385 1316 283.203 0
1300 6827226 381 1328 278.879 0
1300 7164976 353 1303 249.817 0
1300 7502722 373 1308 269.685 0
1300 7840468 359 1308 257.114 0
1400 8232196 449 1417 329.649 0
1400 8623926 449 1436 328.588 0
1400 9015648 445 1422 325.871 0
1400 9407376 445 1417 325.704 0
1400 9799100 423 1410 304.83 0
1400 10190828 410 1404 293.211 0
1500 10640538 469 1500 334.496 0
1500 11090246 471 1503 335.479 0
1500 11539950 490 1513 354.559 0
1500 11989658 506 1529 368.228 0
1500 12439360 480 1502 343.579 0
1500 12889066 488 1507 352.316 0
1600 13400752 539 1600 384.904 0
1600 13912442 581 1630 426.504 0
1600 14424130 565 1616 410.581 0
1600 14935818 568 1616 414.009 0
1600 15447502 563 1611 410.059 0
1600 15959192 548 1602 394.546 0
1700 16536856 609 1706 436.743 0
1700 17114528 654 1725 479.68 0
1700 17692196 628 1712 454.095 0
1700 18269866 636 1721 462.504 0
1700 18847534 654 1710 481.358 0
1700 19425204 623 1710 447.979 0
1800 20072854 746 1836 550.979 0
1800 20720506 737 1828 542.242 0
1800 21368154 703 1813 509.337 0
1800 22015800 702 1809 508.023 0
1800 22663446 734 1814 538.047 0
1800 23311096 724 1811 530.055 0
1900 24032726 827 1920 609.868 0
1900 24754350 806 1935 589.983 0
1900 25475982 764 1905 548.979 0
1900 26197612 765 1901 548.942 0
1900 26919238 786 1911 569.402 0
1900 27640870 771 1901 556.17 0
2000 28440480 920 2012 680.935 0
2000 29240090 908 2000 668.238 0
2000 30039698 925 2015 684.559 0
2000 30839306 942 2023 695.769 0
2000 31638912 880 2002 639.049 0
2000 32438526 939 2016 695.558 0
2100 33320112 996 2117 729.868 0
2100 34201702 1012 2101 747.231 0
2100 35083294 981 2114 715.228 0
2100 35964878 997 2116 729.927 0
2100 36846466 999 2101 732.82 0
2100 37728058 1003 2111 736.042 0
2200 38695624 1140 2227 847.738 0
2200 39663198 1063 2207 774.393 0
2200 40630766 1051 2213 763.563 0
2200 41598328 1076 2208 786.332 0
2200 42565896 1100 2216 810.586 0
2200 43533466 1026 2200 738.887 0
2300 44591012 1127 2302 813.537 0
2300 45648560 1146 2306 832.617 0
2300 46706110 1233 2329 910.052 0
2300 47763658 1190 2320 872.074 0
2300 48821212 1186 2312 867.658 0
2300 49878764 1250 2307 932.503 0
2400 51030294 1300 2418 956.595 0
2400 52181822 1356 2400 1010.51 0
2400 53333356 1282 2404 935.482 0
2400 54484888 1327 2430 978.669 0
2400 55636414 1285 2404 940.958 0
2400 56787942 1354 2408 1008.47 0
2500 58037450 1449 2515 1072.77 0
2500 59286960 1350 2501 977.505 0
2500 60536466 1450 2523 1073.36 0
2500 61785972 1353 2500 977.523 0
2500 63035478 1468 2529 1094.11 0
2500 64284986 1514 2548 1134.11 0
2600 65636476 1479 2603 1076.14 0
2600 66987968 1512 2622 1104.81 0
2600 68339460 1556 2612 1148.64 0
2600 69690948 1510 2620 1102.59 0
2600 71042436 1497 2604 1091.47 0
2600 72393920 1502 2604 1096.83 0
2700 73851394 1679 2720 1241.63 0
2700 75308860 1728 2708 1291.19 0
2700 76766328 1639 2710 1201.96 0
2700 78223800 1622 2709 1187.29 0
2700 79681270 1694 2704 1258.28 0
2700 81138742 1588 2707 1153.3 0
