1024 3968 439 31315 129.409 0
1024 7936 452 34704 120.385 0
1024 11904 348 28852 79.1368 0
1024 15872 328 26345 85.9838 0
1024 19840 24 2109 5.85055 0
1024 23808 17 1637 4.01329 0
196 24536 1 255 0.471265 0
196 25264 1 208 0.536388 0
196 25992 9 1622 4.13391 0
196 26720 1 216 0.504628 0
196 27448 2 433 1.11224 0
196 28176 2 475 0.81966 0
400 29696 39 5573 11.6783 0
400 31216 65 7891 24.9725 0
400 32736 3 466 1.03364 0
400 34256 2 408 0.867781 0
400 35776 19 2543 7.05646 0
400 37296 4 613 1.65247 0
576 39504 181 18326 65.4945 0
576 41712 78 8631 23.7884 0
576 43920 109 13173 31.0175 0
576 46128 79 9631 21.6503 0
576 48336 8 1018 2.48176 0
576 50544 63 7731 18.5481 0
784 53568 92 9685 22.6351 0
784 56592 31 2815 10.0188 0
784 59616 351 31493 106.133 0
784 62640 66 7227 16.8757 0
784 65664 53 5392 13.3991 0
784 68688 7 833 2.2033 0
1089 72912 1655 127198 391.217 0
1089 77136 18 1559 4.24363 0
1089 81360 15 1381 3.85 0
1089 85584 16 1430 3.88079 0
1089 89808 73 6487 14.7661 0
1089 94032 364 25954 99.355 0
1225 98792 21 1776 4.38991 0
1225 103552 1003 73737 221.323 0
1225 108312 1492 106162 351.108 0
1225 113072 372 29279 75.5858 0
1225 117832 90 5906 24.5503 0
1225 122592 149 11241 30.1192 0
1296 127632 351 21870 90.7998 0
1296 132672 159 12786 31.0508 0
1296 137712 380 27385 82.5233 0
1296 142752 108 9166 19.207 0
1296 147792 16 1316 3.79674 0
1296 152832 1607 106207 366.833 0
1369 158160 212 15922 35.6044 0
1369 163488 352 22388 81.1069 0
1369 168816 327 23553 59.9395 0
1369 174144 864 51738 207.691 0
1369 179472 389 28737 66.7986 0
1369 184800 20 1460 4.52401 0
1521 190728 1309 80071 297.716 0
1521 196656 634 40918 109.73 0
1521 202584 987 60246 202.211 0
1521 208512 213 15937 39.4865 0
1521 214440 22 1559 4.2956 0
1521 220368 2723 163663 559.234 0
1600 226608 1335 69040 339.818 0
1600 232848 40 2764 7.54697 0
1600 239088 2008 111554 445.824 0
1600 245328 2363 119254 630.382 0
1600 251568 8430 436241 2085.17 0
1600 257808 38 2571 7.49532 0
1681 264368 258 15234 52.9475 0
1681 270928 888 48451 183.74 0
1681 277488 505 27528 110.713 0
1681 284048 2660 158586 466.356 0
1681 290608 464 24649 110.283 0
1681 297168 98 6970 13.4598 0
1764 304056 980 56962 180.221 0
1764 310944 7051 367464 1479.95 0
1764 317832 1242 72501 198.789 0
1764 324720 2686 148732 507.947 0
1764 331608 825 49453 127.113 0
1764 338496 188 9892 39.2837 0
1936 346064 50 2974 8.44234 0
1936 353632 734 40930 108.096 0
1936 361200 130 6862 24.6889 0
1936 368768 4981 258764 876.236 0
1936 376336 246 14794 37.6579 0
1936 383904 6765 333494 1358.44 0
2025 391824 8273 388518 1695.36 0
2025 399744 900 44673 173.456 0
2025 407664 47 2544 8.63899 0
2025 415584 13122 586648 3012.73 0
2025 423504 1993 92372 424.74 0
2025 431424 4256 200949 837.683 0
2116 439704 72 3909 11.3466 0
2116 447984 3934 177710 799.769 0
2116 456264 2311 104874 428.039 0
2116 464544 4094 191479 800.744 0
2116 472824 11596 511047 2258.33 0
2116 481104 1542 67899 329.354 0
2209 489752 14916 612990 3203.47 0
2209 498400 607 24126 132.935 0
2209 507048 263 10924 58.747 0
2209 515696 518 26086 77.4975 0
2209 524344 135 6254 25.2651 0
2209 532992 235 12631 35.0757 0
2304 542016 664 27286 133.494 0
2304 551040 1400 55145 301.795 0
2304 560064 2988 122291 612.696 0
2304 569088 2482 117575 359.14 0
2304 578112 1592 73916 229.273 0
2304 587136 233 11163 39.481 0
2401 596544 1484 67418 230.431 0
2401 605952 2027 90531 314.299 0
2401 615360 9617 392599 1795.33 0
2401 624768 11107 471618 1905.12 0
2401 634176 62 2995 10.9103 0
2401 643584 17953 705281 3690.21 0
2500 653384 14864 584859 2902.02 0
2500 663184 467 23655 50.2604 0
2500 672984 2851 127932 336.669 0
2500 682784 1356 65946 184.775 0
2500 692584 106 5150 14.9736 0
2500 702384 3088 135088 436.56 0
2601 712584 447 20729 53.0325 0
2601 722784 655 27915 93.7188 0
2601 732984 16651 656260 2786.94 0
2601 743184 1610 64118 253.106 0
2601 753384 5144 198123 894.879 0
2601 763584 1677 75656 240.213 0
2704 774192 33230 1184814 6006.17 0
2704 784800 301 12875 44.0397 0
2704 795408 825 36142 102.805 0
2704 806016 5659 214200 960.522 0
2704 816624 357 15523 44.484 0
2704 827232 5090 206512 771.894 0
