1024 5196 15 1162 5.09537 0
1024 10392 13 1096 4.55128 0
1024 15588 16 1318 5.73826 0
1024 20784 16 1239 5.72832 0
1024 25980 16 1352 4.93721 0
1024 31176 14 1060 5.15087 0
196 32138 1 244 0.607928 0
196 33100 1 228 0.590925 0
196 34062 1 230 0.598625 0
196 35024 1 196 0.474152 0
196 35986 1 197 0.495967 0
196 36948 1 198 0.471585 0
400 38948 3 403 1.22195 0
400 40948 3 538 1.51196 0
400 42948 3 487 1.40417 0
400 44948 3 407 1.48533 0
400 46948 3 421 1.37305 0
400 48948 3 427 1.28002 0
576 51846 5 618 2.22126 0
576 54744 5 578 1.97007 0
576 57642 5 577 1.99253 0
576 60540 6 692 2.46572 0
576 63438 5 593 2.45192 0
576 66336 5 598 1.91971 0
784 70300 10 941 4.02644 0
784 74264 12 1165 4.34917 0
784 78228 11 1037 4.11081 0
784 82192 15 1364 5.32699 0
784 86156 9 791 3.73964 0
784 90120 9 895 3.56705 0
1089 95664 15 1109 5.47969 0
1089 101208 17 1295 6.13574 0
1089 106752 17 1234 6.3911 0
1089 112296 14 1128 4.95838 0
1089 117840 17 1318 6.19317 0
1089 123384 16 1269 5.09633 0
1225 129584 17 1249 6.12099 0
1225 135784 25 1478 9.32071 0
1225 141984 19 1456 5.523 0
1225 148184 21 1416 7.91718 0
1225 154384 33 2088 10.9231 0
1225 160584 20 1465 6.91562 0
1296 167184 20 1417 6.88675 0
1296 173784 20 1310 7.30316 0
1296 180384 20 1301 7.08276 0
1296 186984 32 1885 11.4438 0
1296 193584 20 1416 6.53547 0
1296 200184 22 1449 7.45041 0
1369 207192 24 1481 8.09876 0
1369 214200 24 1453 8.98579 0
1369 221208 30 1764 10.4115 0
1369 228216 22 1473 7.22167 0
1369 235224 24 1498 8.95531 0
1369 242232 24 1663 7.47639 0
1521 249960 27 1598 9.28895 0
1521 257688 25 1541 8.27648 0
1521 265416 28 1725 8.99477 0
1521 273144 30 1711 10.6578 0
1521 280872 30 1587 11.3514 0
1521 288600 31 1714 11.7912 0
1600 296760 31 1645 11.6065 0
1600 304920 34 1610 13.7016 0
1600 313080 40 2084 14.4578 0
1600 321240 39 2043 13.3799 0
1600 329400 38 2146 11.763 0
1600 337560 32 1759 11.3671 0
1681 346160 34 1695 12.8377 0
1681 354760 46 2101 17.2883 0
1681 363360 34 1785 12.1393 0
1681 371960 36 2066 10.8205 0
1681 380560 35 1883 11.7101 0
1681 389160 36 2039 10.6559 0
1764 398208 46 2467 14.6195 0
1764 407256 47 2425 15.1109 0
1764 416304 43 2300 12.9105 0
1764 425352 38 2045 12.8079 0
1764 434400 43 2000 16.4311 0
1764 443448 34 1793 11.9244 0
1936 453296 45 2346 13.3276 0
1936 463144 49 2336 16.2328 0
1936 472992 48 2240 16.5093 0
1936 482840 51 2473 14.921 0
1936 492688 51 2564 15.621 0
1936 502536 60 2949 18.1746 0
2025 512856 78 3255 26.5945 0
2025 523176 70 2805 26.6661 0
2025 533496 43 2145 13.4774 0
2025 543816 50 2108 18.7928 0
2025 554136 47 2124 16.3592 0
2025 564456 45 2162 13.9297 0
2116 575256 55 2243 20.7286 0
2116 586056 48 2231 15.7712 0
2116 596856 53 2571 15.8696 0
2116 607656 79 3106 26.7665 0
2116 618456 56 2646 15.8446 0
2116 629256 57 2411 19.2737 0
2209 640544 57 2490 18.4884 0
2209 651832 74 2909 24.4143 0
2209 663120 60 2382 20.9785 0
2209 674408 70 2791 24.0505 0
2209 685696 75 3258 22.7609 0
2209 696984 57 2426 18.8759 0
2304 708768 79 2924 26.5827 0
2304 720552 66 2633 22.7769 0
2304 732336 62 2366 22.1446 0
2304 744120 105 3610 39.1105 0
2304 755904 62 2409 21.8851 0
2304 767688 92 3089 35.93 0
2401 779976 86 3581 26.652 0
2401 792264 81 2877 29.3512 0
2401 804552 68 2594 23.1956 0
2401 816840 66 2527 23.1074 0
2401 829128 94 3300 32.0017 0
2401 841416 64 2428 22.5963 0
2500 854216 106 3803 30.6672 0
2500 867016 82 3271 24.0868 0
2500 879816 83 2902 29.8404 0
2500 892616 79 3180 24.2863 0
2500 905416 122 4043 42.4918 0
2500 918216 71 2597 24.748 0
2601 931536 77 2783 25.3338 0
2601 944856 80 2907 25.2144 0
2601 958176 85 2813 31.8458 0
2601 971496 91 3137 30.2976 0
2601 984816 76 2633 26.5737 0
2601 998136 111 3956 32.5651 0
2704 1011984 85 2948 28.0029 0
2704 1025832 87 2936 29.1481 0
2704 1039680 87 3190 27.5826 0
2704 1053528 153 4415 59.1246 0
2704 1067376 83 2768 28.6201 0
2704 1081224 109 3888 34.8181 0
