1024 4376 36 3214 9.57575 0
1024 8752 11 1093 3.33318 0
1024 13128 18 1719 5.13483 0
1024 17504 12 1141 3.34376 0
1024 21880 38 2622 11.8082 0
1024 26256 26 2564 6.00229 0
196 27062 1 245 0.408387 0
196 27868 1 218 0.435334 0
196 28674 1 274 0.498854 0
196 29480 1 204 0.374381 0
196 30286 1 205 0.462924 0
196 31092 1 203 0.410311 0
400 32772 3 472 1.20655 0
400 34452 2 433 0.974931 0
400 36132 2 421 1.0362 0
400 37812 6 1059 2.01466 0
400 39492 2 445 0.829284 0
400 41172 3 520 1.22356 0
576 43610 10 1287 3.19651 0
576 46048 6 897 2.01916 0
576 48486 8 971 2.50806 0
576 50924 4 617 1.6082 0
576 53362 6 732 2.50197 0
576 55800 11 1490 3.20871 0
784 59136 14 1579 4.0351 0
784 62472 9 902 3.01815 0
784 65808 16 1945 4.43675 0
784 69144 11 1268 3.0945 0
784 72480 16 1712 4.584 0
784 75816 9 983 2.92415 0
1089 80480 18 1474 5.82199 0
1089 85144 17 1388 4.90705 0
1089 89808 33 2725 8.60274 0
1089 94472 17 1455 5.21631 0
1089 99136 21 1678 6.38533 0
1089 103800 24 2149 6.33143 0
1225 109040 33 2292 9.80641 0
1225 114280 27 2051 7.44848 0
1225 119520 26 1970 7.39972 0
1225 124760 36 3180 7.7988 0
1225 130000 48 3428 12.8647 0
1225 135240 20 1608 5.30197 0
1296 140800 20 1653 4.60261 0
1296 146360 31 2518 7.40132 0
1296 151920 18 1353 5.39789 0
1296 157480 22 1846 5.99555 0
1296 163040 31 2151 10.1599 0
1296 168600 23 1878 5.76361 0
1369 174488 26 2039 6.76998 0
1369 180376 38 3135 8.33647 0
1369 186264 18 1380 5.36581 0
1369 192152 26 1702 7.9807 0
1369 198040 32 1987 10.057 0
1369 203928 48 3861 9.87891 0
1521 210456 22 1611 5.43478 0
1521 216984 37 2171 10.6328 0
1521 223512 40 2695 9.77208 0
1521 230040 24 1762 5.69816 0
1521 236568 37 2149 11.1317 0
1521 243096 32 2091 9.33899 0
1600 249976 48 3344 9.79229 0
1600 256856 67 4369 13.8168 0
1600 263736 57 3141 16.7172 0
1600 270616 71 4922 12.7209 0
1600 277496 33 2057 8.60371 0
1600 284376 93 6126 19.7928 0
1681 291616 80 4927 18.2205 0
1681 298856 57 3019 16.8465 0
1681 306096 63 3173 19.8627 0
1681 313336 29 1860 7.22648 0
1681 320576 38 2327 9.74225 0
1681 327816 55 2804 15.6903 0
1764 335424 48 2817 12.4136 0
1764 343032 65 2952 21.5091 0
1764 350640 45 2541 12.3757 0
1764 358248 72 4073 17.5889 0
1764 365856 73 4654 12.6459 0
1764 373464 37 2256 9.18405 0
1936 381792 87 5025 13.3744 0
1936 390120 171 7984 42.8815 0
1936 398448 41 2445 9.44358 0
1936 406776 108 6775 17.0079 0
1936 415104 83 3961 23.8443 0
1936 423432 94 4568 23.2293 0
2025 432152 110 5957 21.6333 0
2025 440872 76 3312 23.6149 0
2025 449592 548 17534 196.765 0
2025 458312 52 2719 12.1329 0
2025 467032 72 3689 15.273 0
2025 475752 66 3313 17.5452 0
2116 484872 115 4446 38.183 0
2116 493992 119 6514 20.3606 0
2116 503112 141 6825 33.872 0
2116 512232 88 3635 28.2432 0
2116 521352 117 4942 32.6581 0
2116 530472 60 2928 15.2537 0
2209 540000 152 5162 54.5368 0
2209 549528 150 5269 54.0248 0
2209 559056 130 6678 28.5235 0
2209 568584 141 7969 22.776 0
2209 578112 230 7925 68.6959 0
2209 587640 64 2738 17.8365 0
2304 597584 64 3102 12.7691 0
2304 607528 62 2848 16.3499 0
2304 617472 83 4248 16.8208 0
2304 627416 122 6010 25.585 0
2304 637360 69 3104 19.9195 0
2304 647304 104 5415 17.1962 0
2401 657672 154 5142 48.3372 0
2401 668040 152 5586 43.7105 0
2401 678408 280 10356 68.5794 0
2401 688776 184 5701 66.1397 0
2401 699144 63 2780 16.5754 0
2401 709512 132 7026 18.3254 0
2500 720312 329 10668 88.9792 0
2500 731112 81 3301 20.239 0
2500 741912 83 3265 22.63 0
2500 752712 245 9844 58.3576 0
2500 763512 179 6025 49.3548 0
2500 774312 154 6842 22.7067 0
2601 785552 61 2716 14.0276 0
2601 796792 98 4094 22.1812 0
2601 808032 113 5340 19.6484 0
2601 819272 111 4152 29.4378 0
2601 830512 342 9889 118.338 0
2601 841752 78 3366 17.5398 0
2704 853440 160 5492 43.297 0
2704 865128 164 6756 31.0473 0
2704 876816 109 4675 21.6641 0
2704 888504 210 8549 39.2885 0
2704 900192 135 5755 30.1292 0
2704 911880 330 10949 85.5905 0
