1024 4786 11 1031 3.46182 0
1024 9572 13 1149 3.9873 0
1024 14358 15 1305 3.97672 0
1024 19144 13 1187 3.58148 0
1024 23930 17 1454 5.20701 0
1024 28716 18 1652 4.84803 0
196 29600 1 265 0.4934 0
196 30484 1 224 0.506232 0
196 31368 1 200 0.495967 0
196 32252 1 237 0.471265 0
196 33136 1 267 0.512328 0
196 34020 2 408 1.07406 0
400 35860 3 492 1.30087 0
400 37700 3 412 1.36535 0
400 39540 2 410 1.01375 0
400 41380 4 654 1.72786 0
400 43220 3 598 1.23543 0
400 45060 3 486 1.22388 0
576 47728 5 677 1.98611 0
576 50396 8 912 2.56998 0
576 53064 5 581 1.8071 0
576 55732 4 586 1.50651 0
576 58400 5 581 1.83726 0
576 61068 8 944 2.47791 0
784 64718 10 1013 3.62896 0
784 68368 11 1183 3.29564 0
784 72018 8 791 2.5719 0
784 75668 7 816 2.20779 0
784 79318 10 1150 3.09097 0
784 82968 8 1042 2.39803 0
1089 88072 15 1305 4.06173 0
1089 93176 21 1570 6.77126 0
1089 98280 14 1233 4.43515 0
1089 103384 14 1231 4.1615 0
1089 108488 12 1119 3.61068 0
1089 113592 13 1090 3.99564 0
1225 119312 30 1915 10.7958 0
1225 125032 18 1402 5.74308 0
1225 130752 14 1233 4.01906 0
1225 136472 34 2548 10.4153 0
1225 142192 23 1886 5.8868 0
1225 147912 25 1868 7.08533 0
1296 153992 17 1414 4.52401 0
1296 160072 19 1562 5.5862 0
1296 166152 27 2133 6.2631 0
1296 172232 18 1348 5.10692 0
1296 178312 20 1501 5.37736 0
1296 184392 20 1465 6.39656 0
1369 190840 21 1637 5.4983 0
1369 197288 19 1453 5.23941 0
1369 203736 20 1446 5.90091 0
1369 210184 39 2239 13.9663 0
1369 216632 36 2220 12.0402 0
1369 223080 21 1544 6.06741 0
1521 230208 29 1873 8.37529 0
1521 237336 23 1556 6.89894 0
1521 244464 29 1954 7.86585 0
1521 251592 33 2061 9.68996 0
1521 258720 23 1720 5.59968 0
1521 265848 29 2082 7.44271 0
1600 273368 33 1947 10.1785 0
1600 280888 35 2469 8.9444 0
1600 288408 28 1841 7.76095 0
1600 295928 25 1740 6.73822 0
1600 303448 40 2367 13.0231 0
1600 310968 24 1607 6.86205 0
1681 318888 56 3644 13.8572 0
1681 326808 30 1853 8.45485 0
1681 334728 50 3355 10.4535 0
1681 342648 41 2668 9.27163 0
1681 350568 44 2226 14.895 0
1681 358488 31 1982 8.27873 0
1764 366816 58 3238 15.0526 0
1764 375144 31 1864 9.17218 0
1764 383472 30 1847 7.6615 0
1764 391800 36 2002 10.5337 0
1764 400128 30 1819 8.44683 0
1764 408456 33 1940 8.9598 0
1936 417544 33 1955 7.50944 0
1936 426632 38 2156 9.76118 0
1936 435720 56 3284 12.1188 0
1936 444808 87 4172 25.5789 0
1936 453896 58 2782 17.7887 0
1936 462984 58 2931 16.8263 0
2025 472504 41 2185 10.868 0
2025 482024 45 2316 11.8682 0
2025 491544 37 2059 8.65183 0
2025 501064 42 2301 9.6181 0
2025 510584 148 6016 45.5134 0
2025 520104 45 2498 11.1727 0
2116 530064 66 2779 21.9813 0
2116 540024 104 4596 30.7211 0
2116 549984 65 3835 12.9968 0
2116 559944 47 2433 11.1224 0
2116 569904 39 2144 8.89211 0
2116 579864 54 2830 13.1293 0
2209 590272 57 2642 16.4872 0
2209 600680 67 3057 16.902 0
2209 611088 234 8274 76.5736 0
2209 621496 66 3167 14.5428 0
2209 631904 52 2755 11.891 0
2209 642312 55 2913 11.6119 0
2304 653176 52 2570 11.7136 0
2304 664040 76 3132 22.9457 0
2304 674904 47 2421 10.6543 0
2304 685768 74 3384 19.7062 0
2304 696632 55 2757 11.2237 0
2304 707496 84 3286 27.0786 0
2401 718824 77 3399 19.2946 0
2401 730152 61 2940 14.2727 0
2401 741480 66 3024 15.3936 0
2401 752808 64 2831 16.5796 0
2401 764136 64 2680 18.6578 0
2401 775464 62 2972 13.7074 0
2500 787264 53 2519 11.6767 0
2500 799064 125 4577 35.8713 0
2500 810864 76 3404 16.9046 0
2500 822664 142 4377 52.8288 0
2500 834464 94 3495 28.4777 0
2500 846264 126 4266 39.8871 0
2601 858544 57 2692 11.524 0
2601 870824 87 4252 17.0967 0
2601 883104 67 2842 17.0364 0
2601 895384 72 3096 16.8212 0
2601 907664 279 7101 106.345 0
2601 919944 73 3237 17.0229 0
2704 932712 221 6244 78.0137 0
2704 945480 166 5997 41.752 0
2704 958248 132 4635 32.9953 0
2704 971016 67 2751 17.5603 0
2704 983784 126 4035 41.9015 0
2704 996552 68 2784 17.029 0
