1000 5400 31 2479 9.66943 0
1000 10800 19 1534 5.54129 0
1000 16200 27 2178 7.74459 0
1000 21600 25 1963 7.70673 0
1000 27000 15 1232 4.41141 0
1000 32400 39 3238 10.5635 0
216 33480 1 315 0.823189 0
216 34560 1 264 0.69615 0
216 35640 1 221 0.546975 0
216 36720 7 981 3.11118 0
216 37800 1 218 0.535426 0
216 38880 1 286 0.759349 0
343 40644 3 429 1.26686 0
343 42408 2 350 1.20784 0
343 44172 14 1676 6.60989 0
343 45936 2 371 1.0962 0
343 47700 3 544 1.38781 0
343 49464 3 478 1.29477 0
512 52152 4 545 1.89276 0
512 54840 10 1265 3.41081 0
512 57528 13 1306 5.24486 0
512 60216 4 554 1.7516 0
512 62904 13 1353 5.04821 0
512 65592 5 541 1.97841 0
729 69480 38 3260 15.0994 0
729 73368 33 2947 12.0819 0
729 77256 10 956 3.69344 0
729 81144 12 1164 3.86058 0
729 85032 13 1261 4.41077 0
729 88920 13 1337 3.97479 0
1000 94320 13 1031 4.07969 0
1000 99720 22 1721 6.44275 0
1000 105120 47 3890 12.5605 0
1000 110520 398 27611 128.583 0
1000 115920 16 1320 4.77841 0
1000 121320 15 1202 4.57117 0
1000 126720 13 1031 4.03574 0
1000 132120 22 1721 6.28075 0
1000 137520 48 3890 12.7286 0
1000 142920 400 27611 128.862 0
1000 148320 16 1320 4.76494 0
1000 153720 15 1202 4.54936 0
1000 159120 13 1031 4.36842 0
1000 164520 22 1721 6.25669 0
1000 169920 47 3890 12.6943 0
1000 175320 399 27611 128.84 0
1000 180720 15 1320 4.53364 0
1000 186120 15 1202 4.9664 0
1331 193380 60 3990 16.1327 0
1331 200640 66 4360 17.0807 0
1331 207900 56 3904 13.3375 0
1331 215160 24 1623 6.61663 0
1331 222420 96 6419 21.733 0
1331 229680 341 20740 87.1554 0
1331 236940 61 3990 16.4282 0
1331 244200 66 4360 16.7554 0
1331 251460 56 3904 13.352 0
1331 258720 24 1623 6.73276 0
1331 265980 95 6419 21.6535 0
1331 273240 341 20740 87.4383 0
1331 280500 58 3990 15.8597 0
1331 287760 66 4360 17.0679 0
1331 295020 57 3904 13.5807 0
1331 302280 24 1623 6.47066 0
1331 309540 95 6419 21.5482 0
1331 316800 338 20740 86.3418 0
1331 324060 60 3990 16.3194 0
1331 331320 66 4360 16.9232 0
1331 338580 268 14817 84.5809 0
1331 345840 24 1623 6.42607 0
1331 353100 96 6419 21.9563 0
1331 360360 340 20740 87.1775 0
1728 369864 32 1799 8.37433 0
1728 379368 38 2059 9.9604 0
1728 388872 31 1767 8.04454 0
1728 398376 84 4871 19.9923 0
1728 407880 89 4460 23.9437 0
1728 417384 238 12889 49.7908 0
1728 426888 32 1799 8.35861 0
1728 436392 223 12089 51.6633 0
1728 445896 31 1767 8.10999 0
1728 455400 84 4871 19.8531 0
1728 464904 89 4460 24.3184 0
1728 474408 238 12889 49.6958 0
1728 483912 32 1799 8.19692 0
1728 493416 223 12089 51.688 0
1728 502920 32 1767 7.87836 0
1728 512424 83 4871 19.6619 0
1728 521928 89 4460 24.065 0
1728 531432 240 12889 50.6114 0
1728 540936 45 2471 10.8394 0
1728 550440 221 12089 51.2045 0
1728 559944 32 1767 8.15041 0
1728 569448 83 4871 19.7174 0
1728 578952 88 4460 24.0861 0
1728 588456 143 7858 29.554 0
2197 600624 118 5412 24.287 0
2197 612792 90 4123 21.1832 0
2197 624960 261 11328 64.6123 0
2197 637128 54 2459 12.7812 0
2197 649296 7976 302864 2366.14 0
2197 661464 857 36611 212.486 0
2197 673632 118 5412 24.2542 0
2197 685800 90 4123 21.042 0
2197 697968 261 11328 64.638 0
2197 710136 103 4808 21.4995 0
2197 722304 7970 302864 2367.45 0
2197 734472 857 36611 212.653 0
2197 746640 118 5412 24.2286 0
2197 758808 91 4123 21.1229 0
2197 770976 2154 84083 586.238 0
2197 783144 103 4808 21.4703 0
2197 795312 7976 302864 2369.02 0
2197 807480 855 36611 212.185 0
2197 819648 117 5412 24.1092 0
2197 831816 55 2435 13.8014 0
2197 843984 2152 84083 585.984 0
2197 856152 104 4808 22.0115 0
2197 868320 7979 302864 2371.5 0
2197 880488 853 36611 211.61 0
2197 892656 105 4816 21.8302 0
2197 904824 56 2435 13.8916 0
2197 916992 2146 84083 585.275 0
2197 929160 104 4808 21.4517 0
2197 941328 7974 302864 2367.9 0
2197 953496 103 5038 23.6925 0
2197 965664 105 4816 22.0927 0
2197 977832 56 2435 14.3763 0
2197 990000 2150 84083 585.069 0
2197 1002168 103 4808 21.4696 0
2197 1014336 200 10398 34.631 0
2197 1026504 101 5038 23.3624 0
