1000 6200 15 1012 6.8999 0
1000 12400 20 1192 9.10962 0
1000 18600 18 1007 9.29344 0
1000 24800 18 1120 8.62167 0
1000 31000 19 1022 9.5148 0
1000 37200 13 1019 5.21567 0
216 38452 1 234 0.694225 0
216 39704 1 223 0.700641 0
216 40956 1 244 0.714115 0
216 42208 1 239 0.68428 0
216 43460 1 228 0.603437 0
216 44712 1 260 0.765123 0
343 46750 2 345 1.36792 0
343 48788 3 343 1.44587 0
343 50826 3 343 1.49817 0
343 52864 3 372 1.35541 0
343 54902 3 406 1.29413 0
343 56940 2 352 1.15939 0
512 60036 4 515 1.66691 0
512 63132 5 542 2.55619 0
512 66228 5 549 2.45449 0
512 69324 6 800 2.25206 0
512 72420 4 513 1.733 0
512 75516 7 753 2.86352 0
729 79986 11 765 6.02442 0
729 84456 9 838 4.00976 0
729 88926 9 759 4.28694 0
729 93396 11 733 5.76393 0
729 97866 13 952 6.21209 0
729 102336 10 810 4.71008 0
1000 108616 20 1013 10.4676 0
1000 114896 20 1329 8.69257 0
1000 121176 18 1039 9.00022 0
1000 127456 19 1099 9.23249 0
1000 133736 21 1105 10.9395 0
1000 140016 21 1053 11.0165 0
1000 146376 21 1215 9.68226 0
1000 152736 22 1424 9.31429 0
1000 159096 21 1052 10.7971 0
1000 165456 18 1045 8.03748 0
1000 171816 19 1144 9.00856 0
1000 178176 22 1101 11.3569 0
1000 184616 22 1101 11.1567 0
1000 191056 21 1002 11.4948 0
1000 197496 23 1111 12.2131 0
1000 203936 23 1007 13.2888 0
1000 210376 21 1005 11.6292 0
1000 216816 23 1006 12.7492 0
1331 225196 29 1378 13.3478 0
1331 233576 30 1351 14.5277 0
1331 241956 46 2310 19.4928 0
1331 250336 35 1744 15.7333 0
1331 258716 43 2228 18.1795 0
1331 267096 35 1501 17.5439 0
1331 275556 31 1365 15.4998 0
1331 284016 36 1595 18.0133 0
1331 292476 39 2178 15.3252 0
1331 300936 31 1415 15.0092 0
1331 309396 34 1635 16.1455 0
1331 317856 28 1342 13.3109 0
1331 326396 34 1537 15.9402 0
1331 334936 43 2099 18.9215 0
1331 343476 32 1336 15.8674 0
1331 352016 34 1490 16.6075 0
1331 360556 35 1448 17.9793 0
1331 369096 35 1409 17.6521 0
1331 377716 32 1494 15.3711 0
1331 386336 38 1344 20.6535 0
1331 394956 31 1426 14.717 0
1331 403576 36 1499 17.9623 0
1331 412196 36 1611 17.2257 0
1331 420816 36 1448 18.4573 0
1728 431760 67 2818 27.7687 0
1728 442704 54 1734 28.1142 0
1728 453648 51 1839 24.1439 0
1728 464592 58 1914 29.3724 0
1728 475536 58 2255 26.5422 0
1728 486480 51 1923 24.6039 0
1728 497504 57 2039 27.4976 0
1728 508528 56 1979 27.5383 0
1728 519552 47 1736 22.2261 0
1728 530576 58 1903 29.2829 0
1728 541600 47 1902 20.975 0
1728 552624 52 1825 25.0675 0
1728 563728 49 1857 22.7894 0
1728 574832 55 2100 25.438 0
1728 585936 64 2077 31.8381 0
1728 597040 55 1752 28.3551 0
1728 608144 56 1766 29.2062 0
1728 619248 60 2131 27.949 0
1728 630432 49 1742 23.8375 0
1728 641616 53 1746 26.6173 0
1728 652800 54 1790 27.2942 0
1728 663984 47 1914 21.1918 0
1728 675168 57 1919 29.0801 0
1728 686352 61 1869 31.5555 0
2197 700280 108 3595 45.8346 0
2197 714208 110 3486 46.6584 0
2197 728136 78 2233 38.1731 0
2197 742064 82 2591 37.1856 0
2197 755992 79 2282 37.8519 0
2197 769920 75 2357 34.0469 0
2197 783928 88 2531 42.6435 0
2197 797936 81 2310 39.8076 0
2197 811944 70 2213 30.9915 0
2197 825952 78 2440 35.3445 0
2197 839960 85 2351 41.4013 0
2197 853968 72 2214 32.362 0
2197 868056 97 2361 50.9672 0
2197 882144 106 3122 50.1674 0
2197 896232 100 2770 47.2513 0
2197 910320 89 2850 39.1397 0
2197 924408 84 2331 41.7263 0
2197 938496 105 3123 49.5752 0
2197 952664 91 2461 45.9302 0
2197 966832 107 2917 51.5792 0
2197 981000 73 2204 34.5871 0
2197 995168 87 2358 43.477 0
2197 1009336 75 2222 35.9788 0
2197 1023504 80 2200 39.7293 0
2197 1037752 87 2349 44.4272 0
2197 1052000 82 2204 41.5476 0
2197 1066248 104 3306 45.6989 0
2197 1080496 87 2328 43.6646 0
2197 1094744 96 2525 46.9959 0
2197 1108992 94 2239 50.502 0
2197 1123320 97 2511 49.7308 0
2197 1137648 96 2394 49.9977 0
2197 1151976 79 2232 38.5208 0
2197 1166304 104 3201 49.1443 0
2197 1180632 91 2655 43.7519 0
2197 1194960 88 2240 45.124 0
