1000 6600 21 1010 11.2314 0
1000 13200 20 1005 10.4499 0
1000 19800 21 1037 10.9353 0
1000 26400 22 1040 11.7803 0
1000 33000 22 1262 10.8343 0
1000 39600 21 1018 10.9103 0
216 40938 1 223 0.797525 0
216 42276 1 220 0.880614 0
216 43614 1 222 0.701924 0
216 44952 1 222 0.893125 0
216 46290 1 221 0.736571 0
216 47628 1 218 0.902749 0
343 49802 3 347 1.84656 0
343 51976 3 347 1.8302 0
343 54150 3 346 1.88185 0
343 56324 3 376 1.70797 0
343 58498 3 390 2.00408 0
343 60672 3 355 1.84688 0
512 63974 5 519 2.60174 0
512 67276 7 588 3.66104 0
512 70578 6 545 2.97869 0
512 73880 6 521 3.03258 0
512 77182 7 531 3.76787 0
512 80484 6 584 3.44386 0
729 85246 12 766 6.41035 0
729 90008 11 737 5.78703 0
729 94770 10 745 5.14894 0
729 99532 11 766 5.65165 0
729 104294 12 870 5.78221 0
729 109056 13 765 6.95316 0
1000 115776 22 1065 11.4342 0
1000 122496 23 1032 12.7755 0
1000 129216 22 1047 11.7053 0
1000 135936 22 1028 12.1108 0
1000 142656 24 1111 12.8845 0
1000 149376 21 1056 11.1599 0
1000 156216 24 1019 13.2086 0
1000 163056 22 1061 11.729 0
1000 169896 23 1000 12.8595 0
1000 176736 25 1133 13.9621 0
1000 183576 23 1054 12.7334 0
1000 190416 21 1164 10.3329 0
1000 197376 23 1010 12.7687 0
1000 204336 25 1040 13.931 0
1000 211296 25 1071 13.685 0
1000 218256 24 1015 13.546 0
1000 225216 24 1080 12.0177 0
1000 232176 25 1057 13.7754 0
1331 241116 40 1512 20.811 0
1331 250056 34 1331 17.7156 0
1331 258996 37 1461 19.1496 0
1331 267936 40 1565 20.7866 0
1331 276876 40 1647 20.5024 0
1331 285816 38 1384 20.1348 0
1331 294876 43 1346 24.6729 0
1331 303936 41 1474 22.3769 0
1331 312996 38 1502 19.6305 0
1331 322056 39 1363 21.7096 0
1331 331116 40 1338 22.1209 0
1331 340176 38 1427 19.9805 0
1331 349356 40 1621 19.9054 0
1331 358536 41 1537 21.4501 0
1331 367716 39 1334 22.0214 0
1331 376896 43 1643 22.4751 0
1331 386076 41 1411 22.443 0
1331 395256 38 1377 20.7167 0
1331 404556 40 1375 21.7337 0
1331 413856 41 1510 21.8036 0
1331 423156 40 1435 21.418 0
1331 432456 43 1567 22.8607 0
1331 441756 43 1599 22.8376 0
1331 451056 41 1422 22.5472 0
1728 462720 61 1910 31.3543 0
1728 474384 64 2086 32.361 0
1728 486048 61 1732 33.1823 0
1728 497712 59 1782 31.3826 0
1728 509376 68 2066 36.0596 0
1728 521040 63 1734 34.9284 0
1728 532824 59 1739 31.577 0
1728 544608 68 1966 36.3448 0
1728 556392 67 1950 35.6544 0
1728 568176 74 2298 37.7644 0
1728 579960 62 2026 31.6267 0
1728 591744 61 1894 32.2202 0
1728 603648 66 1999 34.6997 0
1728 615552 70 1959 38.3794 0
1728 627456 65 2236 31.9838 0
1728 639360 65 1999 34.4889 0
1728 651264 62 1736 34.2945 0
1728 663168 64 1743 35.1925 0
1728 675192 65 1797 35.4626 0
1728 687216 65 1803 36.1793 0
1728 699240 65 1797 34.8537 0
1728 711264 66 1821 36.7788 0
1728 723288 65 2065 32.7444 0
1728 735312 66 1836 36.4009 0
2197 750120 100 2389 52.6671 0
2197 764928 104 2384 55.9429 0
2197 779736 103 2330 56.4324 0
2197 794544 113 2738 58.5379 0
2197 809352 101 2794 49.9698 0
2197 824160 109 2677 56.6294 0
2197 839088 95 2199 50.331 0
2197 854016 147 3500 73.0377 0
2197 868944 108 2379 58.4824 0
2197 883872 96 2317 50.8606 0
2197 898800 101 2256 55.4215 0
2197 913728 107 3024 52.0512 0
2197 928776 96 2210 52.269 0
2197 943824 101 2200 55.7167 0
2197 958872 110 2774 56.4834 0
2197 973920 110 2551 59.4576 0
2197 988968 102 2536 52.7707 0
2197 1004016 100 2470 52.2395 0
2197 1019184 105 2217 59.192 0
2197 1034352 107 2878 53.4277 0
2197 1049520 103 2299 56.2502 0
2197 1064688 104 2489 55.2252 0
2197 1079856 101 2306 55.3754 0
2197 1095024 107 2229 59.5012 0
2197 1110312 111 2895 56.3073 0
2197 1125600 99 2258 53.676 0
2197 1140888 111 2520 59.2526 0
2197 1156176 109 2310 61.2644 0
2197 1171464 102 2316 55.5784 0
2197 1186752 109 2406 60.1255 0
2197 1202160 114 2644 60.2657 0
2197 1217568 108 2356 59.7313 0
2197 1232976 103 2285 56.8177 0
2197 1248384 109 2397 59.7694 0
2197 1263792 112 2549 60.105 0
2197 1279200 119 2649 64.1083 0
