1000 5800 14 1116 5.00811 0
1000 11600 38 3235 11.5612 0
1000 17400 13 1042 4.98244 0
1000 23200 31 2288 11.8268 0
1000 29000 13 1016 4.66998 0
1000 34800 14 1008 5.77163 0
216 35966 1 272 0.64033 0
216 37132 1 240 0.720852 0
216 38298 1 299 0.719248 0
216 39464 1 230 0.673052 0
216 40630 1 274 0.662465 0
216 41796 1 223 0.586113 0
343 43696 2 381 1.12058 0
343 45596 3 356 1.28034 0
343 47496 2 352 1.05032 0
343 49396 3 533 1.39615 0
343 51296 2 349 1.1456 0
343 53196 2 371 1.14945 0
512 56088 5 722 1.87864 0
512 58980 4 555 1.78272 0
512 61872 5 644 2.09968 0
512 64764 9 1090 3.13877 0
512 67656 5 617 2.17378 0
512 70548 5 539 1.83758 0
729 74726 10 1057 3.85449 0
729 78904 12 1244 4.65298 0
729 83082 8 883 2.817 0
729 87260 9 793 3.62255 0
729 91438 9 918 2.99344 0
729 95616 10 932 3.86058 0
1000 101456 12 1020 4.42296 0
1000 107296 14 1136 4.64175 0
1000 113136 12 1065 4.12685 0
1000 118976 12 1016 4.51054 0
1000 124816 13 1028 4.71232 0
1000 130656 16 1375 4.47044 0
1000 136536 18 1171 7.28487 0
1000 142416 12 1004 4.82749 0
1000 148296 13 1130 4.1862 0
1000 154176 13 1092 4.46338 0
1000 160056 20 1347 8.28964 0
1000 165936 18 1364 6.47548 0
1000 171856 21 1369 8.80902 0
1000 177776 17 1515 5.62694 0
1000 183696 15 1171 5.56631 0
1000 189616 12 1072 3.87053 0
1000 195536 11 1012 3.60683 0
1000 201456 23 1702 8.67108 0
1331 209276 23 1352 9.11122 0
1331 217096 24 1455 9.3422 0
1331 224916 23 1416 8.95531 0
1331 232736 21 1541 6.30481 0
1331 240556 38 1951 15.5357 0
1331 248376 38 2322 11.7072 0
1331 256236 22 1377 7.939 0
1331 264096 27 1780 8.94793 0
1331 271956 39 2365 13.7988 0
1331 279816 33 1797 12.9779 0
1331 287676 22 1405 8.20944 0
1331 295536 24 1538 8.5604 0
1331 303436 28 1439 12.3308 0
1331 311336 69 3705 24.8067 0
1331 319236 21 1346 7.53638 0
1331 327136 22 1600 6.33111 0
1331 335036 45 3069 13.7283 0
1331 342936 30 1468 14.0523 0
1331 350876 24 1397 9.43716 0
1331 358816 20 1360 6.5252 0
1331 366756 24 1368 10.3082 0
1331 374696 30 1882 10.8952 0
1331 382636 23 1575 7.57103 0
1331 390576 32 1530 14.6342 0
1728 400800 39 2487 9.07593 0
1728 411024 32 2001 7.7571 0
1728 421248 55 2964 17.5067 0
1728 431472 75 3216 27.4379 0
1728 441696 44 2075 17.0284 0
1728 451920 50 2581 15.4337 0
1728 462184 29 1733 8.15618 0
1728 472448 45 2470 13.266 0
1728 482712 34 1943 9.80352 0
1728 492976 43 2201 13.5088 0
1728 503240 34 1999 9.61778 0
1728 513504 41 1823 16.8664 0
1728 523808 40 1733 16.9902 0
1728 534112 38 2376 9.63093 0
1728 544416 59 2331 25.8535 0
1728 554720 35 1809 12.0453 0
1728 565024 52 2616 18.3751 0
1728 575328 44 2358 14.7545 0
1728 585672 66 4031 16.9578 0
1728 596016 33 1913 9.92126 0
1728 606360 51 2097 21.6743 0
1728 616704 39 2027 13.6269 0
1728 627048 37 1906 13.4585 0
1728 637392 66 3834 17.9478 0
2197 650440 60 2247 23.5443 0
2197 663488 54 2366 17.0512 0
2197 676536 116 5737 24.355 0
2197 689584 68 3598 15.178 0
2197 702632 67 2392 27.5816 0
2197 715680 150 5743 44.1609 0
2197 728768 92 3512 31.1766 0
2197 741856 47 2264 12.8274 0
2197 754944 69 2262 30.3284 0
2197 768032 78 2294 37.4051 0
2197 781120 75 2459 32.9144 0
2197 794208 115 6033 28.7998 0
2197 807336 64 2667 21.2059 0
2197 820464 64 3242 14.2191 0
2197 833592 60 2545 20.7713 0
2197 846720 65 3064 18.131 0
2197 859848 60 2924 16.0997 0
2197 872976 64 2770 20.5419 0
2197 886144 58 2271 21.9688 0
2197 899312 63 2500 23.4526 0
2197 912480 75 2683 30.6588 0
2197 925648 90 4566 22.8886 0
2197 938816 57 2559 17.3463 0
2197 951984 65 2312 26.9949 0
2197 965192 59 2304 22.4722 0
2197 978400 67 2774 23.6107 0
2197 991608 82 3419 28.4635 0
2197 1004816 101 3574 37.0448 0
2197 1018024 58 2227 21.8119 0
2197 1031232 100 4102 34.4915 0
2197 1044480 73 2842 27.0844 0
2197 1057728 56 2476 17.4477 0
2197 1070976 67 2318 27.8255 0
2197 1084224 65 2635 21.9451 0
2197 1097472 66 2615 24.1904 0
2197 1110720 63 2685 22.5607 0
