1296 7200 37 2538 9.07625 0
1296 14400 20 1483 5.07002 0
1296 21600 30 2177 6.50692 0
1296 28800 23 1616 5.5291 0
1296 36000 31 1972 7.04747 0
1296 43200 23 1704 5.38377 0
256 44544 1 282 0.683959 0
256 45888 1 261 0.702566 0
256 47232 1 265 0.77186 0
256 48576 1 281 0.697112 0
256 49920 1 276 0.673693 0
256 51264 1 297 0.73978 0
625 54664 7 778 2.22993 0
625 58064 6 676 2.23923 0
625 61464 6 748 2.1956 0
625 64864 6 673 1.93799 0
625 68264 6 677 1.93125 0
625 71664 7 771 2.2681 0
625 74664 6 766 1.96013 0
625 77664 6 747 1.83277 0
625 80664 6 739 1.73492 0
625 83664 6 797 1.95147 0
625 86664 5 675 1.66916 0
625 89664 7 852 2.14684 0
625 92664 6 766 1.95467 0
625 95664 6 747 1.86645 0
625 98664 6 739 1.70573 0
625 101664 7 797 2.23442 0
625 104664 5 675 1.767 0
625 107664 7 852 2.14202 0
1296 114144 20 1505 4.31581 0
1296 120624 20 1607 4.30554 0
1296 127104 20 1442 4.3912 0
1296 133584 30 2169 6.41549 0
1296 140064 18 1403 4.14867 0
1296 146544 27 1926 5.8252 0
1296 153024 20 1505 4.27859 0
1296 159504 21 1607 4.60004 0
1296 165984 19 1442 4.05788 0
1296 172464 30 2169 6.57717 0
1296 178944 19 1403 4.16856 0
1296 185424 27 1926 5.81429 0
1296 191904 41 3024 9.05284 0
1296 198384 21 1607 4.58015 0
1296 204864 19 1442 4.04697 0
1296 211344 29 2169 6.51654 0
1296 217824 19 1403 4.31934 0
1296 224304 26 1926 5.48354 0
1296 230784 40 3024 8.98386 0
1296 237264 21 1607 4.49129 0
1296 243744 19 1442 4.09702 0
1296 250224 30 2169 6.60348 0
1296 256704 18 1403 3.978 0
1296 263184 28 1926 5.94069 0
1296 269664 41 3024 9.21613 0
1296 276144 21 1607 4.53267 0
1296 282624 19 1442 4.20834 0
1296 289104 30 2169 6.46681 0
1296 295584 19 1403 4.21508 0
1296 302064 32 2338 6.2923 0
1296 308544 41 3024 9.08203 0
1296 315024 21 1607 4.38029 0
1296 321504 19 1442 4.08451 0
1296 327984 30 2169 6.64839 0
1296 334464 19 1403 4.2093 0
1296 340944 32 2338 6.28267 0
1296 347424 41 3024 8.96429 0
1296 353904 21 1607 4.3142 0
1296 360384 19 1442 4.12974 0
1296 366864 30 2014 6.67983 0
1296 373344 18 1403 3.93469 0
1296 379824 32 2338 6.32534 0
1296 386304 42 3024 9.19271 0
1296 392784 21 1607 4.6209 0
1296 399264 19 1442 4.01233 0
1296 405744 30 2014 6.49152 0
1296 412224 19 1403 4.12878 0
1296 418704 32 2338 6.39046 0
1296 425184 40 3024 8.99349 0
1296 431664 40 2611 8.34578 0
1296 438144 19 1442 4.24651 0
1296 444624 29 2014 6.53643 0
1296 451104 18 1403 4.05499 0
1296 457584 32 2338 6.39624 0
1296 464064 42 3024 9.2944 0
1296 470544 41 2611 8.57644 0
1296 477024 19 1442 4.07809 0
1296 483504 29 2014 6.51526 0
1296 489984 18 1403 4.00944 0
1296 496464 32 2338 6.59738 0
1296 502944 41 3024 9.17987 0
1296 509424 40 2611 8.30889 0
1296 515904 19 1442 4.24876 0
1296 522384 29 2014 6.62369 0
1296 528864 18 1403 4.00687 0
1296 535344 32 2338 6.37089 0
1296 541824 42 3024 9.26296 0
1296 548304 41 2611 8.58895 0
1296 554784 19 1442 4.16503 0
1296 561264 30 2014 6.73276 0
1296 567744 18 1403 3.95458 0
1296 574224 32 2338 6.42543 0
2401 586572 65 3032 9.66686 0
2401 598920 126 5106 15.2091 0
2401 611268 134 5343 20.9246 0
2401 623616 62 2941 9.35439 0
2401 635964 79 3679 12.335 0
2401 648312 73 3306 10.9491 0
2401 660660 65 3032 9.89527 0
2401 673008 125 5106 15.1725 0
2401 685356 251 9181 38.1243 0
2401 697704 64 2941 9.65627 0
2401 710052 81 3679 12.8858 0
2401 722400 71 3306 10.7691 0
2401 734748 73 3338 10.7518 0
2401 747096 125 5106 15.1427 0
2401 759444 245 9181 36.9643 0
2401 771792 62 2941 9.33707 0
2401 784140 79 3679 12.1971 0
2401 796488 84 3839 11.993 0
