1296 8754 34 1509 16.4898 0
1296 17508 31 1299 15.442 0
1296 26262 32 1301 16.5376 0
1296 35016 32 1359 15.9617 0
1296 43770 33 1304 17.295 0
1296 52524 30 1363 14.4786 0
256 54174 2 258 0.903391 0
256 55824 2 256 0.992254 0
256 57474 2 256 0.985196 0
256 59124 2 279 1.03268 0
256 60774 2 259 1.06379 0
256 62424 2 265 1.1379 0
625 66574 10 632 5.05976 0
625 70724 8 641 4.31485 0
625 74874 9 627 4.99271 0
625 79024 7 625 3.39959 0
625 83174 9 628 4.94138 0
625 87324 10 645 5.15504 0
625 91644 10 644 5.58235 0
625 95964 10 625 5.73409 0
625 100284 9 689 4.84257 0
625 104604 11 625 5.94422 0
625 108924 10 655 5.71902 0
625 113244 11 627 6.02282 0
625 117684 10 631 5.64234 0
625 122124 10 629 5.90155 0
625 126564 9 626 5.11333 0
625 131004 10 632 5.75398 0
625 135444 11 650 5.92433 0
625 139884 11 655 5.92529 0
1296 147924 27 1341 12.4823 0
1296 155964 29 1346 13.8672 0
1296 164004 26 1311 12.1621 0
1296 172044 29 1467 12.7363 0
1296 180084 29 1374 13.7209 0
1296 188124 27 1322 12.2705 0
1296 196284 26 1313 12.2862 0
1296 204444 31 1459 14.8116 0
1296 212604 31 1529 14.0799 0
1296 220764 26 1318 11.8471 0
1296 228924 32 1465 15.2037 0
1296 237084 29 1440 13.1223 0
1296 245364 32 1385 16.1516 0
1296 253644 31 1444 14.768 0
1296 261924 30 1365 14.7 0
1296 270204 28 1299 13.2814 0
1296 278484 34 1316 17.303 0
1296 286764 32 1431 15.4266 0
1296 295164 32 1424 15.4433 0
1296 303564 31 1300 15.6117 0
1296 311964 35 1423 17.4163 0
1296 320364 30 1482 14.204 0
1296 328764 33 1375 16.8795 0
1296 337164 30 1396 14.6698 0
1296 345684 34 1349 17.4448 0
1296 354204 32 1392 15.9412 0
1296 362724 36 1349 18.3097 0
1296 371244 30 1350 14.9159 0
1296 379764 33 1307 17.423 0
1296 388284 32 1305 15.6566 0
1296 396924 35 1424 17.9106 0
1296 405564 37 1382 19.8191 0
1296 414204 36 1475 17.9116 0
1296 422844 32 1297 16.4647 0
1296 431484 35 1359 18.5208 0
1296 440124 33 1340 17.2202 0
1296 448884 35 1296 18.9449 0
1296 457644 35 1301 19.1608 0
1296 466404 35 1307 18.6045 0
1296 475164 35 1301 18.6607 0
1296 483924 35 1326 18.2654 0
1296 492684 35 1296 18.8147 0
1296 501564 38 1490 19.292 0
1296 510444 35 1353 18.0341 0
1296 519324 41 1443 21.878 0
1296 528204 34 1411 17.4224 0
1296 537084 37 1416 19.6407 0
1296 545964 40 1463 21.9945 0
1296 554964 41 1308 22.8202 0
1296 563964 38 1328 20.7619 0
1296 572964 38 1305 20.8399 0
1296 581964 38 1368 20.5399 0
1296 590964 36 1319 18.8968 0
1296 599964 39 1297 22.1151 0
1296 609084 41 1413 22.0051 0
1296 618204 39 1401 20.8787 0
1296 627324 40 1389 22.3361 0
1296 636444 40 1315 22.4375 0
1296 645564 38 1304 21.0892 0
1296 654684 41 1332 22.8385 0
1296 663924 39 1302 22.1546 0
1296 673164 41 1312 22.9983 0
1296 682404 40 1357 22.1405 0
1296 691644 40 1298 22.4487 0
1296 700884 40 1351 21.6984 0
1296 710124 41 1364 22.851 0
1296 719484 43 1338 24.1872 0
1296 728844 40 1367 22.1206 0
1296 738204 38 1308 21.0844 0
1296 747564 43 1334 24.6026 0
1296 756924 41 1385 22.6072 0
1296 766284 42 1301 23.7384 0
2401 781632 105 2952 47.5467 0
2401 796980 99 2485 49.1594 0
2401 812328 98 2470 48.1704 0
2401 827676 96 2461 46.7434 0
2401 843024 92 2648 41.6362 0
2401 858372 93 2411 45.0585 0
2401 873840 122 3277 55.0728 0
2401 889308 109 2686 53.7546 0
2401 904776 108 2731 51.9982 0
2401 920244 101 2613 48.6423 0
2401 935712 99 2471 48.213 0
2401 951180 102 2481 50.8398 0
2401 966768 104 2673 50.3695 0
2401 982356 105 2497 53.1891 0
2401 997944 100 2708 46.959 0
2401 1013532 107 2477 54.6285 0
2401 1029120 101 2532 50.1472 0
2401 1044708 103 2479 52.2295 0
