1296 8236 27 1369 12.447 0
1296 16472 20 1301 7.20114 0
1296 24708 29 1505 12.285 0
1296 32944 24 1326 9.92479 0
1296 41180 29 1404 13.044 0
1296 49416 28 1447 12.2718 0
256 50964 1 264 0.726947 0
256 52512 2 265 1.09299 0
256 54060 1 257 0.790146 0
256 55608 1 258 0.793033 0
256 57156 1 256 0.72823 0
256 58704 1 259 0.642896 0
625 62604 6 667 2.58249 0
625 66504 6 626 2.49331 0
625 70404 7 700 3.30559 0
625 74304 7 651 3.29276 0
625 78204 7 730 2.50389 0
625 82104 6 634 2.25366 0
625 85984 8 684 4.01072 0
625 89864 8 638 3.73034 0
625 93744 9 673 4.35174 0
625 97624 8 635 3.6142 0
625 101504 9 723 4.18524 0
625 105384 8 660 4.02869 0
625 109344 8 655 3.739 0
625 113304 8 654 4.08964 0
625 117264 8 626 4.07167 0
625 121224 9 647 4.4637 0
625 125184 7 631 3.41402 0
625 129144 9 625 4.45985 0
1296 136664 27 1518 11.2763 0
1296 144184 21 1306 7.71507 0
1296 151704 24 1496 8.80357 0
1296 159224 20 1520 5.47199 0
1296 166744 22 1354 8.65471 0
1296 174264 18 1318 5.86049 0
1296 181864 20 1354 7.35192 0
1296 189464 24 1539 8.72112 0
1296 197064 26 1459 10.466 0
1296 204664 25 1627 8.76026 0
1296 212264 24 1398 9.98638 0
1296 219864 21 1300 8.13725 0
1296 227544 23 1409 9.00119 0
1296 235224 23 1315 9.29184 0
1296 242904 25 1368 10.4313 0
1296 250584 22 1335 8.22644 0
1296 258264 23 1341 9.04353 0
1296 265944 26 1431 11.0928 0
1296 273704 26 1322 11.5901 0
1296 281464 27 1352 12.2891 0
1296 289224 23 1309 9.97323 0
1296 296984 25 1314 10.7034 0
1296 304744 25 1309 11.491 0
1296 312504 23 1325 9.39353 0
1296 320344 24 1499 9.00664 0
1296 328184 27 1351 12.0197 0
1296 336024 25 1515 9.72492 0
1296 343864 26 1350 11.8737 0
1296 351704 25 1348 10.9324 0
1296 359544 24 1305 10.0072 0
1296 367464 25 1309 11.4502 0
1296 375384 33 1750 14.1485 0
1296 383304 31 1597 13.5862 0
1296 391224 25 1413 10.5523 0
1296 399144 25 1315 11.301 0
1296 407064 30 1488 13.7177 0
1296 415064 29 1466 12.6003 0
1296 423064 28 1479 12.1313 0
1296 431064 30 1435 13.5951 0
1296 439064 26 1460 11.0758 0
1296 447064 28 1308 13.7459 0
1296 455064 28 1455 12.1464 0
1296 463144 30 1439 13.5518 0
1296 471224 29 1509 12.7395 0
1296 479304 27 1459 11.7559 0
1296 487384 30 1428 14.2897 0
1296 495464 34 1376 17.3473 0
1296 503544 32 1449 15.3265 0
1296 511704 29 1298 13.6965 0
1296 519864 29 1312 14.5524 0
1296 528024 30 1525 13.2737 0
1296 536184 29 1306 13.828 0
1296 544344 28 1301 13.5092 0
1296 552504 33 1371 16.9761 0
1296 560744 32 1341 16.3204 0
1296 568984 31 1317 15.0416 0
1296 577224 29 1298 14.1161 0
1296 585464 29 1402 13.4482 0
1296 593704 28 1458 12.1082 0
1296 601944 33 1518 15.8921 0
1296 610264 31 1355 15.075 0
1296 618584 33 1344 16.7461 0
1296 626904 35 1560 16.5411 0
1296 635224 28 1297 13.8447 0
1296 643544 32 1383 15.9752 0
1296 651864 36 1347 19.1229 0
1296 660264 35 1418 18.0656 0
1296 668664 33 1331 17.0611 0
1296 677064 31 1334 15.2207 0
1296 685464 33 1491 16.0548 0
1296 693864 32 1459 15.151 0
1296 702264 33 1367 16.6319 0
2401 716612 76 2652 28.2701 0
2401 730960 84 3326 26.6661 0
2401 745308 60 2408 19.0886 0
2401 759656 66 2806 20.0713 0
2401 774004 84 2959 31.5619 0
2401 788352 76 2456 30.4795 0
2401 802780 84 2647 34.6849 0
2401 817208 91 3009 35.2903 0
2401 831636 85 3058 28.9772 0
2401 846064 71 2736 24.6912 0
2401 860492 77 2509 31.0974 0
2401 874920 72 2460 28.3619 0
2401 889428 82 3246 26.9269 0
2401 903936 89 2771 36.5687 0
2401 918444 72 2844 22.4231 0
2401 932952 72 2429 28.366 0
2401 947460 84 2645 33.8213 0
2401 961968 76 2430 31.0018 0
