1296 7718 27 1927 7.03079 0
1296 15436 20 1523 6.05105 0
1296 23154 22 1435 6.90696 0
1296 30872 19 1441 5.79922 0
1296 38590 19 1534 5.29202 0
1296 46308 22 1533 7.06255 0
256 47754 1 285 0.794958 0
256 49200 1 263 0.773464 0
256 50646 1 266 0.754857 0
256 52092 1 258 0.700962 0
256 53538 1 296 0.767048 0
256 54984 1 259 0.756782 0
625 58634 7 726 2.68387 0
625 62284 5 630 1.82154 0
625 65934 6 628 2.37685 0
625 69584 6 632 2.03744 0
625 73234 6 665 2.78267 0
625 76884 6 636 2.05605 0
625 80324 6 749 2.07498 0
625 83764 6 680 2.60976 0
625 87204 5 633 1.91361 0
625 90644 7 898 2.33034 0
625 94084 5 654 2.00857 0
625 97524 6 728 2.59693 0
625 101004 5 657 1.98451 0
625 104484 6 687 2.29729 0
625 107964 8 779 2.99794 0
625 111444 5 635 2.08588 0
625 114924 5 650 1.80903 0
625 118404 6 664 2.44037 0
1296 125404 18 1415 4.80889 0
1296 132404 20 1468 5.16595 0
1296 139404 20 1543 5.52653 0
1296 146404 21 1628 5.46012 0
1296 153404 17 1359 4.32319 0
1296 160404 26 1949 6.77479 0
1296 167444 23 1624 6.45944 0
1296 174484 18 1331 4.89968 0
1296 181524 34 2771 7.41448 0
1296 188564 24 1736 6.30705 0
1296 195604 29 2257 7.22167 0
1296 202644 20 1557 4.78386 0
1296 209724 22 1743 5.45531 0
1296 216804 23 1509 6.49825 0
1296 223884 24 1879 6.3725 0
1296 230964 20 1549 5.28304 0
1296 238044 20 1526 5.46879 0
1296 245124 17 1328 4.37997 0
1296 252244 23 1804 5.55829 0
1296 259364 20 1417 5.92016 0
1296 266484 24 1729 6.38661 0
1296 273604 20 1570 5.17012 0
1296 280724 20 1510 5.78959 0
1296 287844 24 1696 7.05485 0
1296 295004 19 1367 5.81141 0
1296 302164 18 1330 5.10948 0
1296 309324 17 1340 4.64977 0
1296 316484 19 1391 5.34271 0
1296 323644 19 1403 5.30389 0
1296 330804 18 1440 4.712 0
1296 338004 17 1307 5.24743 0
1296 345204 32 2137 9.30659 0
1296 352404 17 1306 4.74697 0
1296 359604 16 1315 4.47397 0
1296 366804 18 1306 5.09023 0
1296 374004 31 2015 9.32007 0
1296 381244 18 1363 5.1483 0
1296 388484 18 1361 5.06746 0
1296 395724 25 1852 7.01507 0
1296 402964 19 1387 5.47488 0
1296 410204 19 1340 5.76008 0
1296 417444 20 1539 5.43895 0
1296 424724 17 1300 4.95999 0
1296 432004 23 1677 5.85632 0
1296 439284 19 1513 5.32025 0
1296 446564 18 1322 5.99491 0
1296 453844 19 1431 5.68469 0
1296 461124 19 1517 5.16274 0
1296 468444 19 1430 5.36773 0
1296 475764 19 1423 5.19803 0
1296 483084 19 1389 5.97662 0
1296 490404 24 1761 7.3192 0
1296 497724 18 1324 5.12937 0
1296 505044 24 1703 7.59317 0
1296 512404 19 1373 5.69207 0
1296 519764 18 1319 5.28689 0
1296 527124 18 1416 4.92566 0
1296 534484 19 1417 5.36452 0
1296 541844 17 1297 4.82685 0
1296 549204 19 1380 5.49862 0
1296 556604 18 1308 5.61539 0
1296 564004 19 1314 5.90123 0
1296 571404 26 1643 9.54976 0
1296 578804 18 1322 5.64491 0
1296 586204 21 1545 6.34234 0
1296 593604 17 1298 5.24775 0
1296 601044 21 1389 7.58033 0
1296 608484 22 1589 6.40843 0
1296 615924 19 1337 6.49601 0
1296 623364 20 1301 6.91787 0
1296 630804 20 1514 5.90829 0
1296 638244 20 1506 5.92048 0
2401 651592 62 2884 13.471 0
2401 664940 63 2812 15.9787 0
2401 678288 85 4033 16.0092 0
2401 691636 112 4695 26.5666 0
2401 704984 61 2897 12.9169 0
2401 718332 147 6595 28.8613 0
2401 731720 60 2920 12.9612 0
2401 745108 72 3517 15.4876 0
2401 758496 81 3680 17.9074 0
2401 771884 74 3563 13.7533 0
2401 785272 52 2492 11.5664 0
2401 798660 149 6037 33.0139 0
2401 812088 50 2477 10.3505 0
2401 825516 82 3474 17.7861 0
2401 838944 53 2610 11.6308 0
2401 852372 65 3277 11.9911 0
2401 865800 73 3167 18.0713 0
2401 879228 64 2930 15.5402 0
