1000 20094 58 1005 37.9832 0
1000 40170 54 1003 35.4183 0
1000 60264 53 1002 34.6041 0
1000 80354 56 1003 36.8125 0
1000 100442 58 1011 37.9495 0
1000 120518 57 1002 37.9036 0
200 121404 1 201 0.535105 0
200 122292 1 203 0.519706 0
200 123176 1 203 0.526443 0
200 124074 1 202 0.440788 0
200 124948 1 214 0.597983 0
200 125850 1 207 0.55307 0
400 129120 6 402 3.69826 0
400 132424 6 412 3.50866 0
400 135730 5 402 3.24271 0
400 139024 6 401 3.47369 0
400 142302 6 400 3.85866 0
400 145592 6 400 3.423 0
600 152870 17 602 10.7432 0
600 160152 17 600 10.8195 0
600 167442 17 601 10.6582 0
600 174728 17 603 10.6104 0
600 182030 17 609 10.8943 0
600 189324 16 607 10.3162 0
800 202184 33 805 21.4311 0
800 215062 32 817 20.8168 0
800 227940 32 800 20.7039 0
800 240818 33 805 21.2582 0
800 253692 34 800 22.0994 0
800 266564 33 800 21.5742 0
1100 290832 68 1102 44.6601 0
1100 315106 70 1102 45.5045 0
1100 339384 70 1102 45.9465 0
1100 363652 68 1107 44.6951 0
1100 387940 69 1103 45.2093 0
1100 412202 68 1116 44.9097 0
1200 441064 85 1201 56.7446 0
1200 469924 83 1211 54.4758 0
1200 498782 85 1202 55.9823 0
1200 527654 84 1208 55.4042 0
1200 556540 84 1202 55.5624 0
1200 585412 86 1205 56.7186 0
1300 619276 100 1306 66.1885 0
1300 653152 100 1303 66.1721 0
1300 687016 101 1301 67.5788 0
1300 720876 100 1301 66.6286 0
1300 754750 100 1302 66.2792 0
1300 788628 100 1300 66.594 0
1400 827898 117 1403 78.2354 0
1400 867174 119 1401 79.1609 0
1400 906426 117 1400 77.9476 0
1400 945686 118 1400 78.7833 0
1400 984962 116 1400 77.4273 0
1400 1024236 121 1411 81.0947 0
1500 1069308 137 1501 91.5735 0
1500 1114388 134 1501 89.7283 0
1500 1159436 139 1500 92.97 0
1500 1204492 139 1500 93.1586 0
1500 1249558 138 1505 92.586 0
1500 1294638 136 1501 91.1071 0
1600 1345906 161 1602 107.683 0
1600 1397170 158 1600 106.089 0
1600 1448416 158 1601 106.267 0
1600 1499664 157 1600 105.137 0
1600 1550938 160 1609 107.565 0
1600 1602210 158 1613 105.621 0
1700 1660080 179 1700 120.312 0
1700 1717944 177 1701 118.35 0
1700 1775796 180 1705 120.335 0
1700 1833650 179 1700 120.763 0
1700 1891520 181 1700 121.831 0
1700 1949388 180 1702 120.495 0
1800 2014246 202 1803 135.674 0
1800 2079130 201 1802 134.831 0
1800 2143992 205 1800 137.545 0
1800 2208848 198 1800 132.439 0
1800 2273706 202 1801 136.311 0
1800 2338580 204 1805 137.715 0
1900 2410854 227 1901 152.832 0
1900 2483124 225 1903 150.952 0
1900 2555372 223 1900 149.436 0
1900 2627626 226 1900 151.691 0
1900 2699888 223 1905 149.686 0
1900 2772166 219 1900 147.183 0
2000 2852246 255 2000 172.501 0
2000 2932314 253 2008 170.571 0
2000 3012366 255 2001 171.63 0
2000 3092426 255 2001 172.739 0
2000 3172492 254 2004 171.684 0
2000 3252564 255 2003 172.191 0
2100 3340832 286 2100 193.624 0
2100 3429104 286 2101 193.585 0
2100 3517362 278 2100 187.403 0
2100 3605620 283 2103 191.637 0
2100 3693890 284 2101 191.953 0
2100 3782168 278 2123 187.677 0
2200 3879022 314 2200 213.032 0
2200 3975876 305 2202 206.172 0
2200 4072726 308 2213 208.577 0
2200 4169594 309 2203 208.496 0
2200 4266456 302 2200 202.864 0
2200 4363320 307 2205 207.733 0
2300 4469180 338 2301 228.736 0
2300 4575014 347 2303 235.742 0
2300 4680862 341 2301 230.688 0
2300 4786712 336 2300 227.172 0
2300 4892562 340 2302 229.983 0
2300 4998422 345 2312 233.94 0
2400 5113676 371 2400 251.695 0
2400 5228914 374 2400 253.826 0
2400 5344168 367 2407 248.075 0
2400 5459408 372 2400 252.083 0
2400 5574662 369 2402 249.722 0
2400 5689914 371 2402 250.568 0
2500 5814966 396 2501 267.693 0
2500 5940024 406 2501 275.007 0
2500 6065070 409 2502 278.468 0
2500 6190128 404 2505 273.57 0
2500 6315172 410 2500 278.407 0
2500 6440224 412 2513 279.503 0
2600 6575482 436 2600 295.041 0
2600 6710732 440 2602 298.077 0
2600 6845972 433 2601 293.422 0
2600 6981234 442 2600 300.678 0
2600 7116472 442 2600 299.82 0
2600 7251728 441 2600 298.431 0
2700 7397586 481 2703 326.498 0
2700 7543424 475 2706 322.754 0
2700 7689252 476 2706 322.498 0
2700 7835098 477 2706 324.064 0
2700 7980932 479 2700 325.463 0
2700 8126790 477 2700 323.531 0
