1000 99916 108 1000 70.1382 0
1000 199830 110 1001 70.9515 0
1000 299748 108 1001 69.4177 0
1000 399660 105 1000 67.2811 0
1000 499580 110 1001 70.7612 0
1000 599490 110 1002 70.9685 0
200 603494 4 202 2.45 0
200 607488 3 202 2.33515 0
200 611482 4 200 2.42273 0
200 615484 3 200 2.20522 0
200 619488 4 200 2.59885 0
200 623488 4 200 2.4516 0
400 639468 16 404 10.3662 0
400 655452 16 401 10.1635 0
400 671432 16 403 9.99793 0
400 687402 17 402 10.8147 0
400 703384 16 402 10.5937 0
400 719362 16 403 10.3948 0
600 755316 38 601 24.3816 0
600 791274 37 601 23.5716 0
600 827228 36 600 23.2655 0
600 863192 38 600 24.1047 0
600 899150 37 600 23.7416 0
600 935116 39 601 24.978 0
800 999060 69 800 44.1593 0
800 1063004 66 801 42.4359 0
800 1126940 68 800 43.2928 0
800 1190876 69 801 44.6636 0
800 1254820 69 800 44.1465 0
800 1318758 69 801 44.3178 0
1100 1439672 129 1101 83.8444 0
1100 1560580 130 1102 83.9884 0
1100 1681482 131 1103 84.5896 0
1100 1802386 132 1102 85.6489 0
1100 1923290 130 1101 84.2165 0
1100 2044200 133 1100 85.6271 0
1200 2188102 156 1202 100.551 0
1200 2331992 158 1201 102.282 0
1200 2475882 154 1200 99.227 0
1200 2619774 157 1202 101.251 0
1200 2763672 157 1204 101.101 0
1200 2907570 156 1200 100.99 0
1300 3076462 185 1303 119.464 0
1300 3245344 184 1302 118.599 0
1300 3414230 182 1300 118.023 0
1300 3583128 185 1302 119.997 0
1300 3752012 188 1300 122.483 0
1300 3920904 183 1301 118.34 0
1400 4116786 210 1400 135.632 0
1400 4312658 215 1400 138.823 0
1400 4508530 215 1400 139.817 0
1400 4704416 215 1403 139.971 0
1400 4900294 216 1407 139.557 0
1400 5096168 214 1402 138.611 0
1500 5321038 248 1502 160.8 0
1500 5545910 250 1502 163.115 0
1500 5770774 248 1500 160.89 0
1500 5995644 244 1503 157.74 0
1500 6220512 248 1501 160.389 0
1500 6445382 245 1501 158.951 0
1600 6701244 283 1600 184.1 0
1600 6957106 282 1600 183.182 0
1600 7212958 280 1601 181.502 0
1600 7468820 281 1601 182.221 0
1600 7724676 284 1603 184.274 0
1600 7980544 280 1602 181.248 0
1700 8269390 318 1700 206.343 0
1700 8558240 321 1701 208.794 0
1700 8847086 318 1700 206.909 0
1700 9135932 319 1700 207.468 0
1700 9424780 318 1702 206.827 0
1700 9713632 324 1701 211.633 0
1800 10037474 357 1803 232.758 0
1800 10361314 361 1800 234.813 0
1800 10685156 359 1800 232.865 0
1800 11008998 356 1802 231.526 0
1800 11332840 356 1801 231.681 0
1800 11656680 350 1800 227.009 0
1900 12017516 400 1900 260.255 0
1900 12378344 400 1900 260.775 0
1900 12739172 403 1901 263.353 0
1900 13100004 398 1901 259.64 0
1900 13460832 402 1901 261.813 0
1900 13821656 401 1900 261.427 0
2000 14221474 440 2000 286.881 0
2000 14621296 446 2001 291.738 0
2000 15021116 450 2000 294.908 0
2000 15420932 441 2000 287.876 0
2000 15820752 444 2001 289.732 0
2000 16220574 445 2000 290.162 0
2100 16661384 490 2101 320.148 0
2100 17102196 497 2102 326.026 0
2100 17543004 492 2100 321.264 0
2100 17983810 490 2101 319.286 0
2100 18424616 490 2105 320.319 0
2100 18865424 495 2100 324.414 0
2200 19349224 537 2202 350.804 0
2200 19833022 539 2200 353.325 0
2200 20316818 539 2203 351.686 0
2200 20800610 535 2200 349.744 0
2200 21284410 538 2202 351.668 0
2200 21768212 538 2202 351.942 0
2300 22296994 595 2300 389.926 0
2300 22825778 586 2301 383.123 0
2300 23354562 593 2304 387.526 0
2300 23883344 591 2301 386.859 0
2300 24412134 588 2300 384.55 0
2300 24940916 598 2300 392.069 0
2400 25516696 645 2400 422.473 0
2400 26092478 645 2400 422.071 0
2400 26668254 643 2400 421.392 0
2400 27244026 642 2401 420.099 0
2400 27819806 648 2402 425.227 0
2400 28395574 648 2400 424.732 0
2500 29020342 706 2500 464.101 0
2500 29645108 696 2500 455.799 0
2500 30269874 696 2500 455.373 0
2500 30894644 701 2503 459.976 0
2500 31519412 703 2502 460.852 0
2500 32144182 709 2500 466.109 0
2600 32819942 764 2600 502.889 0
2600 33495704 754 2600 494.503 0
2600 34171464 758 2602 497.042 0
2600 34847228 754 2600 493.891 0
2600 35522992 763 2602 501.232 0
2600 36198754 759 2605 497.623 0
2700 36927502 816 2701 535.054 0
2700 37656260 815 2700 534.568 0
2700 38385006 819 2703 538.262 0
2700 39113758 814 2700 533.618 0
2700 39842508 820 2702 537.432 0
2700 40571252 819 2701 538.527 0
