1000 199806 163 1000 103.256 0
1000 399616 165 1003 104.502 0
1000 599420 165 1000 104.348 0
1000 799226 160 1000 100.991 0
1000 999034 161 1000 101.607 0
1000 1198840 161 1000 101.633 0
200 1206806 6 200 3.94848 0
200 1214776 6 200 3.82786 0
200 1222742 6 201 3.52149 0
200 1230714 6 200 3.80829 0
200 1238676 6 201 3.91095 0
200 1246646 5 200 3.50577 0
400 1278572 24 401 15.2492 0
400 1310496 24 401 14.7548 0
400 1342426 24 400 15.0567 0
400 1374352 25 401 15.6945 0
400 1406280 25 400 15.5761 0
400 1438206 24 400 14.6968 0
600 1510090 58 600 36.0294 0
600 1581978 57 600 35.3407 0
600 1653864 56 600 34.8822 0
600 1725746 56 600 35.2672 0
600 1797636 56 600 34.4039 0
600 1869532 57 600 35.8816 0
800 1997382 103 802 64.4936 0
800 2125230 102 802 64.1924 0
800 2253082 103 800 64.2383 0
800 2380934 102 800 63.9858 0
800 2508782 102 802 64.4516 0
800 2636632 101 800 62.9393 0
1100 2878416 196 1100 123.665 0
1100 3120208 195 1100 123.246 0
1100 3362006 194 1100 122.639 0
1100 3603794 198 1100 124.991 0
1100 3845584 198 1100 125.484 0
1100 4087378 194 1103 122.32 0
1200 4375144 232 1200 147.353 0
1200 4662914 234 1201 148.26 0
1200 4950678 237 1201 149.967 0
1200 5238444 233 1200 148.071 0
1200 5526212 233 1201 147.684 0
1200 5813986 232 1201 147.085 0
1300 6151734 278 1300 176.619 0
1300 6489484 278 1300 177.001 0
1300 6827226 274 1300 173.917 0
1300 7164976 275 1300 175.053 0
1300 7502722 280 1300 178.116 0
1300 7840468 275 1300 174.356 0
1400 8232196 322 1400 205.301 0
1400 8623926 318 1400 202.002 0
1400 9015648 321 1401 204.069 0
1400 9407376 321 1400 204.256 0
1400 9799100 319 1401 202.684 0
1400 10190828 320 1400 202.998 0
1500 10640538 368 1500 234.465 0
1500 11090246 370 1500 236.133 0
1500 11539950 371 1501 236.133 0
1500 11989658 369 1500 234.431 0
1500 12439360 373 1500 238.21 0
1500 12889066 369 1500 235.628 0
1600 13400752 423 1600 270.219 0
1600 13912442 420 1600 267.894 0
1600 14424130 422 1600 268.969 0
1600 14935818 426 1600 272.394 0
1600 15447502 420 1600 266.557 0
1600 15959192 423 1600 270.062 0
1700 16536856 473 1700 301.596 0
1700 17114528 477 1700 304.968 0
1700 17692196 482 1700 309.002 0
1700 18269866 476 1700 303.894 0
1700 18847534 478 1700 306.003 0
1700 19425204 477 1700 305.545 0
1800 20072854 537 1801 344.11 0
1800 20720506 534 1802 341.794 0
1800 21368154 534 1800 341.82 0
1800 22015800 538 1800 345.073 0
1800 22663446 539 1800 345.948 0
1800 23311096 532 1802 339.839 0
1900 24032726 593 1900 379.862 0
1900 24754350 600 1901 385.203 0
1900 25475982 599 1900 384.744 0
1900 26197612 604 1900 387.997 0
1900 26919238 598 1900 383.668 0
1900 27640870 593 1900 379.883 0
2000 28440480 662 2000 424.405 0
2000 29240090 664 2000 426.078 0
2000 30039698 665 2000 427.26 0
2000 30839306 668 2000 428.709 0
2000 31638912 661 2000 423.518 0
2000 32438526 664 2000 426.387 0
2100 33320112 737 2100 475.001 0
2100 34201702 732 2100 471.012 0
2100 35083294 734 2100 472.818 0
2100 35964878 734 2101 471.921 0
2100 36846466 740 2100 476.09 0
2100 37728058 742 2100 477.421 0
2200 38695624 810 2200 521.199 0
2200 39663198 806 2200 518.035 0
2200 40630766 800 2200 514.614 0
2200 41598328 808 2200 520.894 0
2200 42565896 811 2200 522.687 0
2200 43533466 802 2200 515.593 0
2300 44591012 879 2301 565.372 0
2300 45648560 881 2300 567.189 0
2300 46706110 894 2303 578.304 0
2300 47763658 883 2300 569.465 0
2300 48821212 881 2301 566.661 0
2300 49878764 888 2300 572.166 0
2400 51030294 967 2401 624.368 0
2400 52181822 970 2400 626.514 0
2400 53333356 972 2400 627.539 0
2400 54484888 970 2401 626.785 0
2400 55636414 964 2400 621.303 0
2400 56787942 966 2400 623.486 0
2500 58037450 1055 2500 681.547 0
2500 59286960 1052 2500 680.126 0
2500 60536466 1052 2500 679.477 0
2500 61785972 1058 2500 683.728 0
2500 63035478 1047 2502 676.332 0
2500 64284986 1058 2500 685.535 0
2600 65636476 1144 2600 740.781 0
2600 66987968 1140 2603 738.011 0
2600 68339460 1137 2600 733.115 0
2600 69690948 1138 2600 737.221 0
2600 71042436 1134 2600 732.956 0
2600 72393920 1136 2600 734.128 0
2700 73851394 1227 2700 794.654 0
2700 75308860 1238 2700 802.672 0
2700 76766328 1214 2702 784.804 0
2700 78223800 1229 2701 795.242 0
2700 79681270 1226 2700 794.469 0
2700 81138742 1225 2700 792.827 0
