1024 3968 435 31315 127.88 0
1024 7936 445 34704 118.852 0
1024 11904 344 28852 78.0339 0
1024 15872 325 26345 84.8151 0
1024 19840 24 2109 5.88968 0
1024 23808 18 1637 4.25582 0
196 24536 1 255 0.460678 0
196 25264 1 208 0.510403 0
196 25992 9 1622 4.11081 0
196 26720 1 216 0.387213 0
196 27448 2 433 1.02979 0
196 28176 2 475 0.74812 0
400 29696 38 5573 11.5696 0
400 31216 65 7891 24.4875 0
400 32736 3 466 1.02145 0
400 34256 2 408 0.908844 0
400 35776 19 2543 7.26113 0
400 37296 4 613 1.6236 0
576 39504 178 18326 64.0403 0
576 41712 78 8631 23.7628 0
576 43920 108 13173 30.8459 0
576 46128 78 9631 21.3715 0
576 48336 8 1018 2.42016 0
576 50544 62 7731 18.1795 0
784 53568 93 9685 22.5633 0
784 56592 32 2815 10.2902 0
784 59616 350 31493 106.188 0
784 62640 65 7227 17.0884 0
784 65664 52 5392 13.2621 0
784 68688 7 833 2.12085 0
1089 72912 1640 127198 387.286 0
1089 77136 17 1559 4.0582 0
1089 81360 15 1381 3.85866 0
1089 85584 16 1430 3.8824 0
1089 89808 71 6487 14.4026 0
1089 94032 359 25954 97.392 0
1225 98792 21 1776 4.42873 0
1225 103552 993 73737 218.909 0
1225 108312 1476 106162 346.569 0
1225 113072 368 29279 74.0755 0
1225 117832 89 5906 24.319 0
1225 122592 146 11241 29.1751 0
1296 127632 346 21870 89.1832 0
1296 132672 157 12786 30.833 0
1296 137712 379 27385 82.2791 0
1296 142752 106 9166 18.6793 0
1296 147792 16 1316 3.64211 0
1296 152832 1591 106207 362.358 0
1369 158160 211 15922 35.3567 0
1369 163488 348 22388 80.2074 0
1369 168816 326 23553 59.3963 0
1369 174144 858 51738 205.238 0
1369 179472 386 28737 66.0819 0
1369 184800 19 1460 4.28533 0
1521 190728 1299 80071 295.018 0
1521 196656 627 40918 108.482 0
1521 202584 980 60246 200.023 0
1521 208512 212 15937 39.2096 0
1521 214440 22 1559 4.50508 0
1521 220368 2696 163663 553.366 0
1600 226608 1322 69040 336.395 0
1600 232848 41 2764 7.7263 0
1600 239088 1989 111554 440.884 0
1600 245328 2343 119254 627.945 0
1600 251568 8346 436241 2062.3 0
1600 257808 38 2571 7.67241 0
1681 264368 254 15234 52.5115 0
1681 270928 881 48451 181.545 0
1681 277488 498 27528 108.797 0
1681 284048 2629 158586 460.287 0
1681 290608 459 24649 109.188 0
1681 297168 95 6970 12.9734 0
1764 304056 965 56962 177.446 0
1764 310944 6998 367464 1471.98 0
1764 317832 1234 72501 197.882 0
1764 324720 2664 148732 501.872 0
1764 331608 817 49453 125.996 0
1764 338496 185 9892 38.7881 0
1936 346064 49 2974 8.29509 0
1936 353632 729 40930 107.09 0
1936 361200 129 6862 24.4743 0
1936 368768 4936 258764 866.274 0
1936 376336 244 14794 37.4333 0
1936 383904 6696 333494 1341.1 0
2025 391824 8214 388518 1689.24 0
2025 399744 896 44673 173.695 0
2025 407664 47 2544 8.69834 0
2025 415584 13034 586648 3003.75 0
2025 423504 1980 92372 424.231 0
2025 431424 4213 200949 825.359 0
2116 439704 71 3909 11.1817 0
2116 447984 3911 177710 797.569 0
2116 456264 2297 104874 427.453 0
2116 464544 4048 191479 787.444 0
2116 472824 11510 511047 2247.78 0
2116 481104 1539 67899 332.252 0
2209 489752 14896 612990 3227.81 0
2209 498400 605 24126 133.448 0
2209 507048 257 10924 57.5934 0
2209 515696 505 26086 74.0161 0
2209 524344 132 6254 24.465 0
2209 532992 234 12631 34.9499 0
2304 542016 651 27286 129.749 0
2304 551040 1357 55145 289.249 0
2304 560064 2923 122291 592.685 0
2304 569088 2457 117575 354.874 0
2304 578112 1574 73916 227.078 0
2304 587136 233 11163 39.5506 0
2401 596544 1471 67418 227.741 0
2401 605952 2005 90531 310.854 0
2401 615360 9517 392599 1771.31 0
2401 624768 10995 471618 1878.94 0
2401 634176 61 2995 10.5353 0
2401 643584 17858 705281 3695.39 0
2500 653384 14753 584859 2891.96 0
2500 663184 465 23655 50.0808 0
2500 672984 2825 127932 332.549 0
2500 682784 1345 65946 183.051 0
2500 692584 104 5150 14.7212 0
2500 702384 3053 135088 429.159 0
2601 712584 441 20729 52.2244 0
2601 722784 652 27915 93.0245 0
2601 732984 16486 656260 2755.67 0
2601 743184 1591 64118 249.584 0
2601 753384 5101 198123 888.969 0
2601 763584 1663 75656 238.811 0
2704 774192 33094 1184814 6029.16 0
2704 784800 298 12875 43.579 0
2704 795408 820 36142 102.119 0
2704 806016 5599 214200 951.695 0
2704 816624 353 15523 43.8703 0
2704 827232 5056 206512 767.779 0
