1024 4376 36 3214 9.22094 0
1024 8752 12 1093 3.31842 0
1024 13128 18 1719 4.97892 0
1024 17504 12 1141 3.32003 0
1024 21880 36 2622 11.4682 0
1024 26256 25 2564 5.48066 0
196 27062 1 245 0.423464 0
196 27868 1 218 0.438863 0
196 28674 1 274 0.521631 0
196 29480 1 204 0.382722 0
196 30286 1 205 0.438863 0
196 31092 1 203 0.385609 0
400 32772 3 472 1.16292 0
400 34452 2 433 0.955361 0
400 36132 2 421 1.07759 0
400 37812 7 1059 2.27067 0
400 39492 2 445 0.856553 0
400 41172 3 520 1.1148 0
576 43610 10 1287 3.26581 0
576 46048 7 897 2.17475 0
576 48486 7 971 2.4577 0
576 50924 5 617 1.75674 0
576 53362 6 732 2.26361 0
576 55800 11 1490 3.09739 0
784 59136 13 1579 3.59881 0
784 62472 8 902 2.73584 0
784 65808 17 1945 4.77328 0
784 69144 11 1268 3.04734 0
784 72480 16 1712 4.35591 0
784 75816 9 983 2.74739 0
1089 80480 18 1474 5.91374 0
1089 85144 17 1388 4.83295 0
1089 89808 32 2725 8.65151 0
1089 94472 17 1455 5.17044 0
1089 99136 21 1678 6.21883 0
1089 103800 23 2149 6.04399 0
1225 109040 32 2292 9.48368 0
1225 114280 26 2051 7.13602 0
1225 119520 26 1970 7.63551 0
1225 124760 36 3180 7.75774 0
1225 130000 48 3428 12.771 0
1225 135240 20 1608 5.37671 0
1296 140800 19 1653 4.53716 0
1296 146360 31 2518 7.38272 0
1296 151920 18 1353 5.36356 0
1296 157480 22 1846 5.89995 0
1296 163040 31 2151 10.0403 0
1296 168600 24 1878 6.11393 0
1369 174488 26 2039 6.8983 0
1369 180376 37 3135 8.20366 0
1369 186264 18 1380 5.17814 0
1369 192152 25 1702 7.90627 0
1369 198040 32 1987 9.90714 0
1369 203928 48 3861 9.9697 0
1521 210456 21 1611 5.19225 0
1521 216984 37 2171 10.8465 0
1521 223512 40 2695 9.59821 0
1521 230040 24 1762 5.62117 0
1521 236568 37 2149 11.1124 0
1521 243096 32 2091 9.33899 0
1600 249976 48 3344 9.78748 0
1600 256856 66 4369 13.6137 0
1600 263736 57 3141 16.5729 0
1600 270616 70 4922 12.2561 0
1600 277496 32 2057 8.51645 0
1600 284376 94 6126 20.0344 0
1681 291616 80 4927 17.9905 0
1681 298856 57 3019 16.7544 0
1681 306096 62 3173 19.541 0
1681 313336 28 1860 7.08758 0
1681 320576 39 2327 9.78973 0
1681 327816 54 2804 15.3066 0
1764 335424 47 2817 12.4681 0
1764 343032 63 2952 20.991 0
1764 350640 45 2541 12.2785 0
1764 358248 71 4073 17.5199 0
1764 365856 72 4654 12.6427 0
1764 373464 38 2256 9.60783 0
1936 381792 87 5025 13.2897 0
1936 390120 169 7984 42.4642 0
1936 398448 40 2445 9.30563 0
1936 406776 109 6775 17.0499 0
1936 415104 83 3961 24.2087 0
1936 423432 93 4568 22.8251 0
2025 432152 109 5957 21.3692 0
2025 440872 74 3312 22.9454 0
2025 449592 552 17534 199.065 0
2025 458312 51 2719 11.9632 0
2025 467032 70 3689 15.1578 0
2025 475752 67 3313 17.7464 0
2116 484872 113 4446 37.7685 0
2116 493992 119 6514 20.0725 0
2116 503112 140 6825 33.5272 0
2116 512232 88 3635 28.1408 0
2116 521352 117 4942 32.4377 0
2116 530472 61 2928 15.4507 0
2209 540000 152 5162 53.8419 0
2209 549528 151 5269 54.5618 0
2209 559056 126 6678 27.043 0
2209 568584 141 7969 22.9341 0
2209 578112 233 7925 70.2912 0
2209 587640 62 2738 17.5901 0
2304 597584 64 3102 12.9971 0
2304 607528 63 2848 16.2614 0
2304 617472 83 4248 16.7297 0
2304 627416 123 6010 25.9731 0
2304 637360 71 3104 20.3452 0
2304 647304 103 5415 16.9835 0
2401 657672 152 5142 47.6667 0
2401 668040 151 5586 43.382 0
2401 678408 280 10356 68.5486 0
2401 688776 185 5701 67.0578 0
2401 699144 64 2780 17.0428 0
2401 709512 133 7026 18.7319 0
2500 720312 327 10668 88.481 0
2500 731112 82 3301 20.4986 0
2500 741912 82 3265 22.6634 0
2500 752712 244 9844 58.3329 0
2500 763512 181 6025 49.8912 0
2500 774312 154 6842 22.776 0
2601 785552 62 2716 14.2611 0
2601 796792 96 4094 21.5367 0
2601 808032 113 5340 19.9577 0
2601 819272 111 4152 29.6762 0
2601 830512 340 9889 117.908 0
2601 841752 78 3366 17.1853 0
2704 853440 158 5492 42.9659 0
2704 865128 164 6756 30.8584 0
2704 876816 109 4675 21.7702 0
2704 888504 209 8549 39.6408 0
2704 900192 133 5755 29.6313 0
2704 911880 328 10949 85.7711 0
