1024 5196 15 1162 5.24775 0
1024 10392 13 1096 4.53075 0
1024 15588 16 1318 5.41649 0
1024 20784 16 1239 5.87461 0
1024 25980 16 1352 4.97827 0
1024 31176 13 1060 5.07002 0
196 32138 1 244 0.706095 0
196 33100 1 228 0.486663 0
196 34062 1 230 0.585792 0
196 35024 1 196 0.490834 0
196 35986 1 197 0.488267 0
196 36948 1 198 0.55307 0
400 38948 3 403 1.22901 0
400 40948 3 538 1.47475 0
400 42948 4 487 1.64766 0
400 44948 3 407 1.39198 0
400 46948 3 421 1.34931 0
400 48948 3 427 1.1841 0
576 51846 5 618 2.18212 0
576 54744 4 578 1.65761 0
576 57642 5 577 2.18405 0
576 60540 6 692 2.32649 0
576 63438 5 593 2.32392 0
576 66336 5 598 1.76572 0
784 70300 10 941 4.02355 0
784 74264 12 1165 4.34244 0
784 78228 10 1037 3.95266 0
784 82192 15 1364 5.18006 0
784 86156 9 791 4.01521 0
784 90120 9 895 3.25458 0
1089 95664 14 1109 5.10724 0
1089 101208 17 1295 5.97309 0
1089 106752 17 1234 6.38661 0
1089 112296 15 1128 5.30453 0
1089 117840 17 1318 6.19285 0
1089 123384 15 1269 5.04564 0
1225 129584 18 1249 6.2554 0
1225 135784 23 1478 8.88954 0
1225 141984 18 1456 5.22562 0
1225 148184 22 1416 8.1472 0
1225 154384 32 2088 10.6549 0
1225 160584 20 1465 6.60252 0
1296 167184 21 1417 7.29514 0
1296 173784 20 1310 7.51938 0
1296 180384 19 1301 7.13666 0
1296 186984 31 1885 11.2372 0
1296 193584 20 1416 6.83895 0
1296 200184 22 1449 7.70256 0
1369 207192 23 1481 8.11319 0
1369 214200 24 1453 9.16993 0
1369 221208 30 1764 10.3486 0
1369 228216 22 1473 7.37438 0
1369 235224 25 1498 9.06952 0
1369 242232 23 1663 7.39491 0
1521 249960 27 1598 9.13721 0
1521 257688 25 1541 8.47218 0
1521 265416 29 1725 9.20522 0
1521 273144 30 1711 10.6277 0
1521 280872 28 1587 10.6662 0
1521 288600 32 1714 11.9523 0
1600 296760 31 1645 11.764 0
1600 304920 33 1610 13.4357 0
1600 313080 40 2084 14.2669 0
1600 321240 38 2043 13.2827 0
1600 329400 38 2146 11.6571 0
1600 337560 31 1759 10.7932 0
1681 346160 33 1695 12.5586 0
1681 354760 45 2101 16.9501 0
1681 363360 34 1785 12.1746 0
1681 371960 35 2066 10.7339 0
1681 380560 35 1883 11.8743 0
1681 389160 36 2039 10.721 0
1764 398208 45 2467 14.5941 0
1764 407256 46 2425 15.1905 0
1764 416304 43 2300 12.976 0
1764 425352 38 2045 12.6873 0
1764 434400 43 2000 16.5485 0
1764 443448 35 1793 11.703 0
1936 453296 45 2346 12.9054 0
1936 463144 48 2336 16.0557 0
1936 472992 48 2240 16.424 0
1936 482840 50 2473 14.7141 0
1936 492688 51 2564 15.4982 0
1936 502536 59 2949 17.9469 0
2025 512856 77 3255 26.5666 0
2025 523176 70 2805 26.5708 0
2025 533496 43 2145 13.4222 0
2025 543816 50 2108 18.5089 0
2025 554136 47 2124 16.2572 0
2025 564456 44 2162 13.6041 0
2116 575256 55 2243 20.7809 0
2116 586056 49 2231 15.8616 0
2116 596856 53 2571 15.8116 0
2116 607656 77 3106 26.4508 0
2116 618456 55 2646 15.5549 0
2116 629256 56 2411 18.6934 0
2209 640544 56 2490 18.2555 0
2209 651832 74 2909 24.2193 0
2209 663120 58 2382 20.3927 0
2209 674408 69 2791 23.5879 0
2209 685696 74 3258 22.6043 0
2209 696984 57 2426 18.9276 0
2304 708768 79 2924 26.4364 0
2304 720552 66 2633 22.7936 0
2304 732336 61 2366 21.8646 0
2304 744120 106 3610 39.9189 0
2304 755904 61 2409 21.2675 0
2304 767688 91 3089 35.3737 0
2401 779976 85 3581 26.335 0
2401 792264 79 2877 28.4129 0
2401 804552 67 2594 22.792 0
2401 816840 66 2527 22.6287 0
2401 829128 92 3300 31.2931 0
2401 841416 64 2428 22.5921 0
2500 854216 105 3803 30.8077 0
2500 867016 81 3271 23.6954 0
2500 879816 82 2902 29.4244 0
2500 892616 78 3180 24.0377 0
2500 905416 113 4043 38.1519 0
2500 918216 70 2597 24.3992 0
2601 931536 77 2783 25.267 0
2601 944856 79 2907 25.0659 0
2601 958176 84 2813 31.2395 0
2601 971496 89 3137 29.9072 0
2601 984816 75 2633 26.3674 0
2601 998136 109 3956 31.2157 0
2704 1011984 85 2948 27.9493 0
2704 1025832 86 2936 28.6631 0
2704 1039680 85 3190 26.676 0
2704 1053528 152 4415 58.7127 0
2704 1067376 82 2768 28.2951 0
2704 1081224 107 3888 34.1393 0
