1024 4786 11 1031 3.28794 0
1024 9572 13 1149 4.15637 0
1024 14358 15 1305 4.01521 0
1024 19144 12 1187 3.43648 0
1024 23930 18 1454 5.35747 0
1024 28716 18 1652 4.93561 0
196 29600 1 265 0.494042 0
196 30484 1 224 0.500779 0
196 31368 1 200 0.403574 0
196 32252 1 237 0.464848 0
196 33136 1 267 0.508799 0
196 34020 2 408 1.00765 0
400 35860 3 492 1.30472 0
400 37700 3 412 1.18281 0
400 39540 2 410 0.937075 0
400 41380 4 654 1.55591 0
400 43220 3 598 1.25179 0
400 45060 3 486 1.13469 0
576 47728 5 677 1.68808 0
576 50396 7 912 2.36755 0
576 53064 4 581 1.53795 0
576 55732 4 586 1.46641 0
576 58400 5 581 1.7577 0
576 61068 7 944 2.12117 0
784 64718 10 1013 3.64693 0
784 68368 11 1183 3.18336 0
784 72018 7 791 2.44904 0
784 75668 7 816 2.17571 0
784 79318 10 1150 3.03451 0
784 82968 8 1042 2.44647 0
1089 88072 14 1305 3.90389 0
1089 93176 20 1570 6.52616 0
1089 98280 14 1233 4.51631 0
1089 103384 14 1231 4.29046 0
1089 108488 12 1119 3.50064 0
1089 113592 12 1090 3.87919 0
1225 119312 31 1915 11.2824 0
1225 125032 18 1402 5.37896 0
1225 130752 15 1233 4.04184 0
1225 136472 34 2548 10.2196 0
1225 142192 23 1886 6.1922 0
1225 147912 24 1868 6.75394 0
1296 153992 17 1414 4.42103 0
1296 160072 19 1562 5.47199 0
1296 166152 25 2133 5.76585 0
1296 172232 17 1348 4.7813 0
1296 178312 18 1501 4.81049 0
1296 184392 20 1465 6.25348 0
1369 190840 20 1637 5.08574 0
1369 197288 19 1453 4.98629 0
1369 203736 18 1446 5.20284 0
1369 210184 39 2239 13.965 0
1369 216632 35 2220 12.0906 0
1369 223080 20 1544 5.711 0
1521 230208 29 1873 8.30921 0
1521 237336 23 1556 6.87103 0
1521 244464 29 1954 7.6445 0
1521 251592 32 2061 9.32873 0
1521 258720 23 1720 5.62662 0
1521 265848 30 2082 7.62043 0
1600 273368 32 1947 9.34734 0
1600 280888 35 2469 8.74711 0
1600 288408 28 1841 7.74523 0
1600 295928 26 1740 6.65352 0
1600 303448 41 2367 13.2612 0
1600 310968 24 1607 6.99775 0
1681 318888 55 3644 13.8187 0
1681 326808 30 1853 8.6098 0
1681 334728 50 3355 10.6116 0
1681 342648 41 2668 9.17859 0
1681 350568 45 2226 15.4154 0
1681 358488 31 1982 8.27199 0
1764 366816 58 3238 15.0397 0
1764 375144 32 1864 9.40412 0
1764 383472 30 1847 8.05481 0
1764 391800 36 2002 10.5 0
1764 400128 31 1819 8.94376 0
1764 408456 32 1940 8.92002 0
1936 417544 33 1955 7.90852 0
1936 426632 37 2156 9.38647 0
1936 435720 54 3284 11.7569 0
1936 444808 85 4172 24.774 0
1936 453896 56 2782 16.9068 0
1936 462984 58 2931 17.1811 0
2025 472504 41 2185 11.0053 0
2025 482024 44 2316 11.4724 0
2025 491544 36 2059 8.51869 0
2025 501064 42 2301 10.0701 0
2025 510584 145 6016 44.2626 0
2025 520104 45 2498 11.0229 0
2116 530064 65 2779 20.9079 0
2116 540024 102 4596 30.083 0
2116 549984 65 3835 12.8637 0
2116 559944 47 2433 10.8067 0
2116 569904 39 2144 9.16383 0
2116 579864 53 2830 12.7947 0
2209 590272 58 2642 16.5844 0
2209 600680 66 3057 16.57 0
2209 611088 233 8274 76.4097 0
2209 621496 65 3167 14.2246 0
2209 631904 52 2755 11.8323 0
2209 642312 55 2913 11.6395 0
2304 653176 52 2570 12.0302 0
2304 664040 76 3132 23.1202 0
2304 674904 46 2421 10.2982 0
2304 685768 74 3384 19.6718 0
2304 696632 55 2757 11.5859 0
2304 707496 85 3286 27.4094 0
2401 718824 76 3399 19.1897 0
2401 730152 59 2940 13.7523 0
2401 741480 64 3024 14.6679 0
2401 752808 63 2831 16.7442 0
2401 764136 64 2680 18.5391 0
2401 775464 62 2972 13.845 0
2500 787264 52 2519 11.1929 0
2500 799064 123 4577 34.9644 0
2500 810864 75 3404 16.7788 0
2500 822664 143 4377 53.1063 0
2500 834464 93 3495 28.4677 0
2500 846264 125 4266 39.5474 0
2601 858544 57 2692 11.4197 0
2601 870824 88 4252 17.345 0
2601 883104 67 2842 17.4374 0
2601 895384 72 3096 16.8013 0
2601 907664 285 7101 108.779 0
2601 919944 73 3237 17.0178 0
2704 932712 226 6244 79.8757 0
2704 945480 166 5997 42.0475 0
2704 958248 130 4635 32.685 0
2704 971016 68 2751 17.4009 0
2704 983784 123 4035 41.0777 0
2704 996552 67 2784 17.0284 0
