1000 5400 31 2479 9.40572 0
1000 10800 18 1534 5.49028 0
1000 16200 27 2178 7.67433 0
1000 21600 24 1963 7.60921 0
1000 27000 15 1232 4.54839 0
1000 32400 40 3238 10.7076 0
216 33480 2 315 0.989367 0
216 34560 1 264 0.673373 0
216 35640 1 221 0.536709 0
216 36720 6 981 3.07846 0
216 37800 1 218 0.601833 0
216 38880 1 286 0.782768 0
343 40644 2 429 1.08176 0
343 42408 2 350 1.02818 0
343 44172 14 1676 6.67919 0
343 45936 3 371 1.39775 0
343 47700 3 544 1.40321 0
343 49464 3 478 1.32076 0
512 52152 4 545 1.82411 0
512 54840 10 1265 3.39413 0
512 57528 13 1306 5.28272 0
512 60216 4 554 1.70059 0
512 62904 12 1353 4.5439 0
512 65592 4 541 1.72466 0
729 69480 38 3260 15.1167 0
729 73368 33 2947 12.01 0
729 77256 10 956 3.64276 0
729 81144 12 1164 3.88015 0
729 85032 13 1261 4.38222 0
729 88920 13 1337 3.73354 0
1000 94320 12 1031 3.96035 0
1000 99720 21 1721 6.17424 0
1000 105120 47 3890 12.7986 0
1000 110520 395 27611 127.209 0
1000 115920 16 1320 4.79253 0
1000 121320 15 1202 4.66132 0
1000 126720 12 1031 4.072 0
1000 132120 22 1721 6.45495 0
1000 137520 47 3890 12.7591 0
1000 142920 396 27611 127.45 0
1000 148320 15 1320 4.54583 0
1000 153720 15 1202 4.76494 0
1000 159120 13 1031 4.23881 0
1000 164520 21 1721 6.28171 0
1000 169920 49 3890 13.0132 0
1000 175320 399 27611 129.11 0
1000 180720 15 1320 4.5208 0
1000 186120 15 1202 4.58593 0
1331 193380 59 3990 16.1164 0
1331 200640 65 4360 16.4532 0
1331 207900 57 3904 13.4296 0
1331 215160 24 1623 6.70036 0
1331 222420 96 6419 21.6618 0
1331 229680 336 20740 86.0069 0
1331 236940 59 3990 15.9646 0
1331 244200 65 4360 16.6851 0
1331 251460 58 3904 13.9878 0
1331 258720 24 1623 6.49248 0
1331 265980 96 6419 21.8954 0
1331 273240 339 20740 86.7663 0
1331 280500 59 3990 16.0487 0
1331 287760 65 4360 16.4914 0
1331 295020 56 3904 13.2576 0
1331 302280 24 1623 6.50275 0
1331 309540 95 6419 21.5906 0
1331 316800 336 20740 85.7993 0
1331 324060 59 3990 16.1571 0
1331 331320 66 4360 17.0454 0
1331 338580 266 14817 84.1539 0
1331 345840 24 1623 6.66475 0
1331 353100 94 6419 21.4844 0
1331 360360 337 20740 86.534 0
1728 369864 32 1799 8.24954 0
1728 379368 38 2059 9.92639 0
1728 388872 31 1767 7.92007 0
1728 398376 83 4871 19.8409 0
1728 407880 88 4460 23.9103 0
1728 417384 238 12889 49.9948 0
1728 426888 32 1799 8.20334 0
1728 436392 220 12089 50.8821 0
1728 445896 31 1767 7.9483 0
1728 455400 82 4871 19.5846 0
1728 464904 87 4460 23.4615 0
1728 474408 237 12889 49.4517 0
1728 483912 32 1799 8.15907 0
1728 493416 220 12089 51.3271 0
1728 502920 31 1767 8.11865 0
1728 512424 82 4871 19.3571 0
1728 521928 88 4460 24.0476 0
1728 531432 236 12889 49.2393 0
1728 540936 44 2471 10.6812 0
1728 550440 220 12089 51.168 0
1728 559944 31 1767 7.74683 0
1728 569448 82 4871 19.5384 0
1728 578952 87 4460 23.8221 0
1728 588456 142 7858 29.6133 0
2197 600624 117 5412 23.9806 0
2197 612792 90 4123 20.9256 0
2197 624960 258 11328 63.5585 0
2197 637128 53 2459 12.5429 0
2197 649296 7919 302864 2353.37 0
2197 661464 846 36611 209.659 0
2197 673632 116 5412 24.031 0
2197 685800 89 4123 20.726 0
2197 697968 258 11328 63.4369 0
2197 710136 101 4808 21.1597 0
2197 722304 7902 302864 2345.2 0
2197 734472 848 36611 209.724 0
2197 746640 116 5412 23.7942 0
2197 758808 90 4123 21.0103 0
2197 770976 2128 84083 579.93 0
2197 783144 102 4808 21.0388 0
2197 795312 7895 302864 2344.46 0
2197 807480 844 36611 208.859 0
2197 819648 117 5412 24.2988 0
2197 831816 54 2435 13.5185 0
2197 843984 2129 84083 579.662 0
2197 856152 102 4808 21.2518 0
2197 868320 7897 302864 2343.78 0
2197 880488 846 36611 209.529 0
2197 892656 104 4816 21.785 0
2197 904824 55 2435 13.8393 0
2197 916992 2134 84083 580.395 0
2197 929160 103 4808 21.7529 0
2197 941328 7914 302864 2350.41 0
2197 953496 101 5038 23.4266 0
2197 965664 103 4816 21.5685 0
2197 977832 54 2435 13.5663 0
2197 990000 2133 84083 581.987 0
2197 1002168 103 4808 21.6679 0
2197 1014336 198 10398 34.3702 0
2197 1026504 102 5038 23.5501 0
