1000 6600 21 1010 11.4772 0
1000 13200 20 1005 10.5071 0
1000 19800 21 1037 10.8253 0
1000 26400 22 1040 11.7377 0
1000 33000 23 1262 11.0232 0
1000 39600 20 1018 10.7874 0
216 40938 1 223 0.66856 0
216 42276 1 220 0.841796 0
216 43614 1 222 0.796883 0
216 44952 1 222 0.868744 0
216 46290 1 221 0.76384 0
216 47628 1 218 0.770256 0
343 49802 3 347 1.84849 0
343 51976 3 347 1.89757 0
343 54150 3 346 1.95403 0
343 56324 3 376 1.64766 0
343 58498 4 390 2.06086 0
343 60672 3 355 1.83405 0
512 63974 5 519 2.71915 0
512 67276 7 588 3.7143 0
512 70578 6 545 2.96521 0
512 73880 6 521 3.056 0
512 77182 7 531 3.78102 0
512 80484 6 584 3.30655 0
729 85246 12 766 6.42928 0
729 90008 11 737 5.93684 0
729 94770 10 745 5.18263 0
729 99532 11 766 5.7912 0
729 104294 12 870 5.97759 0
729 109056 13 765 6.70068 0
1000 115776 22 1065 11.3306 0
1000 122496 23 1032 12.5172 0
1000 129216 22 1047 11.5397 0
1000 135936 22 1028 11.9013 0
1000 142656 24 1111 12.8807 0
1000 149376 21 1056 11.1933 0
1000 156216 24 1019 13.5297 0
1000 163056 22 1061 11.7425 0
1000 169896 23 1000 13.1636 0
1000 176736 26 1133 14.0237 0
1000 183576 24 1054 12.9859 0
1000 190416 21 1164 10.2645 0
1000 197376 23 1010 12.8021 0
1000 204336 25 1040 13.8736 0
1000 211296 25 1071 14.0096 0
1000 218256 24 1015 13.9759 0
1000 225216 23 1080 11.985 0
1000 232176 25 1057 13.7565 0
1331 241116 39 1512 20.6715 0
1331 250056 33 1331 17.4676 0
1331 258996 38 1461 19.2663 0
1331 267936 40 1565 20.4299 0
1331 276876 41 1647 21.0135 0
1331 285816 37 1384 20.017 0
1331 294876 42 1346 24.2789 0
1331 303936 41 1474 22.5366 0
1331 312996 38 1502 19.3873 0
1331 322056 39 1363 21.2993 0
1331 331116 39 1338 21.6583 0
1331 340176 37 1427 19.9137 0
1331 349356 39 1621 19.787 0
1331 358536 40 1537 21.2262 0
1331 367716 39 1334 22.0468 0
1331 376896 43 1643 22.0532 0
1331 386076 41 1411 22.8334 0
1331 395256 38 1377 20.4777 0
1331 404556 39 1375 21.306 0
1331 413856 40 1510 21.2926 0
1331 423156 39 1435 21.2765 0
1331 432456 43 1567 22.8793 0
1331 441756 43 1599 22.5225 0
1331 451056 41 1422 22.5828 0
1728 462720 61 1910 31.3001 0
1728 474384 64 2086 32.5166 0
1728 486048 61 1732 33.5384 0
1728 497712 60 1782 31.8686 0
1728 509376 67 2066 35.2467 0
1728 521040 64 1734 35.4526 0
1728 532824 58 1739 31.3139 0
1728 544608 68 1966 36.5976 0
1728 556392 68 1950 35.8697 0
1728 568176 73 2298 36.98 0
1728 579960 64 2026 32.7328 0
1728 591744 62 1894 32.5464 0
1728 603648 66 1999 35.2338 0
1728 615552 70 1959 38.1166 0
1728 627456 64 2236 31.7746 0
1728 639360 66 1999 34.1774 0
1728 651264 62 1736 34.2592 0
1728 663168 64 1743 35.3317 0
1728 675192 65 1797 35.4677 0
1728 687216 66 1803 36.1748 0
1728 699240 64 1797 35.342 0
1728 711264 66 1821 36.5755 0
1728 723288 70 2065 36.0885 0
1728 735312 67 1836 36.5437 0
2197 750120 99 2389 52.7207 0
2197 764928 105 2384 56.3073 0
2197 779736 103 2330 56.3987 0
2197 794544 112 2738 58.1856 0
2197 809352 101 2794 49.3792 0
2197 824160 109 2677 56.9486 0
2197 839088 94 2199 50.3823 0
2197 854016 148 3500 73.7553 0
2197 868944 107 2379 58.6059 0
2197 883872 96 2317 50.3339 0
2197 898800 100 2256 54.8752 0
2197 913728 107 3024 51.9459 0
2197 928776 96 2210 52.0755 0
2197 943824 101 2200 55.9916 0
2197 958872 112 2774 56.7186 0
2197 973920 112 2551 60.1345 0
2197 988968 102 2536 52.8804 0
2197 1004016 100 2470 52.0524 0
2197 1019184 107 2217 60.1255 0
2197 1034352 107 2878 53.2471 0
2197 1049520 103 2299 56.6778 0
2197 1064688 103 2489 54.6333 0
2197 1079856 101 2306 54.6863 0
2197 1095024 107 2229 59.5975 0
2197 1110312 111 2895 56.2143 0
2197 1125600 100 2258 53.8855 0
2197 1140888 109 2520 58.8497 0
2197 1156176 110 2310 61.3677 0
2197 1171464 104 2316 57.0965 0
2197 1186752 109 2406 60.0309 0
2197 1202160 114 2644 59.9263 0
2197 1217568 107 2356 59.2334 0
2197 1232976 103 2285 56.4446 0
2197 1248384 108 2397 59.1936 0
2197 1263792 113 2549 60.7617 0
2197 1279200 120 2649 64.1193 0
