1000 5800 13 1116 4.73606 0
1000 11600 38 3235 11.4688 0
1000 17400 13 1042 5.11141 0
1000 23200 32 2288 11.8512 0
1000 29000 12 1016 4.58144 0
1000 34800 14 1008 5.9455 0
216 35966 1 272 0.665352 0
216 37132 1 240 0.630385 0
216 38298 1 299 0.734647 0
216 39464 1 230 0.522914 0
216 40630 1 274 0.772823 0
216 41796 1 223 0.559807 0
343 43696 2 381 1.05898 0
343 45596 2 356 0.927451 0
343 47496 2 352 0.978139 0
343 49396 3 533 1.31178 0
343 51296 2 349 0.968194 0
343 53196 2 371 1.1472 0
512 56088 5 722 1.82186 0
512 58980 4 555 1.81288 0
512 61872 5 644 2.30949 0
512 64764 8 1090 3.00531 0
512 67656 5 617 2.23602 0
512 70548 4 539 1.70605 0
729 74726 11 1057 4.2571 0
729 78904 12 1244 4.55738 0
729 83082 8 883 2.82534 0
729 87260 8 793 3.48717 0
729 91438 8 918 2.86865 0
729 95616 10 932 3.80605 0
1000 101456 12 1020 4.33153 0
1000 107296 13 1136 4.55738 0
1000 113136 12 1065 4.07905 0
1000 118976 12 1016 4.56155 0
1000 124816 13 1028 4.94651 0
1000 130656 16 1375 4.77103 0
1000 136536 16 1171 7.05293 0
1000 142416 13 1004 4.77167 0
1000 148296 13 1130 4.16535 0
1000 154176 13 1092 4.64848 0
1000 160056 20 1347 8.37625 0
1000 165936 18 1364 6.41003 0
1000 171856 20 1369 8.36054 0
1000 177776 17 1515 5.71709 0
1000 183696 14 1171 5.4197 0
1000 189616 12 1072 3.79225 0
1000 195536 11 1012 3.45156 0
1000 201456 24 1702 8.99958 0
1331 209276 23 1352 9.15774 0
1331 217096 24 1455 9.25109 0
1331 224916 24 1416 8.81576 0
1331 232736 21 1541 6.21242 0
1331 240556 37 1951 15.1581 0
1331 248376 37 2322 11.3184 0
1331 256236 22 1377 8.08753 0
1331 264096 28 1780 8.90077 0
1331 271956 39 2365 13.8954 0
1331 279816 32 1797 12.9875 0
1331 287676 22 1405 8.14078 0
1331 295536 23 1538 8.45742 0
1331 303436 27 1439 11.8397 0
1331 311336 69 3705 24.7332 0
1331 319236 21 1346 7.52516 0
1331 327136 21 1600 6.20407 0
1331 335036 44 3069 13.5246 0
1331 342936 30 1468 13.9756 0
1331 350876 23 1397 9.08171 0
1331 358816 20 1360 6.48991 0
1331 366756 24 1368 10.1019 0
1331 374696 30 1882 10.6809 0
1331 382636 23 1575 7.37245 0
1331 390576 31 1530 14.3169 0
1728 400800 39 2487 9.03487 0
1728 411024 31 2001 7.69133 0
1728 421248 55 2964 17.3954 0
1728 431472 74 3216 27.5489 0
1728 441696 45 2075 17.2578 0
1728 451920 49 2581 15.2309 0
1728 462184 29 1733 8.32653 0
1728 472448 45 2470 13.5303 0
1728 482712 33 1943 9.68097 0
1728 492976 42 2201 13.651 0
1728 503240 35 1999 10.0435 0
1728 513504 40 1823 16.5834 0
1728 523808 40 1733 16.8122 0
1728 534112 38 2376 9.40636 0
1728 544416 60 2331 26.5368 0
1728 554720 34 1809 11.7277 0
1728 565024 53 2616 18.6231 0
1728 575328 44 2358 14.573 0
1728 585672 65 4031 16.9389 0
1728 596016 34 1913 10.0897 0
1728 606360 51 2097 21.3753 0
1728 616704 39 2027 13.4071 0
1728 627048 37 1906 13.197 0
1728 637392 66 3834 17.8946 0
2197 650440 59 2247 22.8972 0
2197 663488 53 2366 16.5408 0
2197 676536 116 5737 24.6219 0
2197 689584 68 3598 15.4199 0
2197 702632 67 2392 27.7157 0
2197 715680 149 5743 43.8629 0
2197 728768 92 3512 31.4397 0
2197 741856 46 2264 12.779 0
2197 754944 69 2262 30.6149 0
2197 768032 78 2294 37.2886 0
2197 781120 74 2459 33.0084 0
2197 794208 113 6033 28.1937 0
2197 807336 64 2667 21.3218 0
2197 820464 64 3242 14.0087 0
2197 833592 61 2545 21.2842 0
2197 846720 64 3064 18.0126 0
2197 859848 58 2924 15.6554 0
2197 872976 63 2770 20.2913 0
2197 886144 58 2271 21.7074 0
2197 899312 63 2500 23.5623 0
2197 912480 74 2683 30.3085 0
2197 925648 87 4566 22.2335 0
2197 938816 55 2559 17.1246 0
2197 951984 64 2312 26.5737 0
2197 965192 60 2304 22.3487 0
2197 978400 65 2774 22.9229 0
2197 991608 81 3419 28.0051 0
2197 1004816 101 3574 36.8058 0
2197 1018024 57 2227 21.5675 0
2197 1031232 99 4102 33.9057 0
2197 1044480 72 2842 26.9827 0
2197 1057728 54 2476 16.7641 0
2197 1070976 65 2318 27.0998 0
2197 1084224 64 2635 22.0471 0
2197 1097472 64 2615 23.1167 0
2197 1110720 65 2685 23.3242 0
