1000 6200 15 1012 6.89605 0
1000 12400 19 1192 8.82538 0
1000 18600 18 1007 9.24564 0
1000 24800 19 1120 9.03006 0
1000 31000 18 1022 9.3021 0
1000 37200 14 1019 5.651 0
216 38452 1 234 0.614344 0
216 39704 1 223 0.657974 0
216 40956 1 244 0.705774 0
216 42208 1 239 0.650916 0
216 43460 1 228 0.619798 0
216 44712 1 260 0.750687 0
343 46750 3 345 1.36054 0
343 48788 2 343 1.2983 0
343 50826 2 343 1.28772 0
343 52864 3 372 1.38556 0
343 54902 3 406 1.25339 0
343 56940 2 352 0.997708 0
512 60036 4 515 1.57388 0
512 63132 5 542 2.49042 0
512 66228 5 549 2.46315 0
512 69324 6 800 2.35889 0
512 72420 4 513 1.69803 0
512 75516 7 753 2.82598 0
729 79986 11 765 5.53231 0
729 84456 9 838 3.98859 0
729 88926 10 759 4.41943 0
729 93396 11 733 5.67186 0
729 97866 12 952 6.0241 0
729 102336 10 810 4.68634 0
1000 108616 20 1013 10.4374 0
1000 114896 20 1329 8.69417 0
1000 121176 19 1039 9.09518 0
1000 127456 19 1099 9.32103 0
1000 133736 21 1105 10.7682 0
1000 140016 21 1053 10.8747 0
1000 146376 21 1215 9.73294 0
1000 152736 21 1424 9.24147 0
1000 159096 21 1052 10.9308 0
1000 165456 17 1045 7.80041 0
1000 171816 19 1144 8.75577 0
1000 178176 22 1101 11.1827 0
1000 184616 21 1101 10.5375 0
1000 191056 21 1002 11.3565 0
1000 197496 23 1111 12.5012 0
1000 203936 24 1007 13.3491 0
1000 210376 22 1005 11.7473 0
1000 216816 23 1006 12.934 0
1331 225196 29 1378 13.7902 0
1331 233576 30 1351 14.2913 0
1331 241956 44 2310 18.6562 0
1331 250336 35 1744 15.8514 0
1331 258716 43 2228 18.3007 0
1331 267096 34 1501 17.1137 0
1331 275556 32 1365 15.681 0
1331 284016 36 1595 17.5901 0
1331 292476 39 2178 15.3682 0
1331 300936 32 1415 15.0291 0
1331 309396 34 1635 16.0554 0
1331 317856 28 1342 13.2066 0
1331 326396 33 1537 15.5055 0
1331 334936 44 2099 19.2384 0
1331 343476 31 1336 15.9566 0
1331 352016 35 1490 17.2299 0
1331 360556 36 1448 18.225 0
1331 369096 35 1409 18.0511 0
1331 377716 32 1494 14.8431 0
1331 386336 38 1344 20.6724 0
1331 394956 31 1426 14.8338 0
1331 403576 36 1499 17.9591 0
1331 412196 36 1611 17.2122 0
1331 420816 36 1448 18.1586 0
1728 431760 67 2818 28.2114 0
1728 442704 55 1734 28.0872 0
1728 453648 51 1839 24.5016 0
1728 464592 57 1914 29.0894 0
1728 475536 58 2255 26.4925 0
1728 486480 52 1923 24.5783 0
1728 497504 58 2039 27.4835 0
1728 508528 56 1979 28.1248 0
1728 519552 46 1736 22.0583 0
1728 530576 59 1903 29.2187 0
1728 541600 47 1902 20.9098 0
1728 552624 51 1825 24.7172 0
1728 563728 50 1857 22.708 0
1728 574832 55 2100 25.7454 0
1728 585936 64 2077 31.8513 0
1728 597040 55 1752 28.1517 0
1728 608144 57 1766 29.5976 0
1728 619248 59 2131 27.7555 0
1728 630432 49 1742 23.6697 0
1728 641616 52 1746 26.2028 0
1728 652800 54 1790 27.7353 0
1728 663984 48 1914 21.3808 0
1728 675168 58 1919 28.8626 0
1728 686352 59 1869 30.8256 0
2197 700280 106 3595 45.371 0
2197 714208 110 3486 47.2663 0
2197 728136 79 2233 38.4993 0
2197 742064 82 2591 37.2504 0
2197 755992 79 2282 37.799 0
2197 769920 74 2357 33.5076 0
2197 783928 89 2531 43.1359 0
2197 797936 82 2310 40.3783 0
2197 811944 69 2213 31.372 0
2197 825952 78 2440 35.281 0
2197 839960 85 2351 41.1309 0
2197 853968 70 2214 32.4184 0
2197 868056 96 2361 50.6832 0
2197 882144 106 3122 49.8453 0
2197 896232 99 2770 46.3982 0
2197 910320 89 2850 39.4704 0
2197 924408 86 2331 42.1177 0
2197 938496 106 3123 49.4475 0
2197 952664 91 2461 45.9821 0
2197 966832 107 2917 50.7862 0
2197 981000 73 2204 34.2608 0
2197 995168 86 2358 42.8155 0
2197 1009336 75 2222 35.3705 0
2197 1023504 80 2200 40.2118 0
2197 1037752 87 2349 44.0656 0
2197 1052000 83 2204 41.5942 0
2197 1066248 103 3306 45.191 0
2197 1080496 86 2328 43.1494 0
2197 1094744 94 2525 46.6927 0
2197 1108992 93 2239 49.776 0
2197 1123320 96 2511 49.2319 0
2197 1137648 95 2394 49.6637 0
2197 1151976 78 2232 37.7794 0
2197 1166304 104 3201 48.709 0
2197 1180632 91 2655 43.5953 0
2197 1194960 88 2240 45.5612 0
