1296 7200 37 2538 8.92612 0
1296 14400 20 1483 4.97795 0
1296 21600 31 2177 6.67277 0
1296 28800 23 1616 5.5137 0
1296 36000 30 1972 6.76099 0
1296 43200 22 1704 5.12296 0
256 44544 1 282 0.699358 0
256 45888 1 261 0.661503 0
256 47232 2 265 0.915581 0
256 48576 1 281 0.693263 0
256 49920 1 276 0.68813 0
256 51264 1 297 0.754216 0
625 54664 7 778 2.33579 0
625 58064 6 676 2.05156 0
625 61464 6 748 2.01948 0
625 64864 6 673 1.98964 0
625 68264 6 677 1.93478 0
625 71664 6 771 2.12053 0
625 74664 6 766 2.09358 0
625 77664 6 747 1.82699 0
625 80664 6 739 1.7099 0
625 83664 6 797 1.96398 0
625 86664 5 675 1.6868 0
625 89664 8 852 2.29344 0
625 92664 6 766 1.99477 0
625 95664 6 747 1.85522 0
625 98664 6 739 1.69354 0
625 101664 6 797 1.97809 0
625 104664 6 675 1.73877 0
625 107664 7 852 2.2049 0
1296 114144 19 1505 4.07456 0
1296 120624 21 1607 4.36521 0
1296 127104 19 1442 3.97383 0
1296 133584 29 2169 6.4434 0
1296 140064 18 1403 4.00431 0
1296 146544 26 1926 5.43895 0
1296 153024 20 1505 4.13359 0
1296 159504 21 1607 4.45504 0
1296 165984 19 1442 4.19166 0
1296 172464 29 2169 6.50307 0
1296 178944 18 1403 3.89748 0
1296 185424 27 1926 5.89257 0
1296 191904 41 3024 8.95082 0
1296 198384 21 1607 4.4621 0
1296 204864 19 1442 4.13327 0
1296 211344 30 2169 6.52937 0
1296 217824 18 1403 3.90197 0
1296 224304 27 1926 5.72319 0
1296 230784 41 3024 9.04225 0
1296 237264 21 1607 4.27057 0
1296 243744 19 1442 4.10087 0
1296 250224 29 2169 6.44436 0
1296 256704 18 1403 3.89459 0
1296 263184 26 1926 5.53616 0
1296 269664 41 3024 9.1741 0
1296 276144 20 1607 4.22085 0
1296 282624 19 1442 4.22502 0
1296 289104 29 2169 6.50756 0
1296 295584 18 1403 4.07103 0
1296 302064 32 2338 6.4604 0
1296 308544 41 3024 9.13689 0
1296 315024 20 1607 4.43322 0
1296 321504 19 1442 4.1708 0
1296 327984 29 2169 6.24321 0
1296 334464 18 1403 4.05307 0
1296 340944 32 2338 6.4604 0
1296 347424 41 3024 9.12245 0
1296 353904 20 1607 4.27025 0
1296 360384 19 1442 4.05596 0
1296 366864 29 2014 6.2955 0
1296 373344 18 1403 4.04184 0
1296 379824 32 2338 6.3401 0
1296 386304 41 3024 9.08812 0
1296 392784 21 1607 4.51952 0
1296 399264 19 1442 4.29913 0
1296 405744 29 2014 6.32085 0
1296 412224 19 1403 4.01136 0
1296 418704 32 2338 6.41869 0
1296 425184 41 3024 9.11764 0
1296 431664 39 2611 8.26269 0
1296 438144 19 1442 4.04312 0
1296 444624 30 2014 6.65866 0
1296 451104 18 1403 4.07745 0
1296 457584 32 2338 6.18932 0
1296 464064 40 3024 8.80164 0
1296 470544 40 2611 8.46191 0
1296 477024 19 1442 4.04441 0
1296 483504 29 2014 6.37763 0
1296 489984 19 1403 4.18909 0
1296 496464 32 2338 6.54862 0
1296 502944 40 3024 9.02043 0
1296 509424 40 2611 8.45036 0
1296 515904 19 1442 4.11466 0
1296 522384 29 2014 6.49088 0
1296 528864 18 1403 4.13199 0
1296 535344 31 2338 6.27818 0
1296 541824 41 3024 8.96718 0
1296 548304 40 2611 8.42887 0
1296 554784 19 1442 4.14193 0
1296 561264 30 2014 6.88579 0
1296 567744 18 1403 3.87181 0
1296 574224 31 2338 6.20343 0
2401 586572 66 3032 9.97964 0
2401 598920 126 5106 15.4879 0
2401 611268 135 5343 21.374 0
2401 623616 63 2941 9.40251 0
2401 635964 79 3679 12.2263 0
2401 648312 72 3306 10.9093 0
2401 660660 64 3032 9.76823 0
2401 673008 125 5106 15.076 0
2401 685356 245 9181 37.0041 0
2401 697704 63 2941 9.39129 0
2401 710052 79 3679 12.5236 0
2401 722400 71 3306 10.747 0
2401 734748 73 3338 10.9068 0
2401 747096 125 5106 15.2806 0
2401 759444 245 9181 37.0448 0
2401 771792 62 2941 9.17923 0
2401 784140 79 3679 12.4736 0
2401 796488 83 3839 12.1021 0
