1296 7718 27 1927 6.87777 0
1296 15436 20 1523 6.03116 0
1296 23154 20 1435 6.43121 0
1296 30872 19 1441 5.8313 0
1296 38590 19 1534 5.19161 0
1296 46308 23 1533 7.18029 0
256 47754 1 285 0.812282 0
256 49200 1 263 0.704491 0
256 50646 1 266 0.749083 0
256 52092 1 258 0.70802 0
256 53538 1 296 0.737213 0
256 54984 1 259 0.772823 0
625 58634 7 726 2.54271 0
625 62284 5 630 1.74839 0
625 65934 6 628 2.32296 0
625 69584 5 632 1.91265 0
625 73234 7 665 2.85678 0
625 76884 5 636 1.96654 0
625 80324 6 749 2.24725 0
625 83764 6 680 2.66718 0
625 87204 5 633 2.0368 0
625 90644 7 898 2.35696 0
625 94084 5 654 1.97136 0
625 97524 6 728 2.57287 0
625 101004 5 657 2.04771 0
625 104484 6 687 2.33547 0
625 107964 7 779 3.02841 0
625 111444 5 635 2.11476 0
625 114924 5 650 1.83469 0
625 118404 6 664 2.25206 0
1296 125404 19 1415 5.15408 0
1296 132404 20 1468 5.2609 0
1296 139404 20 1543 5.27053 0
1296 146404 21 1628 5.56471 0
1296 153404 17 1359 4.32832 0
1296 160404 26 1949 6.73982 0
1296 167444 23 1624 6.6763 0
1296 174484 17 1331 4.74152 0
1296 181524 35 2771 7.5906 0
1296 188564 24 1736 6.45045 0
1296 195604 28 2257 6.92044 0
1296 202644 20 1557 5.02639 0
1296 209724 22 1743 5.35682 0
1296 216804 20 1509 5.43093 0
1296 223884 25 1879 6.33272 0
1296 230964 20 1549 5.35169 0
1296 238044 21 1526 5.5769 0
1296 245124 17 1328 4.56443 0
1296 252244 23 1804 5.57177 0
1296 259364 19 1417 5.83162 0
1296 266484 23 1729 6.17071 0
1296 273604 20 1570 5.12681 0
1296 280724 20 1510 5.7604 0
1296 287844 24 1696 7.09624 0
1296 295004 18 1367 5.72704 0
1296 302164 17 1330 4.71842 0
1296 309324 17 1340 4.56187 0
1296 316484 19 1391 5.26636 0
1296 323644 18 1403 5.36645 0
1296 330804 18 1440 4.68409 0
1296 338004 17 1307 5.12937 0
1296 345204 31 2137 9.1648 0
1296 352404 16 1306 4.48327 0
1296 359604 16 1315 4.35302 0
1296 366804 17 1306 4.92021 0
1296 374004 31 2015 9.3175 0
1296 381244 18 1363 5.19738 0
1296 388484 17 1361 4.86695 0
1296 395724 25 1852 6.91851 0
1296 402964 19 1387 5.78189 0
1296 410204 17 1340 5.26475 0
1296 417444 19 1539 5.14958 0
1296 424724 17 1300 4.97603 0
1296 432004 23 1677 6.02988 0
1296 439284 19 1513 5.56663 0
1296 446564 18 1322 6.03726 0
1296 453844 19 1431 5.85183 0
1296 461124 19 1517 4.97057 0
1296 468444 18 1430 5.0774 0
1296 475764 19 1423 5.17653 0
1296 483084 19 1389 5.839 0
1296 490404 24 1761 7.24798 0
1296 497724 18 1324 5.04532 0
1296 505044 24 1703 7.50527 0
1296 512404 18 1373 5.63689 0
1296 519764 17 1319 4.67222 0
1296 527124 18 1416 5.0033 0
1296 534484 19 1417 5.39083 0
1296 541844 16 1297 4.7582 0
1296 549204 18 1380 5.25128 0
1296 556604 18 1308 5.57273 0
1296 564004 19 1314 6.21081 0
1296 571404 26 1643 9.19976 0
1296 578804 18 1322 5.59968 0
1296 586204 21 1545 6.23295 0
1296 593604 17 1298 5.08927 0
1296 601044 21 1389 7.60472 0
1296 608484 21 1589 6.39977 0
1296 615924 21 1337 7.18478 0
1296 623364 19 1301 6.41613 0
1296 630804 19 1514 5.69239 0
1296 638244 20 1506 5.92979 0
2401 651592 62 2884 13.3468 0
2401 664940 63 2812 15.8603 0
2401 678288 85 4033 16.5177 0
2401 691636 112 4695 26.9959 0
2401 704984 61 2897 13.0004 0
2401 718332 146 6595 28.4119 0
2401 731720 58 2920 12.6805 0
2401 745108 72 3517 15.6149 0
2401 758496 80 3680 17.8365 0
2401 771884 73 3563 13.8081 0
2401 785272 52 2492 11.4502 0
2401 798660 147 6037 32.651 0
2401 812088 49 2477 10.0855 0
2401 825516 80 3474 17.4147 0
2401 838944 53 2610 11.773 0
2401 852372 64 3277 11.6629 0
2401 865800 72 3167 17.8888 0
2401 879228 65 2930 15.7657 0
