1296 8236 28 1369 12.4357 0
1296 16472 19 1301 7.0032 0
1296 24708 29 1505 12.5746 0
1296 32944 23 1326 9.75059 0
1296 41180 28 1404 12.8999 0
1296 49416 27 1447 11.8807 0
256 50964 1 264 0.752933 0
256 52512 2 265 1.01952 0
256 54060 1 257 0.788542 0
256 55608 1 258 0.737213 0
256 57156 2 256 0.877726 0
256 58704 1 259 0.602474 0
625 62604 6 667 2.61521 0
625 66504 6 626 2.43364 0
625 70404 8 700 3.54555 0
625 74304 7 651 3.10348 0
625 78204 6 730 2.28125 0
625 82104 6 634 2.19464 0
625 85984 8 684 4.09606 0
625 89864 7 638 3.60233 0
625 93744 8 673 4.0967 0
625 97624 7 635 3.47754 0
625 101504 8 723 4.05371 0
625 105384 8 660 3.9703 0
625 109344 8 655 3.67708 0
625 113304 8 654 4.10857 0
625 117264 8 626 4.02997 0
625 121224 9 647 4.7165 0
625 125184 7 631 3.18176 0
625 129144 9 625 4.59363 0
1296 136664 27 1518 11.0941 0
1296 144184 20 1306 7.51681 0
1296 151704 22 1496 8.09555 0
1296 159224 19 1520 5.46911 0
1296 166744 22 1354 8.49174 0
1296 174264 18 1318 5.79152 0
1296 181864 21 1354 7.42378 0
1296 189464 25 1539 8.7439 0
1296 197064 24 1459 9.83368 0
1296 204664 24 1627 8.48437 0
1296 212264 25 1398 10.2786 0
1296 219864 20 1300 7.99802 0
1296 227544 23 1409 9.00664 0
1296 235224 23 1315 9.26681 0
1296 242904 24 1368 9.8818 0
1296 250584 22 1335 8.51067 0
1296 258264 22 1341 8.92291 0
1296 265944 27 1431 11.0973 0
1296 273704 25 1322 11.5795 0
1296 281464 26 1352 12.0713 0
1296 289224 24 1309 10.2777 0
1296 296984 24 1314 10.1965 0
1296 304744 25 1309 11.6016 0
1296 312504 22 1325 9.04802 0
1296 320344 24 1499 9.07369 0
1296 328184 27 1351 11.9529 0
1296 336024 26 1515 10.04 0
1296 343864 25 1350 11.4765 0
1296 351704 25 1348 11.0101 0
1296 359544 23 1305 9.55939 0
1296 367464 25 1309 11.4768 0
1296 375384 32 1750 13.5149 0
1296 383304 31 1597 13.7636 0
1296 391224 26 1413 10.851 0
1296 399144 25 1315 11.14 0
1296 407064 30 1488 13.5262 0
1296 415064 28 1466 12.0745 0
1296 423064 28 1479 12.0094 0
1296 431064 30 1435 13.6096 0
1296 439064 27 1460 11.4082 0
1296 447064 28 1308 13.5015 0
1296 455064 27 1455 11.6244 0
1296 463144 29 1439 13.0453 0
1296 471224 29 1509 12.2622 0
1296 479304 27 1459 11.7191 0
1296 487384 30 1428 14.1177 0
1296 495464 33 1376 17.1769 0
1296 503544 31 1449 15.0449 0
1296 511704 28 1298 13.6368 0
1296 519864 30 1312 14.7548 0
1296 528024 30 1525 13.1707 0
1296 536184 28 1306 13.6526 0
1296 544344 29 1301 14.1729 0
1296 552504 33 1371 16.7804 0
1296 560744 32 1341 15.7667 0
1296 568984 30 1317 14.904 0
1296 577224 28 1298 13.9734 0
1296 585464 28 1402 13.1845 0
1296 593704 27 1458 12.1772 0
1296 601944 33 1518 15.8007 0
1296 610264 30 1355 14.5418 0
1296 618584 32 1344 16.5379 0
1296 626904 36 1560 17.2186 0
1296 635224 28 1297 13.8941 0
1296 643544 31 1383 15.5004 0
1296 651864 35 1347 18.361 0
1296 660264 35 1418 18.1852 0
1296 668664 33 1331 16.8674 0
1296 677064 29 1334 14.1492 0
1296 685464 34 1491 16.6627 0
1296 693864 31 1459 14.8225 0
1296 702264 32 1367 16.091 0
2401 716612 76 2652 28.6451 0
2401 730960 84 3326 26.3398 0
2401 745308 59 2408 18.8015 0
2401 759656 65 2806 19.6516 0
2401 774004 84 2959 31.4118 0
2401 788352 74 2456 29.9001 0
2401 802780 83 2647 34.0129 0
2401 817208 90 3009 34.8575 0
2401 831636 85 3058 28.9486 0
2401 846064 71 2736 24.909 0
2401 860492 77 2509 31.0412 0
2401 874920 71 2460 28.0606 0
2401 889428 82 3246 27.0642 0
2401 903936 87 2771 35.7766 0
2401 918444 69 2844 21.4988 0
2401 932952 71 2429 28.1241 0
2401 947460 82 2645 33.2888 0
2401 961968 74 2430 30.807 0
