1296 8754 34 1509 16.1914 0
1296 17508 31 1299 15.8385 0
1296 26262 32 1301 16.235 0
1296 35016 32 1359 16.1003 0
1296 43770 33 1304 17.5407 0
1296 52524 30 1363 14.5662 0
256 54174 1 258 0.867781 0
256 55824 2 256 1.01856 0
256 57474 2 256 0.948624 0
256 59124 2 279 1.00862 0
256 60774 2 259 1.11224 0
256 62424 2 265 1.04422 0
625 66574 9 632 4.60742 0
625 70724 8 641 4.21379 0
625 74874 9 627 4.77681 0
625 79024 7 625 3.65976 0
625 83174 9 628 4.6132 0
625 87324 9 645 4.88203 0
625 91644 10 644 5.63496 0
625 95964 10 625 5.61122 0
625 100284 10 689 4.80857 0
625 104604 10 625 5.29298 0
625 108924 10 655 5.18423 0
625 113244 10 627 5.90605 0
625 117684 10 631 5.7219 0
625 122124 10 629 5.65293 0
625 126564 9 626 4.99239 0
625 131004 10 632 5.45724 0
625 135444 10 650 5.84028 0
625 139884 10 655 5.7912 0
1296 147924 27 1341 12.4643 0
1296 155964 28 1346 13.3959 0
1296 164004 26 1311 12.0087 0
1296 172044 29 1467 12.5718 0
1296 180084 29 1374 13.4508 0
1296 188124 27 1322 12.2173 0
1296 196284 26 1313 12.1371 0
1296 204444 32 1459 15.049 0
1296 212604 31 1529 14.2114 0
1296 220764 26 1318 11.9138 0
1296 228924 31 1465 15.049 0
1296 237084 29 1440 13.1078 0
1296 245364 33 1385 16.2152 0
1296 253644 30 1444 14.5219 0
1296 261924 29 1365 14.3339 0
1296 270204 28 1299 13.4928 0
1296 278484 33 1316 17.269 0
1296 286764 32 1431 15.1607 0
1296 295164 32 1424 15.341 0
1296 303564 31 1300 15.4096 0
1296 311964 35 1423 17.3691 0
1296 320364 31 1482 14.3657 0
1296 328764 34 1375 17.5058 0
1296 337164 30 1396 14.7167 0
1296 345684 33 1349 17.3685 0
1296 354204 32 1392 15.7904 0
1296 362724 34 1349 17.6408 0
1296 371244 32 1350 15.7715 0
1296 379764 32 1307 16.8167 0
1296 388284 30 1305 14.9169 0
1296 396924 35 1424 17.4387 0
1296 405564 36 1382 19.2057 0
1296 414204 35 1475 17.3896 0
1296 422844 32 1297 16.7746 0
1296 431484 34 1359 18.0909 0
1296 440124 33 1340 17.0326 0
1296 448884 34 1296 18.4332 0
1296 457644 36 1301 19.1688 0
1296 466404 35 1307 18.4971 0
1296 475164 35 1301 18.6417 0
1296 483924 35 1326 18.225 0
1296 492684 35 1296 18.704 0
1296 501564 37 1490 19.1884 0
1296 510444 35 1353 18.2417 0
1296 519324 40 1443 21.7321 0
1296 528204 34 1411 17.388 0
1296 537084 37 1416 19.3924 0
1296 545964 40 1463 21.6839 0
1296 554964 39 1308 22.0272 0
1296 563964 37 1328 20.4556 0
1296 572964 37 1305 20.4488 0
1296 581964 37 1368 19.9599 0
1296 590964 35 1319 18.8262 0
1296 599964 39 1297 22.1279 0
1296 609084 41 1413 22.1482 0
1296 618204 38 1401 20.4479 0
1296 627324 40 1389 22.1401 0
1296 636444 40 1315 22.6018 0
1296 645564 37 1304 20.205 0
1296 654684 40 1332 22.7227 0
1296 663924 39 1302 21.7937 0
1296 673164 39 1312 21.9592 0
1296 682404 40 1357 22.0981 0
1296 691644 39 1298 22.0619 0
1296 700884 40 1351 22.246 0
1296 710124 41 1364 23.031 0
1296 719484 42 1338 23.6377 0
1296 728844 40 1367 21.9781 0
1296 738204 38 1308 21.0404 0
1296 747564 43 1334 24.3932 0
1296 756924 41 1385 22.8818 0
1296 766284 41 1301 23.4497 0
2401 781632 103 2952 46.8361 0
2401 796980 99 2485 48.8755 0
2401 812328 97 2470 47.164 0
2401 827676 95 2461 46.0367 0
2401 843024 91 2648 41.1633 0
2401 858372 92 2411 44.5385 0
2401 873840 121 3277 55.0212 0
2401 889308 108 2686 52.6536 0
2401 904776 109 2731 52.1699 0
2401 920244 99 2613 47.812 0
2401 935712 97 2471 47.2426 0
2401 951180 100 2481 49.6368 0
2401 966768 103 2673 49.8742 0
2401 982356 105 2497 52.7941 0
2401 997944 99 2708 46.66 0
2401 1013532 106 2477 54.0655 0
2401 1029120 99 2532 49.1007 0
2401 1044708 102 2479 51.0573 0
