1000 20094 64 1005 41.495 0
1000 40170 55 1003 35.3907 0
1000 60264 53 1002 34.6782 0
1000 80354 55 1003 36.0471 0
1000 100442 57 1011 37.4217 0
1000 120518 57 1002 37.3996 0
200 121404 1 201 0.488909 0
200 122292 1 203 0.713794 0
200 123176 1 203 0.562694 0
200 124074 1 202 0.44143 0
200 124948 1 214 0.531576 0
200 125850 1 207 0.483455 0
400 129120 6 402 3.42076 0
400 132424 6 412 3.58148 0
400 135730 7 402 4.03767 0
400 139024 5 401 3.1654 0
400 142302 7 400 4.27025 0
400 145592 6 400 3.59945 0
600 152870 17 602 10.5609 0
600 160152 17 600 10.6431 0
600 167442 18 601 11.6235 0
600 174728 18 603 11.4419 0
600 182030 17 609 10.8221 0
600 189324 17 607 10.6819 0
800 202184 34 805 22.1546 0
800 215062 35 817 22.8796 0
800 227940 32 800 20.2268 0
800 240818 33 805 21.3497 0
800 253692 34 800 22.0522 0
800 266564 34 800 21.896 0
1100 290832 68 1102 44.6123 0
1100 315106 69 1102 45.1939 0
1100 339384 68 1102 45.0717 0
1100 363652 67 1107 44.1125 0
1100 387940 68 1103 44.6331 0
1100 412202 68 1116 44.688 0
1200 441064 85 1201 56.3978 0
1200 469924 83 1211 54.4129 0
1200 498782 84 1202 55.5592 0
1200 527654 84 1208 55.3891 0
1200 556540 83 1202 55.0683 0
1200 585412 85 1205 56.1065 0
1300 619276 99 1306 66.1897 0
1300 653152 100 1303 66.2404 0
1300 687016 101 1301 66.728 0
1300 720876 100 1301 66.661 0
1300 754750 99 1302 66.0662 0
1300 788628 102 1300 67.6391 0
1400 827898 117 1403 78.365 0
1400 867174 119 1401 79.3835 0
1400 906426 118 1400 78.2415 0
1400 945686 117 1400 77.9322 0
1400 984962 116 1400 77.5719 0
1400 1024236 121 1411 80.687 0
1500 1069308 136 1501 91.1799 0
1500 1114388 136 1501 90.4863 0
1500 1159436 139 1500 93.4509 0
1500 1204492 140 1500 94.029 0
1500 1249558 137 1505 91.6178 0
1500 1294638 136 1501 91.1966 0
1600 1345906 158 1602 106.225 0
1600 1397170 157 1600 105.267 0
1600 1448416 159 1601 106.664 0
1600 1499664 156 1600 104.367 0
1600 1550938 158 1609 106.344 0
1600 1602210 159 1613 105.787 0
1700 1660080 178 1700 120.127 0
1700 1717944 177 1701 118.551 0
1700 1775796 179 1705 120.141 0
1700 1833650 180 1700 121.3 0
1700 1891520 180 1700 121.419 0
1700 1949388 178 1702 119.549 0
1800 2014246 201 1803 135.212 0
1800 2079130 200 1802 134.156 0
1800 2143992 202 1800 135.739 0
1800 2208848 196 1800 131.414 0
1800 2273706 202 1801 136.246 0
1800 2338580 204 1805 137.501 0
1900 2410854 225 1901 151.495 0
1900 2483124 223 1903 149.065 0
1900 2555372 221 1900 148.724 0
1900 2627626 224 1900 150.754 0
1900 2699888 221 1905 147.661 0
1900 2772166 219 1900 146.452 0
2000 2852246 253 2000 171.199 0
2000 2932314 251 2008 169.215 0
2000 3012366 251 2001 169.139 0
2000 3092426 254 2001 171.401 0
2000 3172492 253 2004 170.969 0
2000 3252564 255 2003 172.445 0
2100 3340832 284 2100 192.295 0
2100 3429104 284 2101 192.814 0
2100 3517362 278 2100 188.059 0
2100 3605620 283 2103 191.854 0
2100 3693890 281 2101 190.13 0
2100 3782168 279 2123 188.399 0
2200 3879022 315 2200 213.876 0
2200 3975876 305 2202 206.365 0
2200 4072726 306 2213 206.432 0
2200 4169594 306 2203 206.686 0
2200 4266456 301 2200 202.886 0
2200 4363320 305 2205 206.014 0
2300 4469180 339 2301 229.794 0
2300 4575014 347 2303 235.677 0
2300 4680862 341 2301 231.224 0
2300 4786712 333 2300 225.093 0
2300 4892562 337 2302 228.387 0
2300 4998422 342 2312 232.343 0
2400 5113676 368 2400 249.69 0
2400 5228914 373 2400 253.304 0
2400 5344168 365 2407 246.974 0
2400 5459408 368 2400 249.02 0
2400 5574662 368 2402 249.198 0
2400 5689914 368 2402 249.659 0
2500 5814966 396 2501 267.246 0
2500 5940024 404 2501 274.726 0
2500 6065070 409 2502 278.929 0
2500 6190128 403 2505 273.765 0
2500 6315172 405 2500 275.196 0
2500 6440224 407 2513 276.874 0
2600 6575482 435 2600 294.665 0
2600 6710732 436 2602 295.872 0
2600 6845972 430 2601 291.519 0
2600 6981234 438 2600 297.305 0
2600 7116472 440 2600 298.367 0
2600 7251728 439 2600 298.11 0
2700 7397586 474 2703 321.073 0
2700 7543424 471 2706 319.847 0
2700 7689252 473 2706 320.806 0
2700 7835098 474 2706 321.828 0
2700 7980932 474 2700 322.34 0
2700 8126790 475 2700 322.663 0
