1000 99916 107 1000 68.8771 0
1000 199830 108 1001 70.0102 0
1000 299748 107 1001 68.8945 0
1000 399660 105 1000 66.8041 0
1000 499580 108 1001 70.1729 0
1000 599490 109 1002 70.1514 0
200 603494 4 202 2.39289 0
200 607488 4 202 2.36691 0
200 611482 3 200 2.35536 0
200 615484 3 200 2.28703 0
200 619488 4 200 2.51416 0
200 623488 4 200 2.45898 0
400 639468 16 404 10.1657 0
400 655452 16 401 10.2074 0
400 671432 16 403 9.9867 0
400 687402 16 402 10.373 0
400 703384 16 402 10.1846 0
400 719362 16 403 10.6177 0
600 755316 37 601 23.7345 0
600 791274 37 601 23.7246 0
600 827228 36 600 22.9152 0
600 863192 37 600 23.5549 0
600 899150 37 600 23.6059 0
600 935116 38 601 24.6681 0
800 999060 69 800 44.4663 0
800 1063004 66 801 42.1106 0
800 1126940 66 800 42.3038 0
800 1190876 70 801 44.8497 0
800 1254820 68 800 43.6999 0
800 1318758 69 801 43.8029 0
1100 1439672 128 1101 82.3481 0
1100 1560580 129 1102 83.2852 0
1100 1681482 129 1103 83.4228 0
1100 1802386 131 1102 84.8559 0
1100 1923290 130 1101 83.8485 0
1100 2044200 131 1100 84.7346 0
1200 2188102 154 1202 99.2373 0
1200 2331992 158 1201 102.404 0
1200 2475882 153 1200 98.5087 0
1200 2619774 156 1202 100.455 0
1200 2763672 155 1204 100.111 0
1200 2907570 156 1200 100.558 0
1300 3076462 182 1303 117.423 0
1300 3245344 182 1302 117.975 0
1300 3414230 182 1300 117.867 0
1300 3583128 184 1302 119.712 0
1300 3752012 184 1300 119.453 0
1300 3920904 181 1301 116.881 0
1400 4116786 209 1400 135.275 0
1400 4312658 214 1400 139.613 0
1400 4508530 216 1400 140.781 0
1400 4704416 215 1403 139.669 0
1400 4900294 212 1407 136.879 0
1400 5096168 213 1402 138.615 0
1500 5321038 246 1502 159.495 0
1500 5545910 249 1502 162.612 0
1500 5770774 246 1500 159.876 0
1500 5995644 243 1503 157.399 0
1500 6220512 247 1501 160.647 0
1500 6445382 244 1501 158.853 0
1600 6701244 281 1600 182.333 0
1600 6957106 280 1600 181.924 0
1600 7212958 277 1601 179.544 0
1600 7468820 276 1601 178.87 0
1600 7724676 280 1603 181.937 0
1600 7980544 278 1602 180.995 0
1700 8269390 317 1700 206.809 0
1700 8558240 320 1701 208.53 0
1700 8847086 317 1700 207.025 0
1700 9135932 317 1700 206.495 0
1700 9424780 316 1702 205.718 0
1700 9713632 321 1701 209.13 0
1800 10037474 356 1803 232.122 0
1800 10361314 358 1800 233.916 0
1800 10685156 353 1800 230.438 0
1800 11008998 351 1802 228.085 0
1800 11332840 355 1801 231.416 0
1800 11656680 348 1800 225.246 0
1900 12017516 403 1900 264.132 0
1900 12378344 395 1900 257.09 0
1900 12739172 400 1901 262.133 0
1900 13100004 397 1901 258.916 0
1900 13460832 400 1901 260.667 0
1900 13821656 398 1900 258.36 0
2000 14221474 437 2000 284.591 0
2000 14621296 441 2001 287.837 0
2000 15021116 446 2000 292.188 0
2000 15420932 443 2000 289.298 0
2000 15820752 440 2001 287.236 0
2000 16220574 438 2000 285.483 0
2100 16661384 485 2101 316.169 0
2100 17102196 493 2102 322.484 0
2100 17543004 488 2100 318.319 0
2100 17983810 486 2101 317.161 0
2100 18424616 488 2105 318.11 0
2100 18865424 489 2100 320.44 0
2200 19349224 536 2202 351.442 0
2200 19833022 537 2200 351.275 0
2200 20316818 536 2203 350.408 0
2200 20800610 533 2200 348.197 0
2200 21284410 532 2202 347.351 0
2200 21768212 534 2202 349.03 0
2300 22296994 589 2300 385.895 0
2300 22825778 580 2301 378.134 0
2300 23354562 586 2304 382.843 0
2300 23883344 588 2301 384.608 0
2300 24412134 582 2300 380.223 0
2300 24940916 590 2300 385.901 0
2400 25516696 641 2400 420.772 0
2400 26092478 646 2400 423.865 0
2400 26668254 641 2400 421.463 0
2400 27244026 638 2401 418.067 0
2400 27819806 645 2402 423.432 0
2400 28395574 642 2400 420.56 0
2500 29020342 700 2500 460.491 0
2500 29645108 692 2500 452.894 0
2500 30269874 689 2500 451.287 0
2500 30894644 694 2503 454.758 0
2500 31519412 701 2502 461.062 0
2500 32144182 705 2500 463.816 0
2600 32819942 761 2600 500.066 0
2600 33495704 748 2600 491.067 0
2600 34171464 752 2602 491.989 0
2600 34847228 750 2600 492.053 0
2600 35522992 761 2602 502.207 0
2600 36198754 752 2605 492.373 0
2700 36927502 807 2701 528.806 0
2700 37656260 813 2700 533.654 0
2700 38385006 822 2703 541.481 0
2700 39113758 810 2700 530.999 0
2700 39842508 817 2702 536.434 0
2700 40571252 811 2701 532.071 0
