1000 199806 162 1000 102.601 0
1000 399616 162 1003 102.585 0
1000 599420 161 1000 101.841 0
1000 799226 160 1000 100.633 0
1000 999034 159 1000 99.8568 0
1000 1198840 159 1000 101.179 0
200 1206806 6 200 3.54908 0
200 1214776 6 200 3.59111 0
200 1222742 6 201 3.7313 0
200 1230714 6 200 3.88978 0
200 1238676 6 201 3.72328 0
200 1246646 6 200 3.56127 0
400 1278572 24 401 14.8488 0
400 1310496 23 401 14.4632 0
400 1342426 24 400 14.9457 0
400 1374352 25 401 15.5046 0
400 1406280 24 400 15.2912 0
400 1438206 24 400 14.9355 0
600 1510090 57 600 35.6496 0
600 1581978 57 600 35.699 0
600 1653864 55 600 34.2525 0
600 1725746 56 600 35.1777 0
600 1797636 56 600 35.1222 0
600 1869532 55 600 34.6872 0
800 1997382 103 802 64.7791 0
800 2125230 101 802 63.6422 0
800 2253082 102 800 64.1379 0
800 2380934 101 800 63.5004 0
800 2508782 101 802 63.9325 0
800 2636632 100 800 62.9323 0
1100 2878416 194 1100 122.559 0
1100 3120208 194 1100 122.963 0
1100 3362006 192 1100 121.373 0
1100 3603794 194 1100 122.397 0
1100 3845584 196 1100 124.184 0
1100 4087378 193 1103 121.736 0
1200 4375144 231 1200 146.782 0
1200 4662914 232 1201 146.766 0
1200 4950678 235 1201 148.929 0
1200 5238444 231 1200 146.541 0
1200 5526212 230 1201 145.686 0
1200 5813986 230 1201 144.79 0
1300 6151734 274 1300 173.207 0
1300 6489484 275 1300 174.735 0
1300 6827226 270 1300 171.253 0
1300 7164976 272 1300 172.103 0
1300 7502722 276 1300 174.729 0
1300 7840468 274 1300 174.332 0
1400 8232196 322 1400 205.51 0
1400 8623926 318 1400 202.632 0
1400 9015648 318 1401 202.501 0
1400 9407376 318 1400 202.371 0
1400 9799100 319 1401 202.456 0
1400 10190828 316 1400 200.405 0
1500 10640538 367 1500 234.894 0
1500 11090246 369 1500 236.205 0
1500 11539950 368 1501 234.627 0
1500 11989658 367 1500 233.818 0
1500 12439360 369 1500 235.446 0
1500 12889066 368 1500 235.239 0
1600 13400752 418 1600 267.047 0
1600 13912442 417 1600 266.328 0
1600 14424130 417 1600 266.302 0
1600 14935818 425 1600 272.687 0
1600 15447502 418 1600 267.305 0
1600 15959192 418 1600 266.791 0
1700 16536856 472 1700 302.282 0
1700 17114528 475 1700 305.238 0
1700 17692196 477 1700 304.629 0
1700 18269866 468 1700 298.738 0
1700 18847534 476 1700 304.962 0
1700 19425204 475 1700 304.378 0
1800 20072854 538 1801 345.729 0
1800 20720506 527 1802 337.005 0
1800 21368154 534 1800 342.401 0
1800 22015800 530 1800 338.594 0
1800 22663446 532 1800 340.708 0
1800 23311096 531 1802 340.328 0
1900 24032726 597 1900 383.651 0
1900 24754350 594 1901 381.583 0
1900 25475982 594 1900 380.615 0
1900 26197612 604 1900 390.133 0
1900 26919238 596 1900 382.419 0
1900 27640870 590 1900 376.705 0
2000 28440480 657 2000 421.715 0
2000 29240090 662 2000 425.792 0
2000 30039698 663 2000 425.496 0
2000 30839306 671 2000 433.221 0
2000 31638912 653 2000 419.283 0
2000 32438526 658 2000 422.865 0
2100 33320112 730 2100 469.39 0
2100 34201702 728 2100 467.855 0
2100 35083294 736 2100 474.695 0
2100 35964878 731 2101 470.31 0
2100 36846466 732 2100 471.756 0
2100 37728058 736 2100 474.713 0
2200 38695624 801 2200 515.066 0
2200 39663198 807 2200 521.44 0
2200 40630766 801 2200 517.097 0
2200 41598328 806 2200 519.422 0
2200 42565896 805 2200 518.355 0
2200 43533466 805 2200 520.199 0
2300 44591012 871 2301 560.505 0
2300 45648560 875 2300 563.904 0
2300 46706110 886 2303 572.456 0
2300 47763658 880 2300 568.272 0
2300 48821212 877 2301 565.063 0
2300 49878764 885 2300 571.473 0
2400 51030294 959 2401 618.929 0
2400 52181822 968 2400 626.766 0
2400 53333356 965 2400 624.008 0
2400 54484888 977 2401 633.998 0
2400 55636414 963 2400 622.546 0
2400 56787942 955 2400 615.956 0
2500 58037450 1049 2500 678.693 0
2500 59286960 1044 2500 675.965 0
2500 60536466 1043 2500 674.108 0
2500 61785972 1040 2500 671.161 0
2500 63035478 1042 2502 674.35 0
2500 64284986 1047 2500 677.28 0
2600 65636476 1127 2600 728.67 0
2600 66987968 1130 2603 730.752 0
2600 68339460 1122 2600 725.428 0
2600 69690948 1130 2600 730.982 0
2600 71042436 1124 2600 726.044 0
2600 72393920 1123 2600 725.817 0
2700 73851394 1228 2700 798.02 0
2700 75308860 1219 2700 789.29 0
2700 76766328 1202 2702 776.467 0
2700 78223800 1219 2701 788.662 0
2700 79681270 1216 2700 787.107 0
2700 81138742 1212 2700 784.117 0
